  0  4.536320  3.859159  3.235732  4.996886  3.695118  2.808746  3.696991  3.756052  5.887018  2.059766
  1  5.028204  4.115935  3.115721  4.996273  3.730382  2.524273  3.795245  3.866148  5.884828  1.785964
  2  5.287254  4.298034  3.159039         -  3.879355  2.338471  3.877754  4.007331         -  1.594355
  3  5.359945  4.172888  3.104460         -  3.748971  2.224956  3.845469  3.866073         -  1.485368
  4  5.433276  4.157020  3.233086         -  3.799748  2.315859  3.805983  3.893609         -  1.497568
  5  5.539290  4.144404  3.241599         -  3.798455  2.297415  3.763771  3.887267         -  1.452395
  6  5.596379  4.187638  3.315008         -  3.861846  2.284218  3.782444  3.944828         -  1.370462
  7  5.687430  4.190462  3.326236         -  3.867374  2.285357  3.752279  3.948128         -  1.351119
  8  5.703505  4.163091  3.387976         -  3.874720  2.341230  3.751408  3.945650         -  1.360347
  9  5.781592  4.070031  3.300819         -  3.776048  2.310800  3.685238  3.846843         -  1.347606
 10  5.805165  4.064512  3.313470         -  3.779260  2.286679  3.710870  3.847740         -  1.237898
 11  5.815409  4.028742  3.329238         -  3.761743  2.321901  3.691885  3.825022         -  1.237285
 12  5.869692  4.004105  3.340162         -  3.750084  2.360207  3.671025  3.809721         -  1.244721
 13  5.896790  4.033692  3.371190         -  3.783292  2.352221  3.698613  3.842171         -  1.177195
 14  5.882852  3.932235  3.324592         -  3.697717  2.395519  3.637468  3.751839         -  1.205674
 15  5.905029  4.047396  3.378783         -  3.796741  2.331790  3.720971  3.855272         -  1.159332
 16  5.907718  4.011003  3.378542         -  3.771580  2.345821  3.706919  3.826754         -  1.222752
 17  5.870911  3.955326  3.368457         -  3.731146  2.359505  3.698786  3.782347         -  1.127402
 18  5.894610  3.993529  3.386044         -  3.761983  2.334402  3.727234  3.814676         -  1.156235
 19  5.861625  4.048005  3.431887         -  3.815617  2.283823  3.788890  3.868540         -  1.171566
 20  5.902518  4.089745  3.472089         -  3.857952  2.285179  3.830221  3.910726         -  1.124695
 21  5.920993  4.104728  3.453691         -  3.857727  2.241821  3.843108  3.913579         -  1.128780
 22  5.891744  4.092508  3.486433         -  3.860637  2.245241  3.851693  3.912632         -  1.120064
 23  5.989676  4.065645  3.424739         -  3.812957  2.231390  3.805718  3.868629         -  1.195149
 24  5.947566  4.108404  3.453637         -  3.851466  2.204340  3.853664  3.908041         -  1.140256
 25  5.955747  4.153713  3.474736         -  3.886627  2.198789  3.888697  3.945194         -  1.084584
 26  5.925449  4.143741  3.499924         -  3.885966  2.191857  3.897889  3.941637         -  1.114915
 27  5.925116  4.141115  3.508887         -  3.886218  2.177197  3.904621  3.941046         -  1.084262
 28  5.915020  4.152011  3.528050         -  3.897028  2.178760  3.918417  3.951337         -  1.079213
 29  5.956354  4.135120  3.518936         -  3.877427  2.202562  3.899491  3.931428         -  1.109176
