 0.50614 0.00000e+00
 0.51841 2.43927e-03
 0.53068 2.41135e-03
 0.54295 2.29149e-03
 0.55522 2.12261e-03
 0.56750 4.08955e-03
 0.57977 3.90767e-03
 0.59204 0.00000e+00
 0.60431 3.60054e-03
 0.61658 1.74187e-03
 0.62885 1.70014e-03
 0.64113 4.81693e-03
 0.65340 1.56721e-03
 0.66567 2.99914e-03
 0.67794 0.00000e+00
 0.69021 1.38808e-03
 0.70249 1.32131e-03
 0.71476 1.31260e-03
 0.72703 1.24269e-03
 0.73930 2.45271e-03
 0.75157 1.17554e-03
 0.76385 3.43091e-03
 0.77612 1.11161e-03
 0.78839 1.09904e-03
 0.80066 3.17027e-03
 0.81293 4.12434e-03
 0.82520 0.00000e+00
 0.83748 4.91467e-03
 0.84975 9.55171e-04
 0.86202 1.87443e-03
 0.87429 1.85757e-03
 0.88656 9.04355e-04
 0.89884 1.77701e-03
 0.91111 5.25090e-03
 0.92338 8.55457e-04
 0.93565 8.48565e-04
 0.94792 1.67110e-03
 0.96020 8.23608e-04
 0.97247 2.44315e-03
 0.98474 1.60975e-03
 0.99701 0.00000e+00
 1.00928 0.00000e+00
 1.02155 7.81092e-04
 1.03383 1.55204e-03
 1.04610 4.61510e-03
 1.05837 2.29604e-03
 1.07064 1.52331e-03
 1.08291 1.51920e-03
 1.09519 1.51290e-03
 1.10746 1.50910e-03
 1.11973 2.25972e-03
 1.13200 1.50553e-03
 1.14427 2.25804e-03
 1.15655 4.52089e-03
 1.16882 2.26276e-03
 1.18109 1.51280e-03
 1.19336 7.57940e-04
 1.20563 0.00000e+00
 1.21790 2.29643e-03
 1.23018 3.84698e-03
 1.24245 2.32168e-03
 1.25472 7.76487e-04
 1.26699 1.56866e-03
 1.27926 1.58066e-03
 1.29154 7.94098e-04
 1.30381 1.60266e-03
 1.31608 4.05209e-03
 1.32835 1.64333e-03
 1.34062 3.31507e-03
 1.35290 0.00000e+00
 1.36517 8.43770e-04
 1.37744 1.70969e-03
 1.38971 6.06158e-03
 1.40198 8.73186e-04
 1.41425 2.65361e-03
 1.42653 2.69345e-03
 1.43880 9.12587e-04
 1.45107 9.22911e-04
 1.46334 0.00000e+00
 1.47561 3.78301e-03
 1.48789 3.80497e-03
 1.50016 9.59693e-04
 1.51243 9.72226e-04
 1.52470 1.97413e-03
 1.53697 1.00421e-03
 1.54925 3.03939e-03
 1.56152 1.02540e-03
 1.57379 2.06197e-03
 1.58606 1.04218e-03
 1.59833 4.20576e-03
 1.61060 1.06305e-03
 1.62288 0.00000e+00
 1.63515 2.16591e-03
 1.64742 4.35810e-03
 1.65969 2.19749e-03
 1.67196 1.10905e-03
 1.68424 1.11355e-03
 1.69651 4.47037e-03
 1.70878 4.49446e-03
 1.72105 2.25687e-03
 1.73332 2.26483e-03
 1.74560 4.54270e-03
 1.75787 2.27509e-03
 1.77014 1.13983e-03
 1.78241 1.14079e-03
 1.79468 0.00000e+00
 1.80695 0.00000e+00
 1.81923 1.13960e-03
 1.83150 2.27755e-03
 1.84377 1.13706e-03
 1.85604 1.13339e-03
 1.86831 1.13276e-03
 1.88059 3.38555e-03
 1.89286 1.12576e-03
 1.90513 3.36104e-03
 1.91740 1.11737e-03
 1.92967 4.44950e-03
 1.94195 2.21338e-03
 1.95422 2.20158e-03
 1.96649 0.00000e+00
 1.97876 2.17991e-03
 1.99103 0.00000e+00
 2.00330 2.15760e-03
 2.01558 2.14527e-03
 2.02785 3.20272e-03
 2.04012 3.18769e-03
 2.05239 2.11793e-03
 2.06466 1.05182e-03
 2.07694 2.09172e-03
 2.08921 2.08303e-03
 2.10148 2.07183e-03
 2.11375 2.06175e-03
 2.12602 1.02656e-03
 2.13830 2.04237e-03
 2.15057 4.06983e-03
 2.16284 1.01273e-03
 2.17511 1.00793e-03
 2.18738 1.00473e-03
 2.19965 0.00000e+00
 2.21193 9.96817e-04
 2.22420 1.98686e-03
 2.23647 3.96099e-03
 2.24874 1.97375e-03
 2.26101 9.85551e-04
 2.27329 1.96410e-03
 2.28556 2.93876e-03
 2.29783 3.91081e-03
 2.31010 9.76298e-04
 2.32237 9.73185e-04
 2.33465 1.94443e-03
 2.34692 0.00000e+00
 2.35919 2.90889e-03
 2.37146 9.68542e-04
 2.38373 2.90398e-03
 2.39600 2.90280e-03
 2.40828 9.67073e-04
 2.42055 9.67010e-04
 2.43282 9.66950e-04
 2.44509 9.67004e-04
 2.45736 0.00000e+00
 2.46964 0.00000e+00
 2.48191 1.93659e-03
 2.49418 9.69163e-04
 2.50645 1.94008e-03
 2.51872 0.00000e+00
 2.53100 1.94408e-03
 2.54327 5.83830e-03
 2.55554 2.92236e-03
 2.56781 9.75318e-04
 2.58008 5.86149e-03
 2.59235 0.00000e+00
 2.60463 2.94011e-03
 2.61690 1.96411e-03
 2.62917 2.94988e-03
 2.64144 2.95463e-03
 2.65371 1.97242e-03
 2.66599 1.97552e-03
 2.67826 2.96872e-03
 2.69053 1.98355e-03
 2.70280 1.98666e-03
 2.71507 2.98680e-03
 2.72735 0.00000e+00
 2.73962 0.00000e+00
 2.75189 3.00159e-03
 2.76416 4.00654e-03
 2.77643 1.00253e-03
 2.78870 2.00979e-03
 2.80098 1.00537e-03
 2.81325 4.02847e-03
 2.82552 1.00889e-03
 2.83779 0.00000e+00
 2.85006 3.03176e-03
 2.86234 0.00000e+00
 2.87461 2.02487e-03
 2.88688 4.05350e-03
 2.89915 3.04109e-03
 2.91142 2.02852e-03
 2.92370 2.02955e-03
 2.93597 1.01495e-03
 2.94824 2.03019e-03
 2.96051 4.06050e-03
 2.97278 2.03012e-03
 2.98505 1.01491e-03
 2.99733 1.01433e-03
 3.00960 0.00000e+00
 3.02187 1.01362e-03
 3.03414 1.01232e-03
 3.04641 3.03462e-03
 3.05869 1.01049e-03
 3.07096 3.02952e-03
 3.08323 2.01672e-03
 3.09550 2.01475e-03
 3.10777 3.01734e-03
 3.12005 4.01687e-03
 3.13232 2.00427e-03
 3.14459 2.00072e-03
 3.15686 1.99783e-03
 3.16913 3.98783e-03
 3.18140 1.98991e-03
 3.19368 9.92930e-04
 3.20595 9.90158e-04
 3.21822 1.97778e-03
 3.23049 2.95865e-03
 3.24276 3.93440e-03
 3.25504 9.82236e-04
 3.26731 1.95619e-03
 3.27958 4.88259e-03
 3.29185 3.89468e-03
 3.30412 3.88408e-03
 3.31640 0.00000e+00
 3.32867 9.66559e-04
 3.34094 2.89166e-03
 3.35321 4.80047e-03
 3.36548 2.87223e-03
 3.37775 9.55022e-04
 3.39003 9.53397e-04
 3.40230 3.79835e-03
 3.41457 3.78790e-03
 3.42684 0.00000e+00
 3.43911 0.00000e+00
 3.45139 9.37752e-04
 3.46366 1.87284e-03
 3.47593 9.34837e-04
 3.48820 9.30545e-04
 3.50047 1.85746e-03
 3.51275 2.77817e-03
 3.52502 0.00000e+00
 3.53729 9.21324e-04
 3.54956 1.83749e-03
 3.56183 1.83203e-03
 3.57410 9.14036e-04
 3.58638 1.82354e-03
 3.59865 9.09650e-04
 3.61092 0.00000e+00
 3.62319 2.71995e-03
 3.63546 2.71400e-03
 3.64774 9.03182e-04
 3.66001 2.70311e-03
 3.67228 1.79867e-03
 3.68455 1.79579e-03
 3.69682 2.68772e-03
 3.70910 8.94208e-04
 3.72137 8.93017e-04
 3.73364 3.56742e-03
 3.74591 1.78147e-03
 3.75818 4.44945e-03
 3.77045 1.77739e-03
 3.78273 8.87624e-04
 3.79500 0.00000e+00
 3.80727 2.65815e-03
 3.81954 1.77102e-03
 3.83181 2.65383e-03
 3.84409 2.65307e-03
 3.85636 3.53550e-03
 3.86863 1.76713e-03
 3.88090 8.83318e-04
 3.89317 3.53270e-03
 3.90545 1.76627e-03
 3.91772 1.76633e-03
 3.92999 3.53360e-03
 3.94226 1.76695e-03
 3.95453 0.00000e+00
 3.96680 8.84224e-04
 3.97908 0.00000e+00
 3.99135 8.85361e-04
 4.00362 2.65846e-03
 4.01589 1.77455e-03
 4.02816 4.44092e-03
 4.04044 2.66689e-03
 4.05271 3.56068e-03
 4.06498 0.00000e+00
 4.07725 0.00000e+00
 4.08952 1.78818e-03
 4.10180 3.58243e-03
 4.11407 0.00000e+00
 4.12634 1.79781e-03
 4.13861 9.01526e-04
 4.15088 4.51334e-03
 4.16315 1.80980e-03
 4.17543 3.62658e-03
 4.18770 1.81842e-03
 4.19997 3.64690e-03
 4.21224 1.82644e-03
 4.22451 0.00000e+00
 4.23679 2.75616e-03
 4.24906 9.20798e-04
 4.26133 9.24015e-04
 4.27360 4.64070e-03
 4.28587 2.78830e-03
 4.29815 2.80293e-03
 4.31042 9.36949e-04
 4.32269 3.75872e-03
 4.33496 3.76946e-03
 4.34723 2.83915e-03
 4.35950 9.50491e-04
 4.37178 2.86315e-03
 4.38405 3.83018e-03
 4.39632 1.92154e-03
 4.40859 1.93205e-03
 4.42086 3.87596e-03
 4.43314 9.72934e-04
 4.44541 0.00000e+00
 4.45768 2.94362e-03
 4.46995 0.00000e+00
 4.48222 9.90449e-04
 4.49450 0.00000e+00
 4.50677 3.99346e-03
 4.51904 4.00991e-03
 4.53131 2.01220e-03
 4.54358 2.02428e-03
 4.55585 2.03353e-03
 4.56813 6.12082e-03
 4.58040 2.04896e-03
 4.59267 3.08885e-03
 4.60494 2.06938e-03
 4.61721 1.03987e-03
 4.62949 2.08377e-03
 4.64176 1.04821e-03
 4.65403 4.21005e-03
 4.66630 2.10951e-03
 4.67857 0.00000e+00
 4.69085 3.19243e-03
 4.70312 3.20455e-03
 4.71539 1.07376e-03
 4.72766 1.07677e-03
 4.73993 1.08042e-03
 4.75220 0.00000e+00
 4.76448 2.17422e-03
 4.77675 2.18429e-03
 4.78902 1.09302e-03
 4.80129 1.09745e-03
 4.81356 1.10121e-03
 4.82584 2.20544e-03
 4.83811 1.10644e-03
 4.85038 2.21460e-03
 4.86265 2.21883e-03
 4.87492 1.11141e-03
 4.88720 0.00000e+00
 4.89947 2.22993e-03
 4.91174 2.23091e-03
 4.92401 3.34864e-03
 4.93628 4.46686e-03
 4.94855 3.35073e-03
 4.96083 1.11665e-03
 4.97310 2.23270e-03
 4.98537 0.00000e+00
 4.99764 2.22944e-03
 5.00991 1.11266e-03
 5.02219 2.22269e-03
 5.03446 1.11013e-03
 5.04673 2.21254e-03
 5.05900 3.31551e-03
 5.07127 1.10037e-03
 5.08355 2.19773e-03
 5.09582 1.09531e-03
 5.10809 3.27022e-03
 5.12036 5.43802e-03
 5.13263 2.16333e-03
 5.14490 1.07679e-03
 5.15718 3.21334e-03
 5.16945 0.00000e+00
 5.18172 5.31312e-03
 5.19399 1.05709e-03
 5.20626 1.05290e-03
 5.21854 0.00000e+00
 5.23081 2.07505e-03
 5.24308 4.12284e-03
 5.25535 2.04958e-03
 5.26762 3.05452e-03
 5.27990 1.01258e-03
 5.29217 4.01739e-03
 5.30444 1.00094e-03
 5.31671 9.90094e-04
 5.32898 2.94904e-03
 5.34125 3.90105e-03
 5.35353 9.72309e-04
 5.36580 9.58626e-04
 5.37807 2.86770e-03
 5.39034 2.84204e-03
 5.40261 4.70045e-03
 5.41489 1.86518e-03
 5.42716 2.78358e-03
 5.43943 1.84503e-03
 5.45170 0.00000e+00
 5.46397 2.72465e-03
 5.47625 3.59584e-03
 5.48852 5.35496e-03
 5.50079 1.77437e-03
 5.51306 2.64193e-03
 5.52533 3.50068e-03
 5.53760 8.65742e-04
 5.54988 3.45554e-03
 5.56215 2.57552e-03
 5.57442 0.00000e+00
 5.58669 8.46666e-04
 5.59896 1.68444e-03
 5.61124 1.67494e-03
 5.62351 0.00000e+00
 5.63578 1.65653e-03
 5.64805 3.29299e-03
 5.66032 1.64465e-03
 5.67260 2.45368e-03
 5.68487 2.44057e-03
 5.69714 2.43462e-03
 5.70941 1.61646e-03
 5.72168 8.06250e-04
 5.73395 1.60746e-03
 5.74623 8.01662e-04
 5.75850 1.59977e-03
 5.77077 1.59685e-03
 5.78304 2.39268e-03
 5.79531 1.59386e-03
 5.80759 1.59275e-03
 5.81986 3.18450e-03
 5.83213 7.96211e-04
 5.84440 3.98369e-03
 5.85667 3.18968e-03
 5.86895 7.99103e-04
 5.88122 1.59941e-03
 5.89349 3.20871e-03
 5.90576 0.00000e+00
 5.91803 0.00000e+00
 5.93030 2.42398e-03
 5.94258 1.62314e-03
 5.95485 2.44762e-03
 5.96712 1.63742e-03
 5.97939 2.47135e-03
 5.99166 1.66140e-03
 6.00394 1.67040e-03
 6.01621 3.35650e-03
 6.02848 0.00000e+00
 6.04075 8.51125e-04
 6.05302 1.71496e-03
 6.06530 8.65480e-04
 6.07757 8.72075e-04
 6.08984 1.76381e-03
 6.10211 8.90338e-04
 6.11438 2.69091e-03
 6.12665 9.06829e-04
 6.13893 2.76078e-03
 6.15120 2.79323e-03
 6.16347 9.43753e-04
 6.17574 9.55369e-04
 6.18801 2.89722e-03
 6.20029 2.94260e-03
 6.21256 9.90539e-04
 6.22483 0.00000e+00
 6.23710 4.10962e-03
 6.24937 0.00000e+00
 6.26165 2.12086e-03
 6.27392 1.08291e-03
 6.28619 2.19605e-03
 6.29846 1.11975e-03
 6.31073 1.14499e-03
 6.32300 3.49050e-03
 6.33528 3.56677e-03
 6.34755 1.21371e-03
 6.35982 2.46303e-03
 6.37209 1.26087e-03
 6.38436 0.00000e+00
 6.39664 0.00000e+00
 6.40891 0.00000e+00
 6.42118 0.00000e+00
 6.43345 2.78727e-03
 6.44572 4.32952e-03
 6.45800 1.46447e-03
 6.47027 1.50077e-03
 6.48254 3.10887e-03
 6.49481 3.19235e-03
 6.50708 0.00000e+00
 6.51935 0.00000e+00
 6.53163 5.22737e-03
 6.54390 5.35544e-03
 6.55617 5.49003e-03
 6.56844 0.00000e+00
 6.58071 0.00000e+00
 6.59299 0.00000e+00
 6.60526 0.00000e+00
 6.61753 4.23425e-03
 6.62980 2.24102e-03
 6.64207 0.00000e+00
 6.65435 0.00000e+00
 6.66662 2.40803e-03
 6.67889 0.00000e+00
 6.69116 2.64794e-03
 6.70343 0.00000e+00
 6.71570 2.76396e-03
 6.72798 0.00000e+00
 6.74025 6.04743e-03
 6.75252 0.00000e+00
 6.76479 0.00000e+00
 6.77706 0.00000e+00
