# npar = 1, n_ded = 0
#         weight            chi2        param[0]
#                                     alpha_topo
     0.433060889              -9      1.48922893
     0.463440858              -4      3.23757058
     0.456536393              -1       3.2713726
      1.08096653              -0       6.5532462
     0.266176941              -0      5.92727257
      1.08677078              -0      6.55569505
     0.411590138              -1      3.47030995
     0.354693809              -7      3.90404092
     0.236915698              -9      1.26860759
     0.494001308              -2      2.95500104
     0.210935131              -9      1.21726976
     0.327442075              -0      5.55716046
     0.455109626              -2      2.57547748
     0.284253948              -0      5.65281291
     0.435445169              -4      4.38325991
     0.422986354              -6      4.34285174
     0.309097661              -9      1.36256964
     0.455393078              -7      3.27678234
     0.571965104              -1      4.80116443
      0.36060024              -1      4.03243473
     0.304183384              -4      6.01670187
     0.439288955              -4      3.34949979
      0.43992165              -6      4.39721073
     0.330944344              -7      5.55046503
     0.346329531              -0      5.52209994
     0.464627574              -4      2.64784373
     0.474804515              -5      2.71992999
     0.479218666              -5      2.75291138
     0.386810216              -7      3.58917758
     0.257904768              -1      5.74630209
     0.360342533              -7      4.02962689
     0.459079801              -5      2.60720039
     0.469466956              -0      6.20760448
     0.274139913              -9     0.971101075
     0.200817392              -4      1.18583253
     0.265701279              -9      1.31048932
     0.451580145              -5      2.54332004
     0.452529883              -2      3.29014398
      0.19599827              -9      1.15907267
      0.54742934              -5      2.02244856
      1.15164077              -9     0.582074731
      0.54740103              -0      5.16127015
      0.96948246              -9     0.635955782
     0.573148295              -1       6.2866305
     0.497230911              -1      4.56211626
     0.217509452              -9      1.04731041
      0.34363669              -0      5.52695631
     0.489149743              -1      2.84433732
     0.195914355              -9      1.15831198
     0.360803602              -7      4.03460735
      0.57341365              -9     0.782532134
     0.531348773              -2      4.65957546
     0.589364745              -4      4.93478345
     0.881362852              -9     0.664366456
     0.388019139              -7       4.2081441
     0.476638402              -4      3.16406568
     0.461963181              -2      2.62866755
     0.261160512              -0      5.73005862
     0.355699418              -2      3.85114888
     0.587656839              -1      4.99476242
     0.450096666              -5      3.30131616
      0.45614398              -4      5.33907465
     0.431645065              -1      4.37119963
     0.946193122              -0      6.49368461
     0.584111247              -2       1.9307713
     0.213462919              -9      1.05561464
     0.252414426              -0      5.78720494
     0.458237281              -6       2.2856081
     0.367053574              -0      5.48589122
     0.371890804              -4      4.12237406
     0.580313956              -5      1.94131241
     0.582927051              -0      4.86056152
     0.574591058              -9      1.66218978
     0.358382322              -7      3.80167884
     0.380715791              -1      4.17259142
     0.322854072              -9     0.927471131
     0.580694125              -1      4.84612323
     0.394192941              -4      4.23541045
     0.507815757              -4      2.11773674
     0.418931266              -7      4.32909425
     0.472397502              -5      2.22363768
     0.450837105              -2      2.33426535
     0.478225614              -2      4.50903058
     0.452141284              -9     0.842954461
     0.579137951              -4      5.05501832
     0.362568021              -7      3.75324134
     0.355035568              -2      3.93549258
     0.358031608              -1      4.00081755
     0.450521938              -2      2.53238933
     0.589373815              -1      4.93514435
     0.850332288              -0       6.4475897
     0.494789698              -5       2.1525926
     0.252827772              -0      5.78265076
     0.508396429              -4      5.24627967
     0.492398723              -6      2.89271438
     0.278460114              -1      5.96293895
     0.380652344              -7      4.17226296
     0.461049169              -1      3.24952619
     0.432370008              -1      4.37351682
     0.541247308              -0       5.1764205
     0.448718038              -5      2.51131607
     0.462988202              -5      2.63610174
     0.370755633              -1      3.68603675
     0.343366639              -9      1.39923629
      0.54011212              -9      1.60886189
     0.589037613              -7      4.92511005
     0.251003711              -0      5.81529029
     0.391084234              -0      6.13333388
     0.402273663              -2      3.51271991
     0.582685272              -4      4.85890059
     0.588984738              -0      4.92388556
      0.28430395              -2      5.65267933
       1.0218502              -0      6.52778533
     0.448599786              -2      4.42357663
      1.06121188              -9     0.608095528
     0.550137271              -2      4.71846786
     0.603626331              -5      1.86286931
      0.46642359              -9     0.835159736
     0.505191424              -4      2.12452335
     0.566621758              -7      4.77839069
     0.374647472              -0      5.47302727
     0.205757545              -9      1.07453516
     0.606142357              -9      1.74749932
     0.461600097              -4      3.24679787
     0.459633936              -7      4.45606259
     0.541888228              -7      4.69180859
     0.443390419              -0      6.18474324
     0.222234525              -9      1.03852899
     0.248424889              -9      1.28645847
     0.359547247              -4      4.02053024
     0.513744196              -4      2.10274646
     0.541291063              -7      4.68993442
     0.419844608              -9      1.47601319
     0.464418532              -4      2.25567564
     0.564314082              -1      1.98224318
     0.375146627              -7      3.65658003
     0.372898213              -4      4.12866113
     0.454985382              -5      2.30444279
     0.498258692              -4      4.56498389
     0.589548921              -2      4.94875702
     0.579805606              -0      5.05161143
     0.467394409              -2      3.21708623
     0.493712899              -2       2.9293201
     0.375307317              -4      4.14303776
      0.29948728              -7      5.61535852
     0.194823562              -9      1.14122085
     0.445303126              -4      4.41365714
     0.479673199              -5       3.1442433
     0.432952063              -2      3.37709701
     0.357473082              -6      3.81540587
        0.396459              -7      4.24491664
     0.507973804              -7      5.24709582
     0.410328127              -2      4.29866516
     0.276330127              -0       5.6752301
     0.636365287              -0       6.3283019
     0.574620899              -4      5.07564213
     0.544029713              -9     0.796116522
     0.451534292              -1      4.43231723
     0.457771515              -5      2.28813981
     0.427140342              -0      5.38682304
     0.415191011              -0      5.40627478
     0.359665328              -9      1.41593857
     0.458443571              -7      2.60231938
     0.540270557              -1      5.17874413
     0.435141533              -1      3.36759212
      0.47657521              -2      4.50438982
     0.255639797              -0      5.75991063
     0.251335661              -0      5.80393335
     0.387501656              -5      1.44387037
     0.507200944              -4        4.590015
     0.474506465              -4      2.71777164
      1.28590309              -0      6.63498343
     0.283443366              -0      5.65499049
     0.387052896              -6      4.20366935
     0.433108499              -9     0.853700903
      0.58451219              -1      5.02313856
     0.416384923              -1      4.32027499
     0.196171831              -9      1.16056732
     0.428196815              -1      4.36006439
      0.39406808              -7      4.23487947
     0.466763832              -2      2.66296093
     0.928267474              -9     0.649024745
     0.483172534              -9      1.54113579
     0.215354614              -9       1.2278217
     0.470485175              -6      2.23083169
     0.589598235              -5       1.6933096
     0.485921546              -5      2.80999327
     0.609648421              -5      1.82321398
     0.355038773              -2      3.93563687
     0.468274857              -2      2.67358887
     0.503041191              -9     0.816100583
     0.450755044              -1      2.33495908
     0.266572273              -0      5.70776822
     0.608735607              -5      1.83194007
     0.580375336              -5      1.94114542
      0.21362819              -9      1.22383932
     0.425414534              -1      3.40973506
     0.244679535              -5      1.28084647
     0.482616469              -1         4.52134
     0.552954174              -0      5.14670937
     0.195842622              -9      1.15763916
     0.493129967              -2      2.90949914
     0.588143418              -1      4.90905644
      0.48056739              -2      3.13806534
     0.402954735              -0      6.14578664
     0.528408575              -9        1.593597
     0.284912803              -9     0.960455771
     0.454226404              -4      3.28225742
     0.522579683              -9     0.806412526
     0.400958926              -0      6.14372973
     0.424932811              -9      1.48108927
     0.491186515              -4      2.87167168
     0.402373269              -9     0.872046615
     0.437615185              -1      3.35681829
     0.425244378              -6      3.41047231
     0.480400801              -7      2.76218791
     0.357827704              -0      5.50178312
     0.451827311              -5      2.54576383
     0.460135676              -0      5.33238153
     0.520899534              -1      4.62895572
     0.455346313              -7      3.27700266
     0.301955384              -0      6.01268405
      0.53895392              -4      2.04229516
     0.354745659              -7      3.91664328
     0.490417394              -4      3.04909002
      0.60313751              -9      1.73389741
     0.385800802              -4      4.19777591
      1.19612995              -9     0.569734904
     0.355404022              -4      3.85971438
     0.406723889              -2      5.42006423
      1.04586452              -0      6.53824515
      0.81052047              -0       6.4273261
     0.532915428              -0      6.25782959
     0.276563087              -0      5.95807351
     0.478992447              -7      3.14883491
       0.2673237              -9      1.31261817
     0.215858343              -9      1.05059853
     0.284141642              -9      1.33371272
     0.490592713              -6      3.04677563
     0.336653459              -5       1.3922443
     0.565900811              -6      1.97835669
     0.586525024              -5      1.68621209
     0.376580064              -7      4.15030182
     0.606256634              -5      1.74809517
     0.510940124              -5      2.10978218
      0.40611816              -0      6.14901797
     0.447848923              -5      2.36459622
     0.492716374              -4      2.89941731
     0.215336945              -9      1.05166428
     0.366148953              -9      1.42249707
     0.578610985              -4      5.05763022
     0.491478611              -4      2.87626855
     0.428289162              -4      3.39728901
     0.352409702              -9       1.4085457
     0.445929191              -5      2.39808176
     0.480150779              -6      2.76020567
     0.485125201              -4      3.10319115
     0.407809531              -9     0.868703456
     0.594505074              -5      1.70581997
     0.447591833              -0      6.18853228
     0.210308183              -9      1.06275683
     0.269069412              -9      1.31488822
      0.38463615              -6      4.19219235
     0.884949523              -0      6.46464819
     0.360335914              -4      4.02955394
     0.473160769              -4      3.18507563
     0.584784398              -9     0.777423043
     0.417560897              -1      4.32436617
     0.484325356              -4      2.79517805
       0.5679148              -1      4.78368672
      1.22804872              -0      6.61281796
     0.609120826              -5       1.8285371
     0.354903602              -6      3.88023628
      0.40698876              -4      3.49102403
       0.2762178              -0      5.95716797
     0.452085917              -2      2.54828225
     0.562035193              -1      4.76047431
     0.564456382              -7      5.11277272
     0.364318589              -1      3.73684709
     0.362819437              -0      6.10123442
     0.295770496              -7     0.950378198
     0.750984827              -9     0.710105655
     0.297556629              -1      6.00447221
     0.196681622              -9      1.16448827
     0.337105109              -5      1.39271712
     0.487827716              -5      2.82935669
     0.403783658              -1      5.42486142
     0.450996765              -5      2.53739522
     0.475245973              -4       3.1726672
     0.269760983              -0      5.93887092
     0.431144492              -5      1.48730579
     0.548820801              -0      5.15763569
     0.217985468              -9      1.23360365
     0.460544684              -5      2.61822469
     0.589543072              -0      4.95181116
     0.465546606              -5      2.65436655
     0.355816899              -6      3.84809666
     0.500794334              -0      6.23324352
      1.59824059              -0      6.74508174
     0.446555081              -6      2.38419255
     0.406325485              -2      4.28382968
     0.302830252              -9      0.94412625
      1.30817739              -9     0.539842882
     0.515481471              -0      5.23235308
     0.467931912              -5      2.24087384
     0.355927925              -1      3.96321556
     0.359203716              -2      4.01637008
     0.493930994              -5      2.94280756
     0.444959726              -2      3.32446084
     0.437986269              -7      4.39121128
      0.48682818              -4      3.08808497
     0.448390091              -5       2.5070016
     0.334502434              -0      6.06442615
     0.397029799              -1      3.53757788
     0.464090439              -2       2.6440135
     0.570011363              -0      5.09366041
     0.583447855              -7         5.03048
      0.43783183              -9      1.49402918
     0.465445192              -5      3.22730895
     0.218058325              -9       1.0462448
     0.339535438              -9      1.39525522
     0.477380594              -1      4.50665555
     0.398216134              -7      5.43396548
     0.361295943              -1      3.76626343
      1.04107713              -0      6.53617304
     0.365653633              -9     0.895935766
     0.222788886              -9      1.24343212
     0.493138107              -5      2.90971874
     0.361656364              -7      4.04334545
     0.504053387              -4      1.56435554
     0.600335244              -5      1.87730159
     0.424296957              -4      3.41457908
     0.423453739              -0      5.39282809
     0.517887414              -5      2.09250641
     0.446408667              -2      2.38701458
     0.466490228              -5      2.24679614
     0.491937893              -5      2.88403788
     0.483696883              -5      2.18537745
     0.496320918              -5      2.14832482
     0.278400943              -4      5.66910613
     0.610698366              -4      1.78824677
     0.453223643              -0      5.34394674
      0.21627548              -9      1.22988242
     0.394338816              -2      4.23602982
     0.367984275              -4      4.09608103
      0.44865476              -1      2.35508839
     0.499928562              -7      5.26235589
     0.585724367              -1      5.01373575
     0.293665688              -0      5.99686306
     0.483764603              -2      3.11431257
     0.341380356              -9     0.913234772
     0.946971969              -0      6.49404517
     0.355012129              -1      3.93441608
     0.194949249              -9       1.1454142
      0.46388057              -6      3.23533946
      1.14588574              -9     0.583692216
     0.450066717              -4      3.30145274
     0.451268362              -5      2.54018236
      0.36071169              -6      5.49678055
     0.270617071              -0      5.94146705
     0.375987163              -9      1.43237995
     0.589281294              -1      4.93180672
     0.479736378              -6      4.51327153
      0.51126252              -0      6.24142962
     0.452322984              -2      3.29110008
     0.493571389              -4      2.92340739
     0.344889638              -0      5.52469158
     0.609851806              -5        1.774084
     0.501856377              -4      4.57503352
     0.471566229              -2      2.69676478
     0.279433047              -0      5.96536654
     0.648666231              -0      6.33598281
     0.514356878              -1      4.61023222
      0.29331198              -0      5.99615368
     0.541909885              -5      2.03537378
     0.461733599              -9     0.837695285
     0.250961222              -0      5.82089509
      0.28779358              -5      1.33809316
     0.283892111              -0      5.65378211
     0.482720389              -0      5.29354331
     0.368079147              -7      4.09676176
     0.492318421              -7      2.89112404
     0.484138375              -4      4.52559623
     0.356194455              -7      3.83922898
     0.196937813              -9      1.10951331
      1.57251435              -0       6.7365347
     0.446118012              -5      2.39329884
     0.453266793              -6      3.28672878
     0.357788726              -4      3.81042242
     0.360575155              -1      4.03216415
     0.468381752              -5      2.67433996
     0.357292955              -1      3.81837396
      0.44549199              -5      2.41435013
     0.514770854              -5      2.10019269
     0.546794465              -0      5.16280589
     0.435574696              -2      3.36570858
     0.373031175              -1      3.67038615
     0.450891722              -0      5.34782359
     0.525675767              -5      2.07366127
     0.462784763              -4      2.63463269
     0.575382567              -7       4.8172588
      0.49605822              -4      4.55884555
     0.608356358              -7      1.76083942
     0.460614301              -2      2.27337034
     0.376410992              -4      4.14934892
      1.06593421              -0      6.54686277
     0.259797806              -0      5.73650409
       1.1923862              -9     0.570762367
     0.196269257              -9      1.16136578
     0.371791105              -7      3.67880181
     0.404745814              -1      3.50127744
      0.63013916              -9     0.757776772
     0.469017583              -0       5.3173263
      0.48364341              -0        5.291912
     0.364913548              -4      3.73159847
     0.455420983              -1      3.27665084
      0.46138365              -6      3.24787152
     0.584576102              -7      5.02267369
     0.201821611              -5      1.18975082
     0.540044218              -4      5.17927967
     0.585487064              -5       1.9268338
     0.558501307              -1      5.13109615
     0.253975477              -0      5.77212717
     0.255403489              -0      5.87898431
     0.484027716              -4      2.79252404
     0.587702083              -7      4.90309318
     0.493204519              -4      2.99988136
     0.405324052              -4      3.49862306
     0.251811947              -0      5.84657139
     0.923173434              -0      6.48293222
     0.493775824              -5      2.97936773
     0.530522392              -0      5.20092613
      0.35780713              -1      3.81013967
     0.314764176              -9     0.934023978
     0.806897845              -9     0.689877639
     0.455504653              -6      2.57879388
     0.372715223              -6      3.67250609
     0.657205688              -0      6.34124207
     0.354705399              -4      3.89883894
     0.757598562              -9     0.707659772
     0.508730509              -7      4.59431856
      0.56371559              -0      5.11515837
     0.258777872              -0      5.89761596
     0.672651428              -0      6.35060983
     0.424455812              -9      1.48061286
     0.194814551              -9      1.13465513
     0.492550473              -5      1.55139898
     0.263569223              -9     0.982305923
      0.59223599              -5       1.6998271
     0.196808015              -9      1.16537643
     0.590117321              -9      1.69455835
     0.556120817              -9      1.63164146
     0.481264642              -4      4.51755537
     0.363156222              -6      3.74755814
     0.481504106              -1      2.77108095
     0.566085194              -9       1.6473825
     0.593603939              -5      1.90182474
     0.374082918              -6      3.66344095
      0.30894416              -0       5.5945233
     0.269368331              -0      5.69767841
     0.916989879              -0      6.48001157
     0.305761445              -0      6.01949455
     0.454308723              -1      5.34213875
     0.489749017              -6      2.85171951
     0.527775459              -5       1.5927976
     0.589301898              -7      4.96578442
     0.470884868              -7      2.69195025
     0.393405757              -1      3.55532426
     0.361877958              -4      3.76017032
     0.362110864              -7       3.7577979
     0.483614511              -0      5.29196313
     0.332925579              -0      5.54672079
     0.556451484              -7      5.13700764
     0.592742795              -5      1.90465866
     0.562957665              -0      4.76398035
      0.45758537              -0      6.19737702
     0.258052404              -9      1.30018171
      0.33427746              -9      1.38975088
     0.460857584              -4      4.45960716
     0.380172572              -2      4.16976667
     0.505813813              -0      6.23719081
     0.425599769              -5      1.48175562
     0.532409331              -1      4.66274757
     0.354896196              -7      3.92838152
     0.482173003              -4      4.52009891
     0.386401698              -7      3.59135396
     0.460578329              -6      5.33163673
     0.493977803              -2      2.94832079
     0.451036152              -2      3.29702062
      1.03976645              -0      6.53560462
      0.59859484              -5      1.88414113
     0.483108854              -1      3.11942987
     0.552942273              -1      4.72792376
     0.366332812              -0      5.48712162
     0.542353977              -7      6.26477065
     0.491216028              -7      3.03803288
     0.258396636              -0      5.89575275
     0.269782506              -0      5.69624535
     0.483073957              -4      3.11969822
     0.492502499              -6       3.0161641
     0.216921942              -9      1.23130475
     0.455202053              -5      2.30309308
     0.587494084              -0       4.9966625
     0.362260839              -6      4.04921815
      0.39096225              -7      3.56760665
     0.415626387              -4      4.31761896
     0.503397461              -9     0.815921113
     0.356500013              -1      3.83283424
     0.538102632              -5      2.04429019
     0.369803542              -4      3.69287389
     0.589947056              -5      1.91352751
     0.470565727              -5      2.23052332
     0.464127283              -2      2.64427671
      0.35402791              -1      5.50842792
     0.536201352              -5      2.04875054
     0.571686585              -9      1.65696266
     0.354704337              -1       3.8991056
     0.413847117              -4      4.31133424
     0.365823689              -1      3.72383589
     0.387054475              -4      4.20367671
     0.484557261              -1      3.10792259
     0.630983784              -0      6.32490126
     0.354766645              -6       3.8902398
     0.441676992              -2      3.33900734
      0.35319769              -0      5.50988836
     0.362681374              -1      4.05316626
     0.333087892              -1      5.54641537
     0.356320215              -6      3.83652607
     0.576418182              -0      4.82245395
     0.431249097              -2      3.38447639
     0.362724161              -4      4.05356207
     0.354694529              -2      3.90305417
     0.489613708              -4      2.85001392
      0.46503466              -5      2.25298588
     0.326170624              -0      5.55961672
     0.588323706              -4      4.91175213
     0.597494513              -2      1.71440643
     0.511793159              -2      4.60296304
     0.195126482              -9      1.12648557
      0.27911262              -0      5.66704896
     0.300218812              -0      6.00948823
     0.455439526              -1       2.5782501
     0.530210715              -4      4.65618655
     0.426127103              -9      1.48228266
     0.265554732              -0      5.71164429
     0.383651556              -0      5.45797596
      0.56420525              -2      5.11358524
     0.251714709              -2      5.84507583
     0.362697064              -0      5.49335576
     0.683706048              -9      0.73589567
     0.210868788              -9      1.06143652
     0.413579099              -1      6.15650416
     0.447704523              -4       4.4208937
     0.355430467              -4      3.85888314
     0.491474264              -4       5.2778951
     0.456402507              -4      2.29588148
     0.450806226              -5      1.50719473
     0.442408458              -7      3.33577951
     0.251245408              -7       5.8061444
     0.403436362              -1      4.27280743
     0.217584619              -9      1.23274301
     0.461625965              -4      2.62620271
     0.356410478              -0      6.09337818
     0.303710229              -0      5.60587414
     0.509124334              -4      5.24487034
     0.561206697              -5      1.63949217
     0.364713504              -2      3.73334699
     0.477165312              -1      4.50605011
     0.197744919              -9      1.10468013
     0.449641557              -2      3.30338931
     0.252752497              -0      5.85799667
     0.441340806              -0      6.18287898
     0.228547729              -9      1.02793859
     0.479519643              -5      2.75525091
     0.369833453              -0       6.1095653
     0.420288663              -7      4.33373729
     0.271965601              -1      5.68891753
      0.49250562              -2      2.89489203
     0.436649619              -1      4.38703958
     0.437070904              -7      3.35919279
     0.607332432              -5       1.7541285
     0.255518142              -0       5.8797185
      0.44651352              -5      2.47643949
      1.00968099              -9      0.62354906
     0.588725189              -4      4.91856116
     0.250963161              -6      5.82227269
     0.443508059              -2      4.40820784
     0.417459988              -2      4.32401635
     0.469376162              -6      4.48402886
     0.490336096              -1      3.05014442
     0.382329973              -1      4.18082216
     0.589522126              -4       4.9437068
     0.378052461              -1      3.63857138
     0.493938871              -1      2.96831587
     0.350183861              -0      6.08550084
     0.356751704              -9      1.41297717
     0.455951652              -2      2.58249589
      0.26023558              -9     0.986023198
     0.460353266              -9     0.838445946
     0.520286696              -2        1.583519
     0.442491476              -2       3.3354127
     0.197345265              -9      1.16887713
     0.494678504              -0      5.27205956
     0.381171382              -0      6.12250184
     0.448452171              -1      3.30878488
     0.398751242              -4      1.45505105
     0.362850704              -1      4.05472653
     0.478319017              -4       3.1532897
     0.471877848              -1      3.19246421
     0.811254922              -0      6.42770659
     0.498621368              -1      4.56599609
     0.472365259              -5      2.22375687
     0.231910924              -9      1.02271488
      0.37343461              -0       5.4750704
     0.545911737              -6       4.7046199
     0.430859625              -1      5.38075715
     0.456119351              -6       2.5838717
       0.5294947              -7      2.06456727
     0.547964104              -9      2.02119434
     0.370375146              -0      6.11019779
     0.367155774              -2       3.7129831
     0.358023605              -4      4.00070262
     0.379613448              -4      3.62928428
     0.474376598              -7       2.7168332
     0.479771412              -4      2.75721928
      0.19540813              -9      1.12252183
     0.480619276              -7      2.76392957
     0.540254088              -4      4.68669536
     0.377141894              -7      3.64410767
     0.369564102              -0      5.48161889
     0.357213638              -1      3.98824924
     0.582479316              -7      1.67752233
     0.493990923              -1      2.96107706
     0.465953792              -7      3.22466602
     0.302403132              -0      6.01349876
     0.450708562              -4      2.53437815
     0.952429897              -9     0.641318581
     0.348374851              -0      5.51843807
     0.543133025              -5        2.032511
     0.486867803              -1      2.17562489
     0.604185652              -2      1.86014864
     0.420306303              -2      4.33379737
     0.470546181              -5      2.68956182
     0.493379863              -9      1.55231874
     0.355598577              -1      3.85391246
     0.295030012              -9      1.34659912
     0.325852314              -0      6.05190133
     0.446367097              -5      2.38785251
     0.274071972              -0      5.68216721
       0.6143725              -0      6.31424217
     0.370516696              -0      6.11036282
     0.195336623              -9      1.15203986
      0.83527291              -0      6.44000942
     0.573902105              -4      1.95825751
     0.468068716              -9      0.83427574
      0.51911113              -1      4.62380981
     0.398430553              -0      5.43361428
      0.59969048              -4      1.72136324
     0.325625823              -0      5.56067356
     0.347679309              -0      5.51968083
     0.251680806              -0      5.84453167
     0.489409803              -5      3.06143689
     0.550218125              -5      2.01590065
     0.381588575              -2       3.6178668
     0.258826943              -0      5.89785236
       0.4570686              -5      2.29205592
     0.603510246              -9      1.73541368
     0.254707262              -0      5.87430142
     0.251473774              -0      5.84088217
     0.369296975              -2       4.1052966
     0.493988232              -4      2.96168109
      1.07257589              -9     0.604751537
     0.475785093              -4      2.21147884
     0.508495564              -9      1.56948652
      1.23161738              -9     0.560091146
     0.405567011              -7      4.28096285
     0.463319819              -4      3.23818284
     0.579167104              -2       5.0548719
     0.305575448              -7      5.60178095
      1.06350399              -0      6.54582512
     0.585864499              -5      1.92574117
     0.497638145              -5      2.14469468
     0.452013141              -0      5.34596066
     0.255734423              -0      5.75928551
     0.312524332              -7      5.58698457
     0.363373033              -2      3.74551038
     0.251909568              -0      5.79375032
     0.696252177              -9      0.73095313
     0.486269116              -5       2.8133696
     0.603862202              -9     0.769021865
     0.529132751              -7      4.65299024
     0.542516542              -5      2.03395388
      0.25261467              -0      5.85655733
     0.355204171              -2      3.86657088
     0.529920939              -7      4.65532604
     0.935289104              -9     0.646772038
      0.44626576              -6      4.41656517
     0.520322189              -9     0.807516253
     0.455668971              -6      3.27548105
     0.886932798              -9     0.662516955
     0.362596697              -1      3.75295973
      1.35916121              -9      0.52674953
      0.47746041              -5      3.15885281
     0.434695053              -7      4.38089584
     0.280952409              -9      1.32983439
     0.265465379              -0      5.92480664
     0.588964504              -0      4.97464252
     0.382947743              -7      4.18391099
     0.543778435              -7      4.69778592
     0.320615466              -9      1.37519247
     0.368704195              -4      3.70101287
     0.566054239              -9       1.6473312
      0.50613742              -0      6.23744388
      0.56760734              -2      4.78241634
     0.194795178              -9      1.13905571
      0.46110915              -5      2.27094956
     0.252624206              -0      5.85665883
       0.5009478              -0      5.26045001
     0.360650182              -1      3.77333104
     0.287048831              -0      5.98303832
     0.356226166              -2      3.83853723
     0.501265891              -1      4.57338256
     0.558627943              -0      6.27646644
     0.408964393              -9     0.867998995
      0.21058965              -9      1.21639092
     0.365498461              -0      5.48854814
     0.364128695              -1      5.49089533
     0.424048566              -0      5.39185957
     0.375065451              -7      3.65709815
     0.375855071              -6      4.14619003
     0.359766144              -1      3.78363028
     0.536329288              -5      2.04845017
      1.08213865              -0      6.55374143
     0.595007351              -5      1.70720281
     0.464799292              -0      5.32450668
     0.486020671              -2      3.09543575
      0.40579412              -0      5.42158055
     0.269178025              -5      1.31502877
     0.410880088              -4      4.30067438
     0.491618706              -5      2.16160809
      0.38301352              -0      5.45903637
     0.342092856              -0      6.07486536
     0.288247656              -9      1.33863352
     0.576099052              -4      1.95255327
      0.49637089              -5      2.14818641
     0.505968208              -1      5.25094819
     0.289276526              -0      5.63979501
     0.354715126              -2      3.91232578
     0.388367383              -1      4.20974185
     0.589439813              -1      4.93811352
     0.466331261              -0      6.20493438
     0.384277496              -5      3.60284719
      0.39994586              -1      4.25909677
     0.263612096              -2      5.71941043
     0.411634573              -0      5.41206351
     0.586422308              -9      1.92411602
     0.291826638              -2       5.6334627
     0.391533709              -4      3.56470908
     0.501465954              -5      2.13434409
     0.412995444              -7      3.46405633
     0.599915742              -5      1.72211523
     0.492386589              -5      2.89247166
     0.317776937              -0      6.03950232
     0.571825751              -1      6.28571483
      1.49563862              -0      6.71048622
      1.37067049              -9     0.523834299
     0.650171361              -0      6.33691405
     0.411871169              -1      4.30426106
     0.496332677              -0      5.26902194
     0.692411712              -0      6.36233642
      0.68199657              -0      6.35619065
     0.404833043              -7      4.27817076
     0.580118953              -7      4.84268196
     0.362429917              -4      3.75460436
      0.53252089              -9      1.59885145
     0.445427053              -5      2.41874666
     0.851764324              -0      6.44830535
     0.355055073              -1      3.93636048
     0.436015792              -0      5.37232948
     0.217106238              -9      1.04810171
     0.511390141              -2      5.24045299
     0.356276751              -4       3.8374482
      0.86046522              -0      6.45263468
     0.468814163              -4      2.67737816
     0.284180203              -0      5.97663413
      0.42736724              -7      3.40127925
     0.545106242              -1      4.70202804
     0.293538584              -5      1.34486383
     0.438515407              -1      3.35288536
     0.340473794              -9     0.913908785
     0.366297667              -1      4.08354996
     0.395554474              -0      6.13808632
     0.481259555              -1      2.76908808
     0.389087453              -4      3.57722893
     0.493814892              -6      2.93455343
      0.43556668              -6      4.38364213
     0.682334139              -9     0.736440098
     0.413572905              -2      3.46149512
     0.195559012              -9      1.12077992
     0.607416257              -5      1.84178712
     0.405115661              -6      4.27924798
     0.342644427              -9     0.912298575
     0.481648045              -4      3.13035234
     0.453118527              -4      2.55799158
     0.490121759              -7      1.54871742
     0.378091392              -1      4.15866583
     0.538527731              -7      5.18284049
     0.364142219              -2       3.7384318
     0.484528425              -5      3.10815927
     0.597429968              -5      1.88849478
     0.452162278              -5      2.54901873
     0.526055429              -1      4.64393339
     0.472993435              -5      2.70690544
     0.436718659              -0      5.37117861
     0.452809983              -5      2.55514417
     0.710772356              -0      6.37298891
      0.28414417              -0      5.97655189
     0.521942997              -5      2.08263595
     0.283269153              -0      5.65546155
     0.215407101              -7      1.05152008
     0.445421038              -5      2.44009034
       0.2656757              -0       5.9255419
     0.201127074              -9      1.08952236
     0.588644886              -9      1.69105561
     0.242659136              -9      1.27774517
     0.425849414              -4      3.40785116
     0.378440078              -9     0.887338165
     0.204236569              -9      1.07901975
     0.354792849              -2      3.88785869
     0.584606939              -1      4.87298034
     0.198575736              -9      1.10036568
     0.424639323              -2      4.34836595
     0.414703679              -2      3.45649314
     0.446061663              -5      2.39465459
      0.56214899              -7      5.12009703
     0.367755049              -1      4.09442627
     0.360126559              -4      4.02722384
     0.486417435              -2      2.81482918
     0.225997237              -9      1.24957305
     0.433315505              -0      6.17547572
     0.273644753              -0      5.95020681
     0.253077767              -0       5.7801352
     0.605339606              -2     0.768379841
     0.563511053              -4      5.11581121
     0.435634834              -4      3.36544699
     0.432834398              -7      4.37499702
     0.381440327              -0      5.46165471
     0.419269224              -9     0.861798779
     0.623830594              -0      6.32034178
     0.467704506              -2      2.24179512
     0.510478523              -5      1.57180266
     0.355106787              -1      3.93855369
     0.532152439              -1      4.66197794
      0.58012463              -1      5.04994193
     0.378750383              -1      3.63438846
     0.405482188              -6      4.28064109
     0.276213846              -9       0.9689958
      0.51147688              -9     0.811879714
     0.446996176              -5      2.48570526
      1.45275668              -0      6.69560487
     0.600701502              -5      1.87580303
     0.365705777              -0      5.48819346
     0.555196075              -5      2.00414908
     0.479915608              -0      5.29847572
     0.516143846              -7      5.23102587
     0.207668899              -9      1.06933016
     0.457108809              -7      3.26864666
     0.369518732              -4       4.1068123
     0.271734326              -0      5.68967693
     0.485652063              -7      2.80741577
     0.488830484              -4      3.06794129
     0.250964675              -0      5.81939547
       0.4476504              -5       2.4964333
     0.328486118              -9        1.383628
     0.455006466              -0      6.19511654
     0.475937182              -5      3.16843162
     0.381720687              -4      3.61711536
     0.252034874              -0      5.84970267
     0.595084028              -5      1.70741587
     0.581104345              -0      4.84863939
     0.371395674              -5      1.42777672
     0.592080966              -0      6.29952845
      0.33368489              -9      1.38912739
     0.504455894              -7      4.58231072
     0.493898853              -4      2.97176434
     0.469681047              -9      1.52674997
     0.372175867              -2       5.4771952
     0.379550725              -1      3.62965276
     0.445364345              -5      2.43211273
     0.368658734              -6       3.7013555
     0.640701568              -9     0.753356171
     0.350254716              -9     0.906748385
     0.561874012              -0      5.12094973
     0.474665044              -7      3.17617781
     0.461186588              -1      2.62297522
     0.203783114              -5      1.08042729
     0.577085847              -1      4.82589743
     0.421082357              -0      6.16385243
     0.591483012              -5      1.90871393
     0.333674716              -0      5.54531279
     0.483684321              -5      2.78949891
     0.418846595              -0      5.40032647
     0.252063045              -0       5.7916097
     0.346234028              -9     0.909662567
      0.41891678              -4      4.32904448
     0.488837794              -4      3.06786148
     0.574005296              -6      5.07819473
     0.324581022              -7      6.04999769
     0.495144803              -1      4.55629868
     0.423557637              -9      1.47971611
     0.455579772              -5      2.57941966
     0.527825103              -5      1.59286019
     0.489715268              -4      4.54116282
     0.447009724              -5      2.37642246
     0.589107354              -4      4.97133556
     0.457023593              -5      2.29231079
     0.492513543              -4      2.89505637
     0.404984849              -1      4.27874971
     0.271301203              -0      5.69110947
     0.485968537              -7      4.53070911
     0.253743177              -0      5.77407282
     0.270586849              -9     0.974775487
     0.534490715              -4       5.1921018
     0.493957456              -5      2.96632986
     0.379993462              -2      4.16882895
     0.500237571              -4        4.570509
     0.497835391              -1      4.56380269
     0.358265303              -7      4.00411453
      1.03393229              -9     0.616215788
     0.334804637              -0      5.54319693
     0.587893866              -1      4.90558872
     0.518068477              -7      4.62082002
     0.335460639              -5      1.39099382
     0.488624414              -4      3.07016942
     0.563915749              -9      1.64382634
        1.357784              -7      6.66166361
     0.401979181              -2      3.51409373
     0.402203873              -5      3.51304528
     0.258188842              -0       5.8947165
     0.605851946              -4      1.74601785
      0.55444919              -5      2.00591908
     0.434731656              -0      5.37443074
      0.19876332              -5      1.17667003
     0.402717309              -1      5.42660288
     0.453981101              -5      2.56574069
     0.418874216              -7      5.40028153
     0.285452711              -0      5.64963381
     0.352625387              -7     0.905048523
     0.487767561              -1      3.07902255
     0.468210868              -7        3.212725
     0.355842182              -9     0.902763107
     0.459037216              -5      2.28136844
      0.22495637              -9      1.24761342
     0.195833067              -5      1.11801088
     0.252406006              -0      5.85425699
     0.563500349              -7      5.11584531
     0.323654998              -9      1.37846683
     0.475884773              -1      3.16875508
     0.458900811              -5      2.60583344
     0.386315765              -4       4.2002131
     0.235174409              -9      1.26573227
     0.469082804              -4      3.20801121
      1.23001523              -0      6.61358218
     0.451792287              -5      2.32656091
      0.55632422              -1      4.73965472
     0.423004521              -4      3.42018721
     0.376294451              -1      4.14868999
     0.452332713              -5      2.55065121
     0.272560421              -9      1.31936712
     0.355162677              -7      3.86815378
     0.423969697              -1      4.34613836
     0.492359081              -4      4.54853323
     0.538484514              -4      5.18294128
     0.459508979              -1      4.45570005
     0.606548946              -2      1.74965504
     0.498408588              -4      2.14258827
     0.251081742              -0      5.83068366
     0.486624136              -4      3.08997764
     0.462209349              -9      1.51894056
     0.521408949              -9      2.08392806
     0.447890412              -5      2.36407041
     0.377723084              -6      4.15665228
     0.535804811              -9     0.800024508
     0.483265288              -0      5.29258077
     0.256932571              -9      1.29863171
     0.361362329              -4      4.04039646
     0.508549977              -7      4.59381018
      0.41886704              -0       5.4002932
     0.220209142              -9      1.23825891
     0.572493931              -0      5.08425593
     0.427472292              -1      3.40082453
     0.395046737              -6      3.54722389
     0.403635615              -4      4.27357669
     0.447318672              -7      4.41973492
     0.482775197              -4      3.12197997
      0.43875645              -4      3.35183102
     0.466553927              -4      2.66148169
     0.414179195              -7      5.40792139
     0.562797809              -9      1.64202397
      0.56699035              -0       5.1043421
