10 1
0.20616138
1 -1 1 1
         5.925116233 
   0.513322804056463 
0.11438601
1 -1 1 1
         4.141114561 
    1.02665950391718 
0.085209848
1 -1 1 1
         3.508887318 
    1.15162184560546 
0
1 -1 1 1
                   0 
                   0 
0.11835499
1 -1 1 1
         3.886217809 
    1.11677332817316 
0.13013222
1 -1 1 1
         2.177197067 
    0.52114524323198 
0.051974315
1 -1 1 1
         3.904621183 
    1.04928484708931 
0.11816987
1 -1 1 1
         3.941045508 
    1.10152995732143 
0
1 -1 1 1
                   0 
                   0 
0.17561137
1 -1 1 1
         1.084261682 
   0.375149994180847 
