 0.50614 6.78779e-03
 0.51841 3.33103e-03
 0.53068 3.26862e-03
 0.54295 3.21000e-03
 0.55522 3.14733e-03
 0.56750 0.00000e+00
 0.57977 0.00000e+00
 0.59204 8.94480e-03
 0.60431 8.74388e-03
 0.61658 0.00000e+00
 0.62885 2.83257e-03
 0.64113 5.52654e-03
 0.65340 0.00000e+00
 0.66567 0.00000e+00
 0.67794 0.00000e+00
 0.69021 2.57593e-03
 0.70249 0.00000e+00
 0.71476 4.95987e-03
 0.72703 4.84438e-03
 0.73930 0.00000e+00
 0.75157 7.00218e-03
 0.76385 2.30845e-03
 0.77612 0.00000e+00
 0.78839 4.41057e-03
 0.80066 0.00000e+00
 0.81293 0.00000e+00
 0.82520 0.00000e+00
 0.83748 4.13933e-03
 0.84975 2.03021e-03
 0.86202 0.00000e+00
 0.87429 0.00000e+00
 0.88656 0.00000e+00
 0.89884 3.77077e-03
 0.91111 1.84742e-03
 0.92338 3.67450e-03
 0.93565 0.00000e+00
 0.94792 0.00000e+00
 0.96020 1.74784e-03
 0.97247 3.41371e-03
 0.98474 1.68255e-03
 0.99701 1.65281e-03
 1.00928 1.61501e-03
 1.02155 0.00000e+00
 1.03383 0.00000e+00
 1.04610 0.00000e+00
 1.05837 3.05051e-03
 1.07064 0.00000e+00
 1.08291 0.00000e+00
 1.09519 1.45651e-03
 1.10746 5.73667e-03
 1.11973 5.64774e-03
 1.13200 2.79989e-03
 1.14427 1.36912e-03
 1.15655 1.35435e-03
 1.16882 0.00000e+00
 1.18109 1.31196e-03
 1.19336 2.59116e-03
 1.20563 1.27541e-03
 1.21790 1.25891e-03
 1.23018 3.73995e-03
 1.24245 1.22557e-03
 1.25472 0.00000e+00
 1.26699 1.20584e-03
 1.27926 3.54307e-03
 1.29154 2.33627e-03
 1.30381 1.15684e-03
 1.31608 0.00000e+00
 1.32835 1.12469e-03
 1.34062 3.35486e-03
 1.35290 0.00000e+00
 1.36517 1.09300e-03
 1.37744 2.15685e-03
 1.38971 1.07179e-03
 1.40198 3.17732e-03
 1.41425 2.09041e-03
 1.42653 1.03642e-03
 1.43880 1.02234e-03
 1.45107 6.09790e-03
 1.46334 0.00000e+00
 1.47561 0.00000e+00
 1.48789 0.00000e+00
 1.50016 1.95850e-03
 1.51243 9.66588e-04
 1.52470 1.92102e-03
 1.53697 2.86182e-03
 1.54925 9.48582e-04
 1.56152 2.81590e-03
 1.57379 0.00000e+00
 1.58606 4.60959e-03
 1.59833 1.83267e-03
 1.61060 1.82209e-03
 1.62288 1.80822e-03
 1.63515 1.79321e-03
 1.64742 8.91730e-04
 1.65969 8.85021e-04
 1.67196 3.52511e-03
 1.68424 2.62664e-03
 1.69651 1.74115e-03
 1.70878 8.63681e-04
 1.72105 8.61210e-04
 1.73332 8.55197e-04
 1.74560 3.40993e-03
 1.75787 2.54727e-03
 1.77014 0.00000e+00
 1.78241 8.41382e-04
 1.79468 4.18863e-03
 1.80695 1.66426e-03
 1.81923 8.30739e-04
 1.83150 8.26955e-04
 1.84377 4.94769e-03
 1.85604 2.46710e-03
 1.86831 0.00000e+00
 1.88059 8.17064e-04
 1.89286 8.13906e-04
 1.90513 8.10915e-04
 1.91740 2.42885e-03
 1.92967 1.61471e-03
 1.94195 0.00000e+00
 1.95422 1.60739e-03
 1.96649 1.60386e-03
 1.97876 0.00000e+00
 1.99103 0.00000e+00
 2.00330 6.37948e-03
 2.01558 2.38916e-03
 2.02785 1.59033e-03
 2.04012 1.58899e-03
 2.05239 7.93539e-04
 2.06466 0.00000e+00
 2.07694 1.58291e-03
 2.08921 2.37301e-03
 2.10148 2.37100e-03
 2.11375 2.36982e-03
 2.12602 7.89585e-04
 2.13830 7.89262e-04
 2.15057 7.88735e-04
 2.16284 1.57713e-03
 2.17511 0.00000e+00
 2.18738 1.57657e-03
 2.19965 0.00000e+00
 2.21193 3.94110e-03
 2.22420 3.94134e-03
 2.23647 7.88385e-04
 2.24874 2.36552e-03
 2.26101 0.00000e+00
 2.27329 1.57769e-03
 2.28556 1.57803e-03
 2.29783 3.94655e-03
 2.31010 1.57912e-03
 2.32237 2.36963e-03
 2.33465 2.37062e-03
 2.34692 3.95271e-03
 2.35919 2.37282e-03
 2.37146 3.16492e-03
 2.38373 1.58343e-03
 2.39600 1.58386e-03
 2.40828 3.96195e-03
 2.42055 2.37814e-03
 2.43282 2.37928e-03
 2.44509 7.93515e-04
 2.45736 2.38143e-03
 2.46964 3.17618e-03
 2.48191 7.94422e-04
 2.49418 1.58938e-03
 2.50645 2.38505e-03
 2.51872 3.18071e-03
 2.53100 7.95494e-04
 2.54327 0.00000e+00
 2.55554 7.95750e-04
 2.56781 7.95881e-04
 2.58008 1.59185e-03
 2.59235 7.95982e-04
 2.60463 1.59199e-03
 2.61690 3.18377e-03
 2.62917 3.18350e-03
 2.64144 1.59155e-03
 2.65371 3.18222e-03
 2.66599 1.59089e-03
 2.67826 7.95217e-04
 2.69053 3.17942e-03
 2.70280 7.94510e-04
 2.71507 4.76461e-03
 2.72735 7.93718e-04
 2.73962 1.58611e-03
 2.75189 1.58568e-03
 2.76416 1.58424e-03
 2.77643 7.91245e-04
 2.78870 3.95372e-03
 2.80098 1.57978e-03
 2.81325 2.36756e-03
 2.82552 2.36583e-03
 2.83779 1.57548e-03
 2.85006 7.86837e-04
 2.86234 1.57137e-03
 2.87461 3.13955e-03
 2.88688 2.35091e-03
 2.89915 1.56455e-03
 2.91142 3.12552e-03
 2.92370 7.80651e-04
 2.93597 0.00000e+00
 2.94824 3.10903e-03
 2.96051 7.76451e-04
 2.97278 2.32409e-03
 2.98505 1.54728e-03
 2.99733 2.31656e-03
 3.00960 0.00000e+00
 3.02187 2.30801e-03
 3.03414 2.30477e-03
 3.04641 2.30005e-03
 3.05869 7.64879e-04
 3.07096 3.81563e-03
 3.08323 2.28664e-03
 3.09550 1.52053e-03
 3.10777 1.51716e-03
 3.12005 7.57045e-04
 3.13232 1.51059e-03
 3.14459 2.26134e-03
 3.15686 7.52274e-04
 3.16913 1.50240e-03
 3.18140 1.49853e-03
 3.19368 7.47759e-04
 3.20595 2.23780e-03
 3.21822 7.43861e-04
 3.23049 1.48579e-03
 3.24276 1.48357e-03
 3.25504 3.69818e-03
 3.26731 1.47549e-03
 3.27958 5.15711e-03
 3.29185 0.00000e+00
 3.30412 1.46641e-03
 3.31640 2.19697e-03
 3.32867 7.30969e-04
 3.34094 1.45849e-03
 3.35321 0.00000e+00
 3.36548 2.17896e-03
 3.37775 7.24838e-04
 3.39003 7.23388e-04
 3.40230 1.44409e-03
 3.41457 1.44097e-03
 3.42684 0.00000e+00
 3.43911 0.00000e+00
 3.45139 2.15077e-03
 3.46366 2.86221e-03
 3.47593 2.85920e-03
 3.48820 0.00000e+00
 3.50047 0.00000e+00
 3.51275 7.11059e-04
 3.52502 2.84271e-03
 3.53729 2.12958e-03
 3.54956 1.41783e-03
 3.56183 1.41511e-03
 3.57410 1.41420e-03
 3.58638 7.06255e-04
 3.59865 3.52710e-03
 3.61092 4.22911e-03
 3.62319 4.22432e-03
 3.63546 7.03342e-04
 3.64774 2.10855e-03
 3.66001 2.10692e-03
 3.67228 1.40423e-03
 3.68455 2.10448e-03
 3.69682 7.01219e-04
 3.70910 2.80318e-03
 3.72137 1.40108e-03
 3.73364 7.00358e-04
 3.74591 2.10049e-03
 3.75818 1.40005e-03
 3.77045 2.09990e-03
 3.78273 2.09983e-03
 3.79500 2.09996e-03
 3.80727 7.00078e-04
 3.81954 2.80075e-03
 3.83181 1.40085e-03
 3.84409 2.10177e-03
 3.85636 7.00935e-04
 3.86863 2.80517e-03
 3.88090 4.21002e-03
 3.89317 1.40448e-03
 3.90545 0.00000e+00
 3.91772 2.11021e-03
 3.92999 1.40756e-03
 3.94226 2.81832e-03
 3.95453 4.23137e-03
 3.96680 2.11840e-03
 3.97908 2.11972e-03
 3.99135 1.41542e-03
 4.00362 5.67140e-03
 4.01589 1.41988e-03
 4.02816 0.00000e+00
 4.04044 0.00000e+00
 4.05271 2.14041e-03
 4.06498 3.57070e-03
 4.07725 2.86129e-03
 4.08952 2.15134e-03
 4.10180 0.00000e+00
 4.11407 5.03832e-03
 4.12634 4.32740e-03
 4.13861 3.61611e-03
 4.15088 1.44884e-03
 4.16315 7.25952e-04
 4.17543 3.63997e-03
 4.18770 4.37701e-03
 4.19997 7.30780e-04
 4.21224 1.46740e-03
 4.22451 1.47002e-03
 4.23679 7.37965e-04
 4.24906 7.39870e-04
 4.26133 2.96482e-03
 4.27360 4.45896e-03
 4.28587 2.23628e-03
 4.29815 7.48176e-04
 4.31042 2.25004e-03
 4.32269 3.75887e-03
 4.33496 1.50996e-03
 4.34723 1.51441e-03
 4.35950 2.28014e-03
 4.37178 1.52562e-03
 4.38405 2.29539e-03
 4.39632 2.30284e-03
 4.40859 1.54066e-03
 4.42086 1.54819e-03
 4.43314 7.76670e-04
 4.44541 2.33692e-03
 4.45768 1.56294e-03
 4.46995 7.84074e-04
 4.48222 1.57289e-03
 4.49450 2.37380e-03
 4.50677 7.94904e-04
 4.51904 1.59365e-03
 4.53131 8.01775e-04
 4.54358 1.60682e-03
 4.55585 8.07000e-04
 4.56813 3.24055e-03
 4.58040 8.14027e-04
 4.59267 3.26736e-03
 4.60494 4.10701e-03
 4.61721 8.24301e-04
 4.62949 0.00000e+00
 4.64176 4.99182e-03
 4.65403 2.50461e-03
 4.66630 8.37274e-04
 4.67857 5.05823e-03
 4.69085 1.69351e-03
 4.70312 1.70238e-03
 4.71539 3.41853e-03
 4.72766 8.58188e-04
 4.73993 5.16966e-03
 4.75220 0.00000e+00
 4.76448 1.74043e-03
 4.77675 1.74725e-03
 4.78902 2.63464e-03
 4.80129 1.76636e-03
 4.81356 1.77628e-03
 4.82584 1.78308e-03
 4.83811 8.95072e-04
 4.85038 1.80042e-03
 4.86265 3.61905e-03
 4.87492 1.82031e-03
 4.88720 1.83271e-03
 4.89947 0.00000e+00
 4.91174 1.84410e-03
 4.92401 3.66508e-03
 4.93628 2.70006e-03
 4.94855 1.67732e-03
 4.96083 2.84561e-03
 4.97310 2.16636e-03
 4.98537 1.74725e-03
 4.99764 1.67071e-03
 5.00991 2.66510e-03
 5.02219 2.90101e-03
 5.03446 1.37663e-03
 5.04673 0.00000e+00
 5.05900 3.78472e-03
 5.07127 1.97354e-03
 5.08355 0.00000e+00
 5.09582 2.00089e-03
 5.10809 2.01093e-03
 5.12036 1.01000e-03
 5.13263 1.01527e-03
 5.14490 3.06568e-03
 5.15718 2.05610e-03
 5.16945 0.00000e+00
 5.18172 3.12285e-03
 5.19399 4.18579e-03
 5.20626 3.14959e-03
 5.21854 2.11408e-03
 5.23081 0.00000e+00
 5.24308 2.14307e-03
 5.25535 2.14900e-03
 5.26762 4.33029e-03
 5.27990 3.26230e-03
 5.29217 2.18587e-03
 5.30444 1.10253e-03
 5.31671 2.21766e-03
 5.32898 1.11597e-03
 5.34125 1.11963e-03
 5.35353 2.25255e-03
 5.36580 2.27168e-03
 5.37807 3.42628e-03
 5.39034 0.00000e+00
 5.40261 1.15439e-03
 5.41489 1.16530e-03
 5.42716 1.16976e-03
 5.43943 0.00000e+00
 5.45170 2.36784e-03
 5.46397 0.00000e+00
 5.47625 4.79236e-03
 5.48852 1.20578e-03
 5.50079 3.65349e-03
 5.51306 3.66488e-03
 5.52533 0.00000e+00
 5.53760 1.23679e-03
 5.54988 2.49020e-03
 5.56215 2.50421e-03
 5.57442 2.52362e-03
 5.58669 0.00000e+00
 5.59896 0.00000e+00
 5.61124 5.14838e-03
 5.62351 1.29844e-03
 5.63578 3.91399e-03
 5.64805 3.94950e-03
 5.66032 2.64698e-03
 5.67260 3.99690e-03
 5.68487 4.02222e-03
 5.69714 0.00000e+00
 5.70941 0.00000e+00
 5.72168 1.37496e-03
 5.73395 2.75821e-03
 5.74623 0.00000e+00
 5.75850 2.79890e-03
 5.77077 4.23238e-03
 5.78304 1.42458e-03
 5.79531 2.85619e-03
 5.80759 2.88865e-03
 5.81986 1.44534e-03
 5.83213 1.35408e-03
 5.84440 0.00000e+00
 5.85667 9.81669e-04
 5.86895 5.52719e-04
 5.88122 5.09100e-04
 5.89349 4.74558e-03
 5.90576 4.57170e-03
 5.91803 1.09603e-03
 5.93030 1.39521e-03
 5.94258 3.12004e-03
 5.95485 6.33574e-03
 5.96712 0.00000e+00
 5.97939 1.60933e-03
 5.99166 1.61647e-03
 6.00394 0.00000e+00
 6.01621 1.65116e-03
 6.02848 3.31075e-03
 6.04075 1.67356e-03
 6.05302 0.00000e+00
 6.06530 1.69935e-03
 6.07757 0.00000e+00
 6.08984 1.73081e-03
 6.10211 1.75352e-03
 6.11438 1.75541e-03
 6.12665 1.76989e-03
 6.13893 5.37474e-03
 6.15120 3.61260e-03
 6.16347 0.00000e+00
 6.17574 0.00000e+00
 6.18801 5.56744e-03
 6.20029 0.00000e+00
 6.21256 3.77151e-03
 6.22483 5.70957e-03
 6.23710 1.93137e-03
 6.24937 3.88381e-03
 6.26165 1.96673e-03
 6.27392 3.97313e-03
 6.28619 0.00000e+00
 6.29846 2.00946e-03
 6.31073 0.00000e+00
 6.32300 2.05967e-03
 6.33528 2.07936e-03
 6.34755 0.00000e+00
 6.35982 6.33121e-03
 6.37209 0.00000e+00
 6.38436 0.00000e+00
 6.39664 2.17353e-03
 6.40891 0.00000e+00
 6.42118 2.22698e-03
 6.43345 2.23855e-03
 6.44572 2.26885e-03
 6.45800 2.29903e-03
 6.47027 2.32572e-03
 6.48254 4.66258e-03
 6.49481 2.34988e-03
 6.50708 4.77694e-03
 6.51935 0.00000e+00
 6.53163 2.43840e-03
 6.54390 2.45220e-03
 6.55617 0.00000e+00
 6.56844 0.00000e+00
 6.58071 0.00000e+00
 6.59299 2.56559e-03
 6.60526 0.00000e+00
 6.61753 2.62433e-03
 6.62980 2.63990e-03
 6.64207 5.36181e-03
 6.65435 0.00000e+00
 6.66662 2.73706e-03
 6.67889 2.78153e-03
 6.69116 2.81892e-03
 6.70343 0.00000e+00
 6.71570 8.59876e-03
 6.72798 2.91376e-03
 6.74025 0.00000e+00
 6.75252 0.00000e+00
 6.76479 8.99287e-03
 6.77706 3.02810e-03
