# npar = 1, n_ded = 0
#         weight            chi2        param[0]
#                                     alpha_topo
      1.59895727              -5      4.05787754
       1.6999981              -2      2.30386131
      1.70125175              -4      2.34249253
      1.65177168              -2      4.32160746
      1.58660073              -4      3.60908892
      1.95937271              -7      5.14690011
      1.87484222              -9      1.55787774
      1.64985057              -2      3.16947907
      2.62336296              -7      6.27938359
      2.03955729              -0      5.31822133
      1.68986799              -5      2.90924913
      1.77480765              -9      1.75055474
      1.67851662              -7      2.99416562
      1.58584625              -1      3.93792423
       1.7079348              -6      2.55614775
      2.49910796              -7      6.10951683
      2.20277658              -1      5.63445249
      1.84271638              -7      4.92922685
      1.62624028              -0      3.30589016
      1.70373326              -5      2.40933546
      1.69441063              -4      2.86892372
      1.75275961              -9       1.8118135
      2.95940505              -7      6.68212083
      1.70697177              -4      2.50753525
      2.66846738              -0      6.33777649
      1.70405637              -9      2.41796744
      1.70767169              -5      2.65800098
      1.70330582              -6      2.76348141
      1.69943824              -9      2.81595702
       1.6997369              -4       2.2946419
      2.13291323              -7      5.50434408
      1.61675519              -4      4.95589321
      1.58564969              -6      3.62153062
      1.82181382              -9      1.64847017
      2.43888224              -9     0.997316343
       1.9910729              -7      5.21591699
      1.62276231              -1      4.19617005
      1.70213222              -4      2.36681538
      1.80830568              -1        4.791179
      1.69943699              -9      2.28314639
      1.70290438              -9      2.38739495
      1.64025989              -6      3.22436626
      1.57964732              -6      3.78258679
      1.64050424              -2      3.22296698
        1.581737              -7      3.87217258
      1.71063852              -0      4.52195258
      1.79883354              -1      4.76696114
      1.58457399              -7      3.92092733
       1.7040184              -0       2.4169488
      1.62688253              -4      4.21592215
      1.64294662              -0      3.20899389
      1.62109163              -2      3.33697573
      1.62940508              -2      4.22762538
      1.58029382              -5      3.83165158
      1.58086917              -1      3.70955545
      1.66533386              -7      3.07857552
      2.05473719              -7      5.34945439
      1.70972193              -2      2.00701044
       1.7805921              -4      4.71941669
      1.70812043              -6       2.6277649
      1.37042623              -5      4.96913353
      1.70872803              -2      2.01503946
      1.70637507              -1       2.7025394
      1.80851527              -7      1.67460996
      1.98383406              -0      5.20030688
      1.70756206              -4      2.66311411
      1.70429788              -5      2.74679691
      2.80438367              -1      6.50491444
      2.02533278              -9      1.36392735
      1.70683432              -9      2.68953809
      2.12353387              -0      5.48628456
      1.68978412              -2      2.90994789
      1.62022152              -2      3.34232403
      1.61727126              -2      3.36070379
      1.65079715              -7      3.16404095
      1.60082649              -0      4.07101134
       1.9516371              -9      1.45085763
      1.58062427              -4       3.8433096
      1.63177166              -2      3.27332744
      1.69403492              -2      2.87247251
      1.70385109              -5      2.41247436
      1.51435786              -1      5.02982205
       1.7522816              -0      4.64284926
      1.85025372              -7      4.92463715
      1.73049479              -9       1.8915005
      1.81181956              -9      1.66795026
       1.9764039              -5       5.1841923
      1.60101044              -0      4.07227273
      1.75691706              -9      1.79925955
      1.61149182              -6      3.39804713
      1.84873224              -1      4.89163572
      1.68444744              -1      2.95189632
      1.58219271              -7      3.88162103
      1.80912087              -9      1.67338074
       1.7658241              -4      4.67994085
      1.57992275              -7      3.81397469
      1.85784706              -4      1.58496259
      2.30204081              -2      1.10477121
      1.80133863              -2      1.68948848
      2.13390118              -6      5.50623807
      1.83463906              -9      1.62477098
      1.67247423              -1       4.3977517
      1.67226538              -2      3.03543571
      1.59387888              -0      3.53213185
      1.67149043              -0      4.39430528
      1.76503093              -7      4.67779311
       1.6794838              -9      2.98751298
      1.70243144              -2      2.08179511
      2.61277676              -0      6.26544289
      2.25833448              -0      5.73253305
      1.61476596              -5       4.1551426
      1.70814129              -9      2.57515879
      1.58324757              -5      3.65798914
      1.70069008              -5      2.11084013
      1.97555641              -0       5.1823483
      1.58000407              -4      3.81856405
      1.95277792              -5      1.44941466
      2.06560583              -0      5.37158475
      2.63427329              -7      6.29365552
      2.27837913              -9      1.12434853
       1.7395361              -8      5.90942403
      1.88361794              -9      1.54447115
      1.70055032              -0      2.80233801
      2.27394288              -1       5.7592646
      1.62187621              -0      4.19180969
      2.16188557              -0      5.55923745
      1.59522399              -0      3.52007671
      1.58037685              -7      3.83481908
      1.59234497              -2      4.00547595
      3.10267618              -7     0.543121583
      2.01501407              -7       1.3754195
      1.70425535              -5      2.42332998
      1.67030946              -5      3.04784164
      1.88832037              -7       1.5374348
      1.78609334              -0      4.73388843
      1.58202791              -7      3.68116194
      1.64254891              -9      3.21126805
      1.66570828              -9      3.07629859
      1.70721804              -5      2.51763253
      2.47707823              -7      0.96875466
      1.82555414              -2       4.8345435
      1.77765655              -7      4.71164432
      3.15619967              -4      0.50810099
      1.82953139              -6      4.84441757
      1.98167373              -2      1.41397484
      1.70570376              -5      2.46447972
      1.37097578              -0      5.89692311
      1.60390799              -6      4.09148781
      1.70128114              -2      2.09989388
      2.57213627              -0      6.21104427
      1.66305779              -2      3.09230964
      1.70262977              -0      4.49719404
       1.6196641              -1      4.18073479
      1.70801234              -6      2.63751899
       1.6377598              -5      3.23870569
      1.60918204              -2      5.03473971
      1.70610821              -7      2.70932988
      1.70021812              -2      2.31120736
       1.8106263              -7      1.67034201
      1.70820102              -4      2.61689094
      1.31464068              -0      5.89411212
      1.60352748              -6      3.45363011
      1.72528098              -7      1.91473444
       1.7082261              -5      2.58972928
      1.60371588              -6      3.45224205
      1.63042236              -6      3.28120762
      1.63118945              -1      3.27672328
      1.70809964              -9      2.57041212
      1.59912074              -2       4.0590502
      1.64059728              -0      4.27658187
      2.49802931              -1      6.10797837
      1.75697975              -4      4.65582116
      3.00584979              -1       6.7328979
      1.58055163              -5      3.71952636
      1.69295466              -0      2.88243777
      2.15315603              -9      1.23465504
      1.07098385              -0      4.99040365
      1.70715726              -5        2.515054
      2.97275984              -0      6.69682118
      2.30474671              -4      5.82248301
       2.5166275              -0      6.13434111
      2.30387313              -2      5.81064576
      1.63512423              -7      4.25319895
      1.74015067              -6      4.60879671
      1.77427392              -5      1.75190321
      2.31245068              -5      1.09626402
       2.3611077              -9      1.05728534
         1.65346              -7      3.14869136
      1.71082722              -5      1.99855573
      1.61613427              -0      4.16245203
      2.39694735              -0       5.9592971
      2.64454628              -4     0.848774435
      2.00534179              -1      5.24642999
      1.75251399              -7      1.81257282
      2.22899518              -1      5.68131706
       1.8175815              -1      4.81461212
      1.58231993              -5      3.88410317
      1.65084589              -2      4.31799859
      1.70307309              -7       2.3918554
      1.58189376              -7       3.8755301
       1.8357584              -0      4.85978857
      1.70609151              -9      2.70973989
      3.00879781              -1     0.604575255
      2.78448602              -1      6.48120043
      1.27641129              -1      4.97413678
      1.59329566              -1      3.53751194
      2.01982989              -7      5.27706524
      1.69905536              -6      2.82044454
      1.63754638              -6      4.26366886
      1.33792268              -4      5.89535373
      1.77380223              -9      1.75309962
      1.75499683              -4      4.65036016
      2.04444227              -1      1.34313591
      1.58640898              -1      3.94487856
      2.19131008              -1      5.61362468
      1.70045807              -4      2.31887778
      1.85524628              -2      4.91309093
      1.66723033              -4      4.37920265
      1.70126092              -2       2.3427538
       1.8272012              -0      1.63834897
      2.23952962              -1      5.83821911
      2.41664905              -1      5.98833802
      1.13602489              -3      5.00887587
      1.66836751              -1      3.05996658
      2.19756934              -7       5.6250193
      3.02385345              -9     0.594708481
      1.69315316              -0      4.46709412
      1.70448928              -4      2.74333566
      1.59891966              -7      4.05760701
      1.70081249              -2      2.32970135
      1.59044278              -6      3.56544242
      1.65175125              -5      3.15855073
      1.66670116              -4      4.37730564
      1.10828867              -2      4.98572611
      1.58730958              -5       3.6003267
      1.69859276              -5       2.8257442
      1.82038633              -4      4.82164558
      1.69033126              -7      2.90536343
       1.7405455              -9      1.85240828
       1.5878472              -5      3.59392981
       1.7027996              -7      2.38462166
      1.58525316              -2      3.62699031
      1.57973107              -4      3.79907362
      1.72233735              -1      1.92906271
      1.58014309              -0      3.82532705
      1.58056278              -4       3.8413113
      1.63866402              -6      4.26843371
      1.60141444              -7       3.4695023
      2.04967617              -7      1.33754622
      1.78697767              -7       4.7362037
      1.90242254              -9      1.51690299
      1.70824357              -4      2.60402321
      1.64010967              -1      4.27453769
      2.28420048              -5       1.1195001
      1.80439864              -9      1.68307251
      1.78698878              -9      1.72118029
      2.97758899              -1     0.625052309
      2.35601734              -5      1.06130597
      1.70670254              -1       2.4973755
      1.69764629              -7      2.83620946
      1.70618134              -4      2.03795233
      2.90714587              -7      6.62378085
      1.77639924              -7       4.7083044
      1.75579644              -0      4.65256473
      1.70137884              -9      2.34609439
      1.74640041              -9      1.83217823
      1.68690813              -7      4.44672523
      2.54573203              -4     0.918642986
      1.70149577              -9      2.78995606
      1.58521793              -4      3.62748399
      1.59031655              -0      3.98677991
      3.03684216              -1      6.76625646
      1.71623301              -4        1.962561
      2.52621424              -0      6.14779669
      3.04433989              -0       6.7742662
      1.70817457              -4      2.62112591
      1.74318606              -7      4.61739651
      2.84882046              -9     0.710116439
      2.01465853              -1      5.26617028
      1.69180172              -4       2.8927187
      1.77846288              -2      4.71378276
      2.74223332              -1      6.43002147
       1.8535181              -0      4.92083111
      1.69798793              -1      2.83248716
      2.99023746              -0      6.71593703
      3.03509646              -1      6.76438822
      2.18768063              -6      5.60698957
      1.74247282              -0      4.94658576
      2.00565666              -7      5.24709949
      3.00819542              -9     0.604970174
      1.59244775              -6      4.00638234
      1.75096515              -9       1.8174091
      1.60399428              -6      4.09204247
      1.70181122              -5      2.78563074
      1.60853241              -0      4.11998713
      1.70223063              -1      2.08471842
      1.19561645              -0      5.01312078
      1.60980584              -6      4.12744213
      2.22687184              -7      5.67756059
      2.46664918              -2      6.06269502
      2.27884847              -7      5.76759359
      1.57968087              -4      3.79238105
       1.7010595              -4      2.33696548
      1.70709561              -2      2.51249985
      1.62662459              -6      4.21470947
      1.61919173              -4      4.17833323
      1.58277914              -6      3.66635707
      1.68074282              -4      2.97872448
      1.89938802              -5      1.52125209
      1.36863037              -3      5.02262898
       2.2505759              -9      1.14780942
      1.69908012              -7      2.15350255
      1.57972987              -4      3.76207258
      1.64628859              -1      4.29992814
      1.76035112              -7      1.78928548
      1.70697254              -1      2.50756571
      1.61832601              -5      4.17389673
      2.37890034              -0      5.94563105
       1.8365627              -9      1.62132952
      1.60003376              -0       3.4802055
      2.59961652              -1      6.24798251
      1.24901587              -8      5.88915409
      1.70552486              -7      2.45910281
      1.67132906              -5      3.04140039
      1.69489813              -1      2.86425034
      1.85449275              -5      1.59050036
      2.00878934              -9      1.38244781
      1.98063484              -1      5.19337984
      1.70687115              -1      4.51037867
      1.81797331              -1      4.81559604
      1.70197064              -6      2.36244406
      1.57972644              -2       3.7985605
       1.8439006              -2      1.60844964
      1.83507719              -6      4.85811217
      2.59463344              -4      6.24133295
      3.03072693              -7      6.75970642
      1.76032628              -4      1.78935643
      2.38330226              -7      5.94770897
      1.96216496              -7      5.15304827
      1.75165101              -4      4.64109933
       1.6999084              -9       2.3007632
      1.92303554              -0      5.07577515
      1.65435397              -4      3.14351745
      1.58904346              -2       3.9741286
       1.6613862              -6      4.35797791
      1.70338463              -1      4.49955292
      1.58575549              -5      3.62010281
       1.6687689              -0      4.38469134
        1.580242              -7      3.73110473
       1.7022573              -6       2.7793253
       1.6700797              -4      4.38933668
      1.59261246              -0      4.00782725
      1.99628756              -9       1.3967929
      1.82732741              -9      1.63811483
       2.8785945              -2      6.59133064
      1.68338394              -1      2.95975988
      1.69841958              -7       2.2103364
       2.4567171              -9     0.983913893
      1.62489552              -1      3.31392546
      1.74047986              -1      4.60973205
      1.65343774              -1      3.14882003
      2.94328926              -0      6.66427049
      1.65976884              -1      3.11187128
      1.58271916              -7      3.66747093
      1.70096558              -4      2.33422665
      2.80972588              -0      6.51124063
      1.50581253              -8      5.90211955
      2.68114942              -1      6.35391337
      1.96597095              -0      5.16140689
      1.65826901              -6      4.34639605
      1.65497766              -6      4.33395336
      1.60997844              -4      3.40818487
      1.68877888              -1       2.9182159
      3.03126523              -4     0.589853402
      2.98895659              -0      6.71454076
      2.10155483              -9      1.28430076
      1.70080391              -1      2.10861721
      2.77298329              -4     0.760901616
      1.91790407              -7      5.85406114
      2.15496167              -9      1.23296926
      2.22898473              -0       5.6812986
      2.43788478              -4      6.02026039
      1.10597968              -7      5.00619151
      1.72681326              -1      1.90764586
      1.95356216              -4      1.44842475
      1.49614263              -0      5.90178611
       2.1398137              -9      1.24721395
       1.6808323              -7      2.97809405
      1.70804059              -0      2.63524678
      1.77812173              -1      4.94275339
      2.27301118              -9      1.12883842
      1.76031792              -0      5.91004156
       1.7057071              -7      2.71874975
      1.97217894              -1      1.42539451
      1.70816151              -7      2.62291477
      1.70793265              -4      4.51365251
      1.70906105              -4      2.01230044
      1.62766657              -1      4.21958961
      2.44108141              -4      6.02502138
      1.62133435              -7      4.18912236
      2.13361183              -7      5.50568352
      1.82281453              -2      4.82771568
      2.43978109              -2       6.0230861
      2.23090236              -7      5.68468534
       1.7079211              -0      2.64401929
      1.79539894              -4      1.70226953
      1.61900366              -6      4.17737331
      1.69911702              -2       2.8197282
       1.7031697              -2       2.3944086
      1.59435094              -2       3.5278472
      1.68366552              -7      4.43596538
      1.95774214              -2       5.1433036
      1.72197368              -7      4.55606018
      1.76517474              -5      4.67818273
      1.57984142              -7      3.80863943
      1.60683235              -6      4.10978456
      1.80617985              -0      4.78576993
      2.46500211              -7     0.977727805
      1.69058516              -2      2.90321471
      1.63596407              -6      4.25685205
      2.07997561              -0      5.40054733
      2.62226174              -4      6.27793771
      2.57798764              -1      6.21896489
      1.93683671              -0      5.09709459
      1.71684966              -0      4.54076939
      1.74633979              -7      5.90962628
      1.69927038              -7      2.27617442
      2.20118227              -1      5.63156876
      1.05782425              -0      4.99355254
      2.56933045              -0       6.2072354
      1.65612426              -4       3.1332342
      2.27983268              -2      1.12313591
      2.13634781              -1      5.51092176
      1.61274039              -2      4.14407051
      1.65085724              -0      4.31804293
       1.7014514              -5      2.34813416
      1.69850981              -9      2.22898933
      1.70583638              -6      2.71580461
      1.57996738              -6      3.74429069
      1.70806593              -7      2.63306648
      1.61588421              -6      3.36949042
      1.57992976              -0      3.81439472
      1.85363213              -4      1.59193216
      1.63765827              -6      3.23928905
      1.75379216              -0      4.64703257
      1.74247631              -5      1.84556104
      1.70574026              -7      2.46559118
      1.60097468              -0        3.472881
      2.58157381              -7       6.2238043
      2.13456125              -0      5.50750262
      1.70763921              -2      2.65956529
      2.82267349              -5     0.727553527
       2.4849954              -7      6.08929425
      1.83750469              -0      4.86408051
      1.76369609              -5      1.77988197
      1.78347381              -2      4.72701239
      1.70729366              -2      2.52093293
       1.5796613              -2      3.77271654
      2.56756352              -9     0.902997976
      1.72617131              -4      4.56843963
      1.68886388              -1      2.91752415
      1.61229989              -2      4.14162052
      2.00573121              -1      1.38592807
      1.71510588              -2      1.96946539
      1.58951384              -6      3.57523616
      2.65847479              -9     0.839103657
      1.62591687              -7      3.30781776
      1.69112733              -9      2.89857902
      2.82774593              -0      6.53245587
      1.71818319              -0      4.54476843
       2.5073238              -4      6.12119642
      1.58461746              -1      3.92154225
      2.11524841              -1      5.47021315
      1.70208062              -5       2.3654229
      1.99268276              -6       5.2193766
       1.9515625              -0      5.12963159
      1.60866707              -4      3.41711265
      1.59962852              -6      4.06266251
       2.1489275              -1      5.53485188
      2.78116633              -1      6.47722042
      2.51779217              -0      6.13598058
      1.70223119              -1      2.36947842
       1.5917064              -4      3.99976144
      1.64156084              -0      4.28060009
      2.76889312              -0      6.46244615
      2.26944718              -0      5.92959641
      1.78985414              -5      1.71462306
      1.67395045              -1      4.40289521
      2.58024687              -4      6.22201496
      1.78855407              -2      4.74032337
      1.64017891              -6      4.27482844
      2.07119187              -0      5.38288364
      1.69848161              -1       2.2253252
      1.63881457              -6      4.26907248
      1.69853697              -2      2.18398767
       1.5874038              -1      3.59919096
      1.66593575              -5      3.07491271
      1.69843709              -7      2.21719805
      1.58852765              -5      3.96876081
      2.08952033              -9      1.29632657
      1.67423963              -1      3.02269061
      1.69445542              -9      2.86849759
      2.84043822              -5     0.715698922
      2.12064683              -4      5.48069714
      1.67437466              -2         3.02181
      1.58381637              -0      3.64850392
      1.59225495              -1      4.00467913
      1.70814436              -4      2.62506172
      1.70537792              -6        2.725912
      2.30019168              -9      1.10628896
      1.85478667              -1      1.59001241
      1.66461739              -0      4.36978857
      1.59912195              -7      4.05905888
      1.31017106              -7      5.01964903
      2.77972545              -4     0.756359049
       1.5639344              -3       4.9589828
      2.02123653              -4      5.28002109
      1.68428899              -2       2.9530769
      1.59516677              -4      3.52058017
      1.70512277              -5      2.44738644
      1.66283725              -6      4.36330559
      1.72455132              -7      1.91819498
      2.10240813              -5      1.28345497
      1.60917267              -6      4.12375461
      1.58727799              -0      3.95507155
       1.0895289              -0      5.00439708
      1.83694664              -0      4.86270981
      1.70824542              -4      2.59998375
      1.64436095              -5      3.20090814
      1.80020692              -1      1.69188963
       1.5818905              -7      3.87546137
      1.62447185              -1      3.31646838
      1.58872483              -7      3.97083062
       1.6984209              -4      2.21130412
      1.83302333              -0      4.85305025
      1.78609177              -6      4.73388434
      1.58076391              -0       3.7127016
      1.95043155              -1      1.45238634
      1.66042182              -7      3.10801132
      1.58106484              -1      3.85608241
      1.70817722              -9      2.62074312
      2.41574958              -9      1.01488343
       1.7009648              -7      2.10557474
      2.20308934              -0      5.63501774
      1.63391677              -4      3.26086694
      1.69303123              -2      2.88174242
      2.73008657              -7     0.789950829
       1.6252491              -2      3.31180748
      2.10698507              -4      5.45407397
      1.95849859              -9      1.44223148
       1.6381535              -7      3.23644438
      1.34350069              -8      5.87377513
      1.60195516              -4        3.465385
      2.28304204              -7      1.12046324
      1.59398324              -4      3.53117934
      1.64362862              -1      4.28913086
      2.06655652              -1      5.37351133
       1.6615781              -6       3.1011484
      1.70261805              -9      2.07915258
      1.72449301              -7      4.56350544
        2.016098              -0      5.26920739
      1.60915936              -4       4.1236767
      1.06277088              -3      4.99207302
      1.65570018              -1      4.33670433
      2.29236198              -9      1.11273809
      1.74410274              -1      1.83993113
       1.7005348              -9      2.80253462
      1.85476866              -1       1.5900423
      1.83911225              -4      4.93072617
      1.99392807              -2        1.399536
      1.60744911              -4      4.11352035
      1.58770638              -4       3.5955861
      1.86915455              -9      1.56676974
      2.15664586              -0      5.54940913
      1.67793803              -5      2.99810684
      1.71547801              -6      4.53664124
       1.5871023              -6      3.95305966
      2.55392163              -4      6.18619133
      1.72580135              -5      1.91230068
      1.70841564              -1      2.01765655
      1.70777958              -4      2.65244455
      2.72443131              -1     0.793800854
      1.60064857              -6      3.47540457
      1.92314147              -7      5.07587341
      1.91288795              -5      1.50217515
      1.68805633              -0      4.45050434
      1.93686878              -4      5.09716267
      1.73717026              -0      4.60029839
      2.39782644              -7      5.96042181
      1.98518605              -2      5.20322906
      1.57964762              -4      3.78286523
      1.58454707              -6       3.9205453
      1.58279532              -1      3.89288956
      1.70650083              -7      2.49021663
      1.70515216              -9      2.04845976
      1.95561678              -9      1.44583915
       1.7884544              -7      4.74006319
      2.55099878              -1      6.18217505
      1.23713613              -8       5.8874528
      2.03986281              -2      5.31885368
      1.59262351              -2      3.54383888
      1.60848581              -6      3.41835779
       2.5592474              -0      6.19348925
      1.69917533              -7      2.27194439
      1.63152224              -1      3.27478145
      1.58052703              -7      3.84011855
      1.74380166              -9      1.84096419
      1.70180998              -1      2.78564802
      2.06194669              -4      5.36415575
      1.68911242              -0      4.45396647
      1.81753328              -7       4.9366091
      1.70681066              -2      2.69025776
      1.58386301              -7      3.64775453
       1.7008389              -6      4.49157563
      1.63839785              -2      4.26730265
      1.77048142              -1      4.69249346
      2.21062185              -1      5.64858568
      2.15459388              -2      5.54554826
       2.0820956              -9      1.30383927
      2.16245183              -9      1.22601047
      1.61990776              -6      4.18196844
       1.8915889              -9      1.53260173
      1.97956639              -9      1.41649139
      1.31406468              -2      5.89407952
      1.64263114              -1      4.28503111
      1.77998176              -9        1.737762
      1.80157639              -4      4.77400516
      2.29027979              -0      5.78687231
      1.97765661              -0      5.18691573
      1.75241245              -4       4.6432121
       1.8142611              -7       1.6631019
      1.77602299              -9      1.74750484
       1.7006405              -4      2.32451503
      1.76710987              -4      4.68341622
      1.80102427              -7      4.77258932
      1.70719836              -5      2.51679078
      1.71024923              -9      2.00291887
      1.07296535              -3       5.0021026
      2.83338947              -7       6.5390614
       1.6011116              -6      4.07296417
      1.60207433              -6      4.07946679
      1.84936569              -4      1.59909823
      1.69878096              -5      2.25117138
      1.57996547              -4      3.74439881
      1.57063706              -3      4.95860472
      1.59012636              -2      3.56873391
      1.69617512              -2      4.47679371
      1.69551703              -2      2.85819852
      1.98326367              -1      5.19907313
      2.05391281              -5      1.33305306
      2.79077009              -0      6.48871585
      1.70569753              -7      2.46429063
      2.95262416              -2     0.641462177
      1.63550754              -1      3.25167183
      2.78799158              -9     0.750797664
      1.62129185              -6      4.18891087
      1.58181578              -7      3.68574161
      1.86572842              -1      5.05585113
      1.69990603              -2      2.81033999
      1.71839848              -5      1.94999145
      1.70438473              -9      2.42684114
      2.39651694              -0      5.95876251
      1.63057229              -0      4.95503443
      1.69974872              -1      2.13227081
      1.88941587              -2      5.06063495
      1.65014022              -7      4.31523409
      2.88261626              -7     0.687674407
      1.77871183              -9      1.74085629
       1.5796522              -0      3.78543837
      1.70653127              -9      2.03456634
      1.77766154              -2      1.74343738
      1.70379054              -1       2.4108601
      2.21157748              -4      5.65030077
      1.69877678              -5      2.25090795
      1.67392663              -4      3.02472729
      1.61259008              -1      4.14323625
      1.70574796              -6      2.71782767
      1.14098005              -6      4.98284945
      1.63390281              -4      3.26094777
      1.65074554              -2      4.31760618
      1.67717689              -1      3.00324988
      1.61676507              -1      3.36389883
      1.59229297              -6      4.00501598
      1.61459844              -7      3.37772837
      2.08938502              -0      5.41932949
      1.72596591              -0      4.56783685
       1.8051283              -6      4.78308879
      1.69967704              -7      2.29243584
      1.89283448              -9      1.53077204
      2.09410614              -4       1.2917224
       2.2397262              -1      1.15710815
      2.21194374              -4      5.65095775
      1.58693379              -6      3.60492255
      2.90123036              -0      6.61709205
      1.58370284              -2      3.65034498
      1.84870344              -9      1.60022095
      1.58707495              -2      3.95274433
      1.58515191              -7      3.92889167
      1.68003514              -0      2.98368292
      1.65807331              -0      3.12184557
      2.13884865              -1      5.51569927
      1.64573032              -0      3.19307866
      1.27650043              -8      5.89165618
      1.62078934              -4      4.18640296
      1.68064951              -4      4.42583718
      1.70459915              -0       2.7413075
      1.58582527              -6      3.61916749
      1.60173703              -2      3.46704116
       1.7805661              -7        4.719348
      1.33668465              -7      4.97088895
      1.94635363              -0       5.1180595
      1.72249002              -9       1.9282945
      1.88784145              -7       1.5381469
      2.29363901              -0      5.79251237
      1.70556351              -9      2.46025481
      1.69849017              -2      2.22650835
      1.70567709              -2      2.71942196
      2.71275712              -4      6.39362106
      1.63102133              -4       3.2777051
      1.70107451              -9       2.1035617
      2.28000607              -2      5.76955401
      1.78853643              -0      4.74027734
      1.57968561              -6      3.76787655
      1.58294386              -4      3.66334975
      1.73985214              -0      4.60794794
      1.58194115              -0       3.8765216
      2.57350119              -7     0.898764855
      1.70753923              -0      2.66412404
      1.70817084              -6      2.57911821
      2.25734849              -0      5.73083253
      1.68491749              -0      4.44013529
       1.6071123              -6      4.11148527
      1.69895674              -6       2.1585831
      1.98168399              -2      5.19565339
      1.64800878              -7      4.30681036
      1.60838458              -7      4.11911154
      1.65120647              -4      4.31940658
      1.59388154              -1      4.01866945
      1.75860969              -2      1.79430103
       1.7329064              -7      4.58804326
      2.22204791              -0      5.66900107
      1.73064373              -2      4.58149181
      2.00793525              -7      5.25193948
      2.02809868              -1      5.91840228
      1.70032387              -7      2.11844864
      1.70363775              -4      2.40679732
      1.58599182              -4      3.61695505
      1.70251051              -9      2.37694629
       1.6354648              -2      3.25191839
      1.59995349              -7      4.06495084
      1.70185634              -6      2.78500334
      1.64806981              -4      4.30705312
      1.74090342              -9      1.85112504
      2.03400978              -0       5.3067127
      1.58142817              -1      3.86516472
      2.18861889              -1       5.6087068
      2.29332884              -9      1.11193971
      1.70685512              -7      2.68889989
      1.60095675              -1      3.47301932
      1.58305059              -0      3.89733234
      1.60134156              -1      4.07453007
      1.69972805              -5      2.29431811
      2.02505205              -0      5.28802238
      1.68473556              -1      2.94974117
      1.58750152              -4      3.95759824
      1.67284565              -4      3.03171414
       1.6484629              -2      3.17743802
      1.70197735              -9      2.36262616
      1.70462847              -7      2.43351876
      1.57979646              -4      3.75577392
      1.70201726              -2      2.08792248
      1.74106368              -9      1.85055253
      2.54361824              -5     0.920164727
      1.69881354              -9      2.25318213
      1.27586434              -8      5.89160826
      2.09320606              -5      5.42691549
      2.04612487              -7      5.33178074
      1.69877401              -5      2.16743124
      1.58244051              -4      3.88640171
      1.84937314              -2       4.8932443
      1.69848166              -5       2.2253324
      1.61036802              -7      4.13068539
      1.63900507              -0       4.2698797
      1.58694934              -4      3.60473022
      1.58811267              -6      3.96432834
      1.57970052              -7      3.76566758
      1.60674063              -4      4.10922552
      2.21931386              -2      5.66413414
       1.5868127              -0      3.60642685
      1.83642144              -7      4.93169521
      1.94423736              -0      5.11335075
      1.70761337              -9      2.53636868
      1.70968363              -5      2.00731196
      1.60791865              -7      4.11633786
      3.03145828              -4     0.589726961
      1.70712118              -4      2.02904603
      1.58104197              -0      3.70466597
      2.02549263              -4      5.28894476
      2.78431159              -2     0.753272463
      1.66587611              -1      3.07527625
      1.81329173              -7      4.80380861
      1.68003548              -0      4.42376043
      2.04940228              -0      5.33852078
       3.1605636              -4     0.505244128
      1.70190309              -4       5.9083021
      2.68589644              -7      6.35992293
      2.05590201              -0      5.35183541
        1.704239              -5      2.74784399
      1.11544816              -2      5.00710107
      1.63254642              -6      4.24182762
      1.68421484              -6      2.95362826
      1.28407099              -8      5.89220404
      1.45640417              -0       5.0269566
       1.7422536              -9      1.84634157
      1.72678468              -7       4.5702379
      1.58672868              -5      3.94870069
      1.84932422              -1      4.92539145
      1.71734208              -4      1.95601635
      2.22100935              -5      5.66715364
      1.74066069              -0      4.61024555
      2.05048136              -5      1.33669013
      1.95151207              -1      1.45101599
      2.30421883              -4        5.811416
      1.87521259              -9      1.55730439
      1.58078683              -6      3.71200471
      1.67183891              -4      4.39552779
      1.58862602              -0      3.58499654
      1.63048655              -7      3.28083188
      1.88890333              -2      5.06050831
      1.84322771              -6      4.87809844
      1.58449327              -1      3.63799054
      1.60361513              -6       3.4529838
       1.7067397              -2      2.69238007
      2.55019585              -5     0.915433526
       1.5799607              -4      3.74467095
      1.84129687              -0      4.87337541
      1.81106363              -6      4.79817463
      1.61187768              -0      4.13925749
      1.58531833              -0      3.62608077
      2.95301694              -5     0.641203757
      1.26129379              -1      5.87903133
      1.68178719              -2      2.97131555
      2.92658899              -7      6.64564177
      1.76714238              -1        4.683504
      1.61327441              -2      4.14701995
      1.67698659              -5      4.41337193
       2.6690804              -9     0.831765786
        1.734243              -0       4.5918975
      1.69616842              -7      4.47677232
      1.70539658              -5      2.45531363
      1.91798473              -9       1.4951475
      1.59377421              -5       4.0177715
      1.58735138              -6      3.95590516
      1.58667067              -1      3.94801365
      1.30667169              -0      4.97248289
      2.52915516              -0      6.15190657
      1.65829931              -0      4.34650957
      1.63525219              -2      3.25314552
      2.18756023              -4      5.60676911
      1.70476257              -5      2.43723332
       1.7011457              -6      2.79463738
      1.70766607              -1      2.65827487
      1.58168067              -0      3.87093532
      1.88009748              -2        5.058522
      1.59049415              -7      3.56491223
      1.63137796              -7      3.27562308
      1.11113965              -3      4.98544805
      1.70601401              -9      2.47410521
      2.39397858              -4      5.95584701
      1.70149634              -4      2.34939187
      2.27266679              -1      1.12912711
       2.1675457              -0      5.56980542
      1.58897239              -0      3.97339783
      2.12358561              -9      1.26274236
      1.69863663              -7      2.24105337
       1.9394631              -7      5.10277592
      1.42152568              -3      5.02524504
      1.76050114              -4      1.78885737
      1.69841835              -9      2.20600013
      1.10303717              -3      5.00589315
      1.62087413              -6       4.1868271
      2.17035465              -4      5.57503116
        1.709465              -9      2.00904483
       1.6658992              -2      3.07513553
      1.58145293              -6      3.86574806
      1.66695248              -1      3.06869346
      1.70341691              -6      2.76170506
      1.58921115              -0       3.9758418
      3.13968656              -1     0.518908604
      3.00143216              -1     0.609404896
      1.71009192              -4      2.00412806
      2.28281744              -4      5.77430725
      1.63580212              -4      4.25614953
      1.74463062              -7      1.83812967
      1.65539331              -0       3.1374866
      2.16057553              -7      5.55678426
      3.08295835              -1      0.55602016
      2.91851507              -1      6.63658669
      1.71016419              -1       2.0035714
      2.29185298              -0      5.78951376
      1.39730513              -0      5.02405262
      3.12077268              -4     0.531283532
      2.98903905              -0      6.71463067
      1.69942837              -1      2.28279755
      2.45135979              -0      6.04025259
      1.59214543              -0      3.54842744
      2.68280073              -7      6.35600574
      1.79594112              -0      4.75950453
      1.99127588              -1      1.40263339
      2.20792734              -5      1.18486478
      1.58045746              -2      3.72280579
      1.98617019              -1      5.20535424
      1.67320533              -2      3.02939732
      2.19262571              -4      1.19850782
      2.73705377              -2      6.42366782
      1.59473747              -7      3.52438299
      1.74413304              -9      1.83982738
      1.58286947              -2      3.66469869
      1.61232994              -6      4.14178817
      1.69843818              -4      2.21747303
      2.11607072              -4      5.47181318
      1.61259514              -6      3.39075922
      1.66186946              -7      4.35975664
      1.73456745              -1      4.59283133
      1.67053631              -1      3.04641325
      1.58689131              -1      3.60544902
      2.01792286              -1      5.27305269
      1.69848171              -4      2.19018813
      1.61852156              -1      4.17490284
      1.85525131              -6      4.91319839
      1.69667135              -2      2.84652075
      1.76964067              -6      4.69023471
      2.17967246              -9      1.21021345
       1.6653217              -2      3.07864936
      1.69385835              -1      2.87412502
      1.59540543              -1      3.51848558
      1.80475276              -9      1.68233707
      1.98164055              -2      5.19555929
       1.6470214              -2      3.18569286
      2.75567746              -4      6.44643042
      2.25483296              -0      5.72648755
       1.7703608              -9      1.76196611
      1.58608244              -4       3.9408801
      1.75880101              -6      4.66081931
      2.65895351              -4      6.32559142
      2.49478363              -2     0.955688794
      1.05980709              -3      4.99287747
      1.73436761              -5      1.87567181
      2.10439598              -9      1.28148808
      2.16665313              -5      1.22213093
      2.27102718              -4      5.75429781
      2.01429729              -7      5.26540757
      1.70726513              -9      2.67512173
      1.66397018              -0      3.08682537
      2.21403738              -1      5.65470922
      2.10348415              -1      5.44720288
      1.61011473              -1      4.12922768
      1.70048836              -2      2.31982434
      1.60904995              -6       4.1230355
      1.73465955              -7      4.59309628
      1.70003396              -0      2.30508184
      1.63273064              -2       3.2677474
      1.75114074              -4      4.63968174
      1.76368811              -0       4.6741503
      1.58147091              -5      3.69368118
      2.11656086              -0      5.47276634
      1.59281009              -2      4.00954913
      2.78043537              -4      6.47634315
      1.69054536              -1      4.45864311
      1.69961614              -6      2.81383894
      1.59104844              -2      3.99371412
      1.70166274              -6      2.35401421
      1.70727754              -5      2.02761977
      1.58659268              -5      3.60919085
      2.00858257              -4      5.25331289
      1.69847221              -9      2.22393484
      1.70350336              -5      2.40323352
      2.01961252              -1       5.2766082
      1.70160937              -9      2.09436307
      1.60374897              -6      4.09046313
      1.59272992              -2      4.00885225
      1.95707093              -7      5.14182178
      1.59849196              -0      4.05451273
       1.7741666              -4      4.70235715
      1.62302075              -6      3.32522243
      1.60171339              -1      3.46722098
       2.6005336              -0      6.24920398
      1.58173503              -0      3.68754204
      1.58507602              -7      3.92787058
      2.19809679              -9      1.19360729
      1.70015712              -9      2.12218407
       1.7062652              -1      2.48223932
      1.75340262              -6      4.64595494
      1.84258782              -9      1.61072593
      2.52407541              -2      6.14480246
      2.41222453              -0      5.98162469
      2.81947767              -4     0.729689666
      1.71019646              -1      2.00332349
      1.63008004              -1      3.28321263
      2.07005275              -1      5.38058368
