10 1
0.14358644
1 -1 1 1
         5.028203871 
    1.19550045228943 
0.13041809
1 -1 1 1
         4.115935197 
    1.74923334216507 
0.11004164
1 -1 1 1
         3.115720787 
    1.52180769906146 
0.011646258
1 -1 1 1
         4.996272568 
  0.0235189546765747 
0.14634925
1 -1 1 1
         3.730382454 
    2.16368294094452 
0.10136988
1 -1 1 1
         2.524272569 
    1.12268996799945 
0.089522024
1 -1 1 1
         3.795244545 
    0.74415249798374 
0.14259026
1 -1 1 1
         3.866147663 
    2.03054180773836 
0.0091472369
1 -1 1 1
         5.884827691 
  0.0185410945111933 
0.11532891
1 -1 1 1
         1.785964371 
    0.62492339795282 
