 0.50614 0.00000e+00
 0.51841 2.95008e-03
 0.53068 2.78805e-03
 0.54295 5.45953e-03
 0.55522 0.00000e+00
 0.56750 2.53181e-03
 0.57977 2.47330e-03
 0.59204 0.00000e+00
 0.60431 0.00000e+00
 0.61658 0.00000e+00
 0.62885 2.21387e-03
 0.64113 0.00000e+00
 0.65340 2.07060e-03
 0.66567 0.00000e+00
 0.67794 0.00000e+00
 0.69021 1.93479e-03
 0.70249 3.73327e-03
 0.71476 1.81336e-03
 0.72703 3.53296e-03
 0.73930 0.00000e+00
 0.75157 3.31853e-03
 0.76385 1.62421e-03
 0.77612 0.00000e+00
 0.78839 0.00000e+00
 0.80066 1.51150e-03
 0.81293 1.47843e-03
 0.82520 1.45476e-03
 0.83748 2.83373e-03
 0.84975 1.38400e-03
 0.86202 0.00000e+00
 0.87429 0.00000e+00
 0.88656 1.31715e-03
 0.89884 1.27043e-03
 0.91111 1.26202e-03
 0.92338 0.00000e+00
 0.93565 2.41642e-03
 0.94792 2.37965e-03
 0.96020 2.32480e-03
 0.97247 3.42263e-03
 0.98474 0.00000e+00
 0.99701 1.11450e-03
 1.00928 2.17713e-03
 1.02155 3.22809e-03
 1.03383 1.05667e-03
 1.04610 1.03450e-03
 1.05837 4.09316e-03
 1.07064 2.02374e-03
 1.08291 1.99031e-03
 1.09519 1.96840e-03
 1.10746 0.00000e+00
 1.11973 9.56152e-04
 1.13200 2.85255e-03
 1.14427 0.00000e+00
 1.15655 9.26374e-04
 1.16882 3.66926e-03
 1.18109 9.12291e-04
 1.19336 8.98557e-04
 1.20563 1.78096e-03
 1.21790 1.77737e-03
 1.23018 7.03203e-03
 1.24245 2.61422e-03
 1.25472 2.59746e-03
 1.26699 0.00000e+00
 1.27926 3.41497e-03
 1.29154 2.54496e-03
 1.30381 2.52844e-03
 1.31608 1.68055e-03
 1.32835 8.34601e-04
 1.34062 8.30985e-04
 1.35290 8.29498e-04
 1.36517 0.00000e+00
 1.37744 1.64333e-03
 1.38971 2.45967e-03
 1.40198 8.16992e-04
 1.41425 8.15202e-04
 1.42653 3.25512e-03
 1.43880 8.12231e-04
 1.45107 1.62296e-03
 1.46334 8.10984e-04
 1.47561 2.43129e-03
 1.48789 4.05113e-03
 1.50016 2.43090e-03
 1.51243 0.00000e+00
 1.52470 2.43357e-03
 1.53697 1.62362e-03
 1.54925 3.25219e-03
 1.56152 1.62936e-03
 1.57379 8.16662e-04
 1.58606 4.90735e-03
 1.59833 0.00000e+00
 1.61060 3.29126e-03
 1.62288 8.25153e-04
 1.63515 8.26809e-04
 1.64742 4.14999e-03
 1.65969 2.50077e-03
 1.67196 1.67566e-03
 1.68424 1.68252e-03
 1.69651 3.38025e-03
 1.70878 8.46407e-04
 1.72105 2.55531e-03
 1.73332 8.58124e-04
 1.74560 4.30398e-03
 1.75787 1.72948e-03
 1.77014 8.67569e-04
 1.78241 2.62571e-03
 1.79468 1.76270e-03
 1.80695 4.42644e-03
 1.81923 0.00000e+00
 1.83150 3.57712e-03
 1.84377 4.50570e-03
 1.85604 9.07004e-04
 1.86831 2.73414e-03
 1.88059 0.00000e+00
 1.89286 9.24521e-04
 1.90513 1.86249e-03
 1.91740 0.00000e+00
 1.92967 1.88082e-03
 1.94195 1.89075e-03
 1.95422 4.75905e-03
 1.96649 0.00000e+00
 1.97876 1.93531e-03
 1.99103 9.72764e-04
 2.00330 2.93345e-03
 2.01558 1.96556e-03
 2.02785 9.91454e-04
 2.04012 9.94844e-04
 2.05239 2.00251e-03
 2.06466 0.00000e+00
 2.07694 3.03677e-03
 2.08921 3.04808e-03
 2.10148 3.07167e-03
 2.11375 5.14529e-03
 2.12602 2.06514e-03
 2.13830 2.07633e-03
 2.15057 2.08586e-03
 2.16284 4.19630e-03
 2.17511 1.05475e-03
 2.18738 3.16966e-03
 2.19965 0.00000e+00
 2.21193 1.06774e-03
 2.22420 1.06994e-03
 2.23647 0.00000e+00
 2.24874 2.15476e-03
 2.26101 3.24213e-03
 2.27329 1.08306e-03
 2.28556 0.00000e+00
 2.29783 1.08955e-03
 2.31010 4.37255e-03
 2.32237 2.19102e-03
 2.33465 1.09792e-03
 2.34692 1.09949e-03
 2.35919 2.20217e-03
 2.37146 3.30794e-03
 2.38373 0.00000e+00
 2.39600 0.00000e+00
 2.40828 2.21277e-03
 2.42055 2.21442e-03
 2.43282 6.64564e-03
 2.44509 1.10785e-03
 2.45736 1.10824e-03
 2.46964 1.10840e-03
 2.48191 1.10830e-03
 2.49418 3.32430e-03
 2.50645 2.21530e-03
 2.51872 2.21484e-03
 2.53100 0.00000e+00
 2.54327 1.10597e-03
 2.55554 1.10490e-03
 2.56781 1.10306e-03
 2.58008 1.10225e-03
 2.59235 4.40376e-03
 2.60463 0.00000e+00
 2.61690 1.09726e-03
 2.62917 1.09550e-03
 2.64144 2.18923e-03
 2.65371 1.09205e-03
 2.66599 1.09053e-03
 2.67826 1.08920e-03
 2.69053 3.26082e-03
 2.70280 3.25529e-03
 2.71507 6.49555e-03
 2.72735 1.08068e-03
 2.73962 1.07915e-03
 2.75189 2.15021e-03
 2.76416 2.14733e-03
 2.77643 0.00000e+00
 2.78870 0.00000e+00
 2.80098 2.13321e-03
 2.81325 1.06316e-03
 2.82552 0.00000e+00
 2.83779 2.11731e-03
 2.85006 1.05627e-03
 2.86234 2.10692e-03
 2.87461 0.00000e+00
 2.88688 1.04831e-03
 2.89915 2.09352e-03
 2.91142 2.08920e-03
 2.92370 1.04203e-03
 2.93597 0.00000e+00
 2.94824 4.14603e-03
 2.96051 1.03466e-03
 2.97278 3.09562e-03
 2.98505 3.08966e-03
 2.99733 2.05610e-03
 3.00960 1.02453e-03
 3.02187 1.02399e-03
 3.03414 5.10725e-03
 3.04641 1.01905e-03
 3.05869 3.05002e-03
 3.07096 4.05766e-03
 3.08323 1.01261e-03
 3.09550 3.03268e-03
 3.10777 3.02544e-03
 3.12005 3.01969e-03
 3.13232 3.01429e-03
 3.14459 1.00380e-03
 3.15686 2.00197e-03
 3.16913 3.99720e-03
 3.18140 9.97248e-04
 3.19368 3.98455e-03
 3.20595 9.93907e-04
 3.21822 3.97116e-03
 3.23049 0.00000e+00
 3.24276 9.89032e-04
 3.25504 9.88237e-04
 3.26731 1.97473e-03
 3.27958 0.00000e+00
 3.29185 9.83966e-04
 3.30412 9.83272e-04
 3.31640 9.81325e-04
 3.32867 1.96159e-03
 3.34094 0.00000e+00
 3.35321 2.93396e-03
 3.36548 3.90804e-03
 3.37775 1.95207e-03
 3.39003 1.95022e-03
 3.40230 2.92258e-03
 3.41457 2.91983e-03
 3.42684 3.88979e-03
 3.43911 1.94376e-03
 3.45139 1.94243e-03
 3.46366 3.88047e-03
 3.47593 3.87826e-03
 3.48820 0.00000e+00
 3.50047 1.93705e-03
 3.51275 4.83957e-03
 3.52502 2.90242e-03
 3.53729 9.66942e-04
 3.54956 1.93333e-03
 3.56183 9.66377e-04
 3.57410 2.89804e-03
 3.58638 0.00000e+00
 3.59865 1.93107e-03
 3.61092 2.89584e-03
 3.62319 9.65071e-04
 3.63546 2.89508e-03
 3.64774 1.92983e-03
 3.66001 0.00000e+00
 3.67228 2.89453e-03
 3.68455 0.00000e+00
 3.69682 4.82451e-03
 3.70910 9.64962e-04
 3.72137 0.00000e+00
 3.73364 0.00000e+00
 3.74591 9.65364e-04
 3.75818 9.65505e-04
 3.77045 1.93161e-03
 3.78273 5.79637e-03
 3.79500 1.93261e-03
 3.80727 0.00000e+00
 3.81954 1.93372e-03
 3.83181 1.93455e-03
 3.84409 2.90280e-03
 3.85636 2.90404e-03
 3.86863 0.00000e+00
 3.88090 1.93757e-03
 3.89317 2.90750e-03
 3.90545 1.93885e-03
 3.91772 2.90980e-03
 3.92999 9.70477e-04
 3.94226 9.70912e-04
 3.95453 0.00000e+00
 3.96680 2.91545e-03
 3.97908 1.94420e-03
 3.99135 2.91791e-03
 4.00362 9.73109e-04
 4.01589 2.92078e-03
 4.02816 5.84433e-03
 4.04044 9.74228e-04
 4.05271 0.00000e+00
 4.06498 1.95050e-03
 4.07725 2.92699e-03
 4.08952 9.75795e-04
 4.10180 9.76440e-04
 4.11407 3.90629e-03
 4.12634 9.76841e-04
 4.13861 1.95434e-03
 4.15088 4.88706e-03
 4.16315 0.00000e+00
 4.17543 9.77794e-04
 4.18770 2.93388e-03
 4.19997 9.78030e-04
 4.21224 9.78138e-04
 4.22451 4.89072e-03
 4.23679 2.93440e-03
 4.24906 1.95618e-03
 4.26133 2.93389e-03
 4.27360 9.77757e-04
 4.28587 9.77544e-04
 4.29815 1.95463e-03
 4.31042 9.77092e-04
 4.32269 0.00000e+00
 4.33496 3.90482e-03
 4.34723 1.95144e-03
 4.35950 9.74912e-04
 4.37178 0.00000e+00
 4.38405 9.73821e-04
 4.39632 9.72940e-04
 4.40859 1.94453e-03
 4.42086 3.88554e-03
 4.43314 4.85258e-03
 4.44541 2.90833e-03
 4.45768 1.93638e-03
 4.46995 9.66590e-04
 4.48222 0.00000e+00
 4.49450 9.63830e-04
 4.50677 1.92564e-03
 4.51904 2.88632e-03
 4.53131 3.84068e-03
 4.54358 4.79216e-03
 4.55585 1.91383e-03
 4.56813 9.55377e-04
 4.58040 1.90729e-03
 4.59267 1.90288e-03
 4.60494 2.84889e-03
 4.61721 9.47903e-04
 4.62949 0.00000e+00
 4.64176 2.83047e-03
 4.65403 9.39967e-04
 4.66630 9.38062e-04
 4.67857 2.80837e-03
 4.69085 9.33169e-04
 4.70312 3.72762e-03
 4.71539 1.85864e-03
 4.72766 1.85084e-03
 4.73993 3.69619e-03
 4.75220 4.60549e-03
 4.76448 2.75681e-03
 4.77675 4.57748e-03
 4.78902 0.00000e+00
 4.80129 3.64128e-03
 4.81356 4.53596e-03
 4.82584 9.04949e-04
 4.83811 1.80062e-03
 4.85038 8.99139e-04
 4.86265 8.94851e-04
 4.87492 3.57341e-03
 4.88720 1.77895e-03
 4.89947 3.54931e-03
 4.91174 2.65244e-03
 4.92401 3.52663e-03
 4.93628 2.63509e-03
 4.94855 5.24679e-03
 4.96083 0.00000e+00
 4.97310 1.73857e-03
 4.98537 1.73102e-03
 4.99764 8.63406e-04
 5.00991 4.30124e-03
 5.02219 8.57183e-04
 5.03446 4.27155e-03
 5.04673 1.70340e-03
 5.05900 2.54628e-03
 5.07127 2.53793e-03
 5.08355 2.53069e-03
 5.09582 8.41209e-04
 5.10809 0.00000e+00
 5.12036 0.00000e+00
 5.13263 1.66690e-03
 5.14490 1.65999e-03
 5.15718 1.65825e-03
 5.16945 1.65039e-03
 5.18172 8.24298e-04
 5.19399 2.46423e-03
 5.20626 3.27668e-03
 5.21854 1.63386e-03
 5.23081 1.63056e-03
 5.24308 8.12687e-04
 5.25535 1.62423e-03
 5.26762 8.10887e-04
 5.27990 8.07883e-04
 5.29217 4.84192e-03
 5.30444 5.63817e-03
 5.31671 3.21811e-03
 5.32898 3.21122e-03
 5.34125 1.60363e-03
 5.35353 3.20274e-03
 5.36580 7.99562e-04
 5.37807 5.59242e-03
 5.39034 2.39509e-03
 5.40261 2.39344e-03
 5.41489 1.59449e-03
 5.42716 3.18759e-03
 5.43943 1.59353e-03
 5.45170 1.59317e-03
 5.46397 2.38973e-03
 5.47625 5.57705e-03
 5.48852 0.00000e+00
 5.50079 7.97429e-04
 5.51306 2.39395e-03
 5.52533 3.19463e-03
 5.53760 6.39667e-03
 5.54988 2.40199e-03
 5.56215 3.20591e-03
 5.57442 8.02683e-04
 5.58669 8.04420e-04
 5.59896 2.41811e-03
 5.61124 2.42291e-03
 5.62351 1.61883e-03
 5.63578 8.11914e-04
 5.64805 8.13048e-04
 5.66032 2.44812e-03
 5.67260 0.00000e+00
 5.68487 8.20750e-04
 5.69714 1.65039e-03
 5.70941 4.96155e-03
 5.72168 1.66290e-03
 5.73395 2.50126e-03
 5.74623 3.35247e-03
 5.75850 1.68448e-03
 5.77077 2.53910e-03
 5.78304 2.55018e-03
 5.79531 8.54131e-04
 5.80759 1.71752e-03
 5.81986 0.00000e+00
 5.83213 2.60891e-03
 5.84440 4.36642e-03
 5.85667 1.76252e-03
 5.86895 1.77395e-03
 5.88122 1.78581e-03
 5.89349 1.79389e-03
 5.90576 1.80735e-03
 5.91803 0.00000e+00
 5.93030 9.16745e-04
 5.94258 9.24984e-04
 5.95485 9.30666e-04
 5.96712 2.82836e-03
 5.97939 0.00000e+00
 5.99166 9.62169e-04
 6.00394 2.90401e-03
 6.01621 1.95110e-03
 6.02848 9.83175e-04
 6.04075 2.98974e-03
 6.05302 4.02356e-03
 6.06530 4.07066e-03
 6.07757 3.07769e-03
 6.08984 1.04297e-03
 6.10211 1.04730e-03
 6.11438 4.25166e-03
 6.12665 2.14499e-03
 6.13893 3.26362e-03
 6.15120 0.00000e+00
 6.16347 5.57369e-03
 6.17574 1.12324e-03
 6.18801 3.43925e-03
 6.20029 2.31824e-03
 6.21256 0.00000e+00
 6.22483 1.19383e-03
 6.23710 3.61620e-03
 6.24937 3.67747e-03
 6.26165 1.23530e-03
 6.27392 1.25795e-03
 6.28619 0.00000e+00
 6.29846 0.00000e+00
 6.31073 0.00000e+00
 6.32300 0.00000e+00
 6.33528 0.00000e+00
 6.34755 2.75451e-03
 6.35982 0.00000e+00
 6.37209 2.86310e-03
 6.38436 2.90753e-03
 6.39664 1.47501e-03
 6.40891 3.00633e-03
 6.42118 3.04733e-03
 6.43345 6.23073e-03
 6.44572 1.59642e-03
 6.45800 3.22875e-03
 6.47027 0.00000e+00
 6.48254 3.35673e-03
 6.49481 1.02674e-02
 6.50708 3.49112e-03
 6.51935 7.12552e-03
 6.53163 3.61172e-03
 6.54390 1.84038e-03
 6.55617 1.88168e-03
 6.56844 0.00000e+00
 6.58071 0.00000e+00
 6.59299 0.00000e+00
 6.60526 0.00000e+00
 6.61753 0.00000e+00
 6.62980 0.00000e+00
 6.64207 2.20039e-03
 6.65435 0.00000e+00
 6.66662 2.30678e-03
 6.67889 0.00000e+00
 6.69116 4.79528e-03
 6.70343 7.33620e-03
 6.71570 0.00000e+00
 6.72798 0.00000e+00
 6.74025 0.00000e+00
 6.75252 0.00000e+00
 6.76479 0.00000e+00
 6.77706 0.00000e+00
