# npar = 1, n_ded = 0
#         weight            chi2        param[0]
#                                     alpha_topo
      2.29464785              -0      6.42741633
      1.63518563              -0      5.53872477
       1.8231205              -6      3.69937644
      1.96067788              -4      2.42486205
      1.82833374              -0      3.91670592
      1.87173998              -9      1.06914065
      2.05074525              -2     0.933013635
       1.8823907              -0      6.07245401
      2.22906441              -0      6.38103541
      1.66340294              -9      1.61141018
      1.82321977              -2      3.63471094
      1.65656814              -1      5.22167786
       1.6497079              -9      1.45503833
      1.86424402              -0      6.05119817
      1.67200566              -7      5.15046095
      1.87254743              -5      2.08083565
      1.75451522              -9      1.84405659
       1.9550834              -5      2.59185692
      1.76539605              -9      1.86572316
      2.42714039              -9     0.726296446
      1.63442034              -1      5.37856106
      2.34239301              -0      6.45972743
      1.65307597              -9      1.55667078
      1.70359908              -9      1.27439497
      1.82358565              -1      3.60604352
      1.78085572              -0       5.9395919
      1.78859034              -2      1.91102419
      1.83604452              -1      4.15353147
      2.94066749              -7     0.513555525
      1.67145613              -9      1.64204144
      1.88144336              -7      2.10109319
       1.9616607              -5      2.48429176
      1.64120068              -6      5.58762403
       1.8363781              -1      4.17432128
      2.75477103              -1      6.70309039
      1.96094746              -4      2.43084001
      1.82485346              -4      4.47453593
       1.6314152              -0      5.46293317
      1.65547486              -0      5.22727021
      1.73183153              -9      1.79723202
      1.85862726              -4      3.16626084
      1.88656691              -5      2.11315667
       1.6450057              -7      5.61033211
       1.7878731              -7      4.70297597
      1.72149307              -4      5.83710422
      2.08832032              -0      6.27166928
      1.83596605              -1      4.14935381
      1.63308073              -5      5.51152521
      1.63151623              -2      5.47128865
      1.73097128              -9      1.22836555
      1.70473038              -0      5.02282572
      1.83565998              -7      4.30649304
      1.83027034              -7      3.96879414
      1.82510038              -4      3.54440934
      1.82640392              -2      3.86054068
      1.82326722              -7      3.62985774
      1.68974676              -9      1.69768436
      1.95604494              -5      2.36788965
      1.86963043              -6      3.09429474
      1.87136509              -4      3.08364151
      2.28118863              -0      6.41809599
      1.82984794              -0      4.41931925
      1.85512316              -1      3.19122451
      2.29500884              -0      6.42766497
      2.36776228              -9     0.754838435
      1.79819411              -2      1.92963809
      1.82438901              -2       3.7872223
      1.63532769              -1      5.54023157
      1.82474466              -4      6.00161557
      1.73541528              -4      1.80482597
        1.961229              -6      2.50309308
      1.74021129              -9      1.21471782
      1.73582625              -0      4.91002374
      1.63491716              -0      5.37232083
      1.63494111              -0      5.53606095
      1.82304476              -5      3.67271596
      1.69121825              -9      1.70166326
      1.64202933              -0      5.30795913
      2.24981425              -9      0.81526498
      1.82042926              -6       4.5133336
      1.63460256              -2      5.53221114
      1.82087599              -4      4.50970214
       2.0620433              -0      6.24937967
      1.82797223              -2      3.47689939
      1.93717622              -4      2.26337341
      1.83584613              -4      3.36321057
      1.73362486              -1      4.91802869
      1.89225531              -5      2.12694933
      1.69832013              -0      5.78711106
      1.67349186              -9      1.64898881
      1.87329295              -1      6.06190454
      1.65059707              -0      5.25357284
      2.09155052              -5     0.906779073
       1.8364912              -5      2.00486914
      1.63750306              -0      5.34501265
      1.69103298              -0      5.07407232
      1.74009794              -4      4.89442157
       1.8365729              -5      4.25814568
      1.65616054              -0      5.66202107
      1.90546937              -5      2.89422142
      1.80029214              -0      4.64180332
       1.8943973              -1      2.95301478
      1.84780574              -6      3.24794859
      1.66664785              -9      1.62446844
      1.63864638              -0      5.33471863
      1.82313849              -7      3.64497266
       1.8219947              -6      4.50035542
       1.9391054              -4      2.70939915
      1.82639375              -2      3.51016757
      1.63522453              -1      5.53914025
      1.83650506              -7       4.2641094
      1.96160945              -2      2.45319244
       1.8949897              -5       2.9498331
      1.78882025              -4      4.69858566
      1.73251213              -9      1.22603546
       1.8365242              -2      4.18628498
      1.67022345              -0      5.71155737
      2.24750168              -0      6.39432688
      1.66364668              -4      1.61243276
      1.87400653              -4      3.06770681
      1.87721647              -9      1.06425696
      1.67165245              -0      5.15196974
      1.86028505              -1      3.15484617
      1.77659994              -7       4.7526733
      1.66318118              -0      5.18964813
      1.93602065              -5      2.25874542
      1.71081901              -9        1.750504
      2.04665071              -0      6.23598967
      1.80253685              -9      1.93805931
       1.6612974              -0      5.68153061
      1.78698015              -0      5.94878959
      2.49100152              -0      6.55386227
      1.85199788              -7       3.2145954
       1.7294022              -9      1.23076212
      1.93642884              -2      2.72558674
      1.96096806              -6      2.43133642
      1.88651229              -5      2.99599333
      1.81816169              -0      4.53098221
      1.82310074              -6      3.65136811
      1.94689113              -6      2.65836646
      1.67717514              -5      1.66096857
      1.80806822              -7      1.94880386
      1.77984678              -7      4.73879242
      1.82344217              -5      3.61548728
      1.67318192              -0       5.7206741
      1.82791868              -7      3.47792628
      1.72662639              -7       1.7860349
      1.69779269              -9      1.71882782
      2.46880707              -0       6.5403492
      1.83004608              -4      3.96283222
       1.7426528              -2      1.21123461
      1.65142492              -0      5.24893272
      2.47503691              -7     0.704048097
      2.04907212              -0      6.23811316
      1.64751532              -0      5.62350268
      1.74550393              -9      1.82577676
      1.87518303              -6      2.08675446
      1.75443093              -9      1.84388719
      1.63443306              -7      5.53020476
      1.79287417              -7      4.67933393
       1.8296784              -6      3.44682545
      1.72398456              -0      4.95291318
      1.77464682              -5      4.76087969
      1.64380755              -7      5.29544047
      1.85201934              -1      6.03637281
       1.9595597              -1       2.5382231
      1.94385578              -7      6.13890384
      1.87271603              -1      3.07545041
      1.86704449              -1      3.11048307
      1.83594498              -2      4.14826412
      2.27193587              -9     0.803505319
       1.8654838              -4      3.12044676
      1.73909649              -0      5.87055861
       1.9608746              -1      2.51285632
      1.86262898              -7      3.13909071
      1.82610359              -6      3.85099299
      2.03600356              -0      6.22657415
      1.80663624              -0      4.60660856
      1.91037306              -2      2.86840867
      2.27871687              -0      6.41637367
      1.83579233              -2      4.30156532
      1.65017527              -9      1.44946218
      2.40935017              -0       6.5032484
      1.73794594              -5      1.81013727
      1.80915726              -7      1.95092283
      2.21054362              -2      6.36746983
      1.91620678              -5      2.83760814
      1.74766598              -0      5.88577157
      1.80701737              -7      4.60437998
      1.63718354              -1      5.34804502
      1.66561083              -0      5.17851663
      2.38949567              -7      6.49054643
      2.73736796              -0      6.69379779
      2.69468919              -0      6.67071443
      1.88018908              -2      3.03157973
      1.69406897              -0      5.06252726
      1.63247264              -7      5.50052755
      1.69581954              -0       5.7811877
      1.65698413              -9      1.58096762
      1.83042343              -0       3.9728644
      1.63224334              -0      5.41521002
      1.83579209              -1      4.14070128
      1.64120249              -0      5.31409505
      1.81018182              -9      1.95291762
      1.84196534              -5      3.29949781
       1.8277509              -4      3.48118309
      1.88306771              -7      3.01523075
      1.83598084              -0      6.01623512
      1.81684842              -1       4.5406729
      1.64291538              -0      5.30161473
      1.82507636              -2      3.81533275
      1.65189267              -9      1.54748459
      1.96087099              -6      2.42905194
      2.43037284              -0      6.51652246
      1.82436848              -4      3.78629891
      1.82438739              -6      3.56846593
       1.6610352              -1      1.38445364
      1.82767222              -6      3.89820709
      1.82962865              -6      4.42214339
      1.64932724              -9      1.46037382
      1.95004208              -4      2.63510718
      1.65049035              -5      1.53435207
      1.63414777              -0      5.52669289
      1.94368036              -7      6.13872466
      1.69892187              -9      1.28339509
       1.8336706              -4      4.06332002
      1.80512479              -9      1.13452292
      1.64522986              -0      5.61155812
      1.64158514              -0      5.31122789
      1.71816307              -7      5.83038797
      1.88925197              -7      2.11961127
      2.40009905              -0       6.4973504
      1.82435997              -6      3.78591406
      1.75036002              -0      5.89042797
      1.83289454              -4      3.39970599
      2.36265121              -9     0.757349022
      1.74925928              -5      1.83343807
      1.83172492              -7      3.41574373
      1.69275901              -5      1.29595413
      1.94035537              -2      2.70164684
      1.82349278              -0      5.99995867
      1.70741468              -2      5.01298467
       1.7823569              -9      1.16018831
      1.82328125              -4      3.62852607
      1.63736003              -4      5.55929474
      1.66126801              -4      5.19863268
      1.95496246              -7      2.59302771
      1.82590775              -6      3.52203888
      1.65897345              -9      1.59127789
      1.76590268              -1      4.79649203
      1.80066833              -0      4.63980598
      1.71831552              -2      1.24844555
      1.82038435              -4      4.51369566
      1.83621848              -4      3.35893339
      1.90774167              -6       2.1672031
      1.93343046              -5      2.24874199
      1.67672422              -7      5.13068979
      1.77758988              -4      4.74847381
      1.96067569              -2      2.42481681
      1.70793541              -1      5.80883997
      1.82957106              -1      3.44858708
      1.83673697              -1      4.22107489
      1.83210181              -5      3.41045832
      1.72016729              -7      1.24539376
       1.8863232              -4      2.11257551
      1.75735355              -7      5.90225564
      1.66682856              -0      5.70062349
       1.8004761              -0      5.96839007
      1.95618872              -5      2.58070167
      1.75462393              -2      1.84427505
      1.82425541              -2      3.78109744
      1.69661485              -5       1.2879965
      1.93742349              -6      2.71963166
      1.64837571              -4      1.48942942
      1.66845611              -1      5.70593234
      1.66818465              -0      5.70505568
      1.82843682              -4      3.46822658
      1.83068486              -2      3.43099007
      1.77732225              -0      4.74961186
      1.87301228              -1      3.07366595
      1.69145031              -9      1.70228581
      1.83392126              -1       3.3864337
      1.78124486              -4      4.73271612
      1.84186644              -0       6.0237205
      1.64316423              -1      5.59982861
      1.83492352              -7      4.32930127
      1.92940454              -5      2.76605395
      1.72882307              -9      1.23165287
      1.66371663              -5      1.61272486
      1.87459516              -5      3.06419991
      2.20646299              -9     0.838964058
      1.70909103              -9      1.74644842
      1.63340667              -4      5.51657942
      1.68292291              -0      5.74845794
      1.83673578              -0      4.22021453
      2.26491178              -2      6.40669196
       1.8683482              -9      2.07153525
      1.64426674              -0      5.29233855
      1.82710868              -6      3.88190962
       2.2080976              -9     0.838053816
      1.68138947              -9      1.67390293
      1.73323186              -9      1.80020985
      1.77604557              -4      4.75501305
      1.95164727              -5      2.62234194
      1.91579008              -1       2.1902044
       1.6384086              -7      5.33679441
      1.90027183              -2      2.14722816
      1.65949433              -0      5.20715524
      1.68195826              -0      5.74584037
      1.83230645              -1      4.38344349
      1.81179485              -2      4.57508593
      2.51883351              -2     0.684250494
      1.84621632              -2      3.26131289
       1.6472693              -0      5.62226193
      1.63774372              -0      5.56248997
      1.88012284              -2      3.03195911
      1.70061931              -0      5.03800329
      1.64208352              -0      5.30756451
      1.66689608              -7      5.17274227
      2.39725595              -0      6.49553067
      1.83190447              -1      4.01265304
       1.8470016              -1      3.25465514
      1.82521831              -7      3.54088364
       1.6328143              -0      5.40320369
      1.65219237              -1      1.43133117
        1.701441              -4      5.03495824
      1.82102077              -7      4.50851328
      1.93500901              -4       2.7339765
      1.83074369              -1      3.43009959
      1.63158537              -0      5.47500013
      1.74512614              -7      4.87590496
       1.9387131              -7      2.71180527
      1.72705631              -5      1.23439146
      2.45368656              -0      6.53104152
      1.77514564              -9      1.16879346
      1.82841275              -4        4.436988
      1.85935471              -1      3.16122285
      1.65451508              -9       1.4159184
      1.98506027              -9     0.978334773
      1.65047425              -7      5.63770345
      1.96005393              -1      2.41348238
      1.78892969              -0      4.69807587
      1.81804092              -6      4.53188852
      1.83403594              -1      4.07471985
      1.85025225              -4      2.03296526
      1.82456579              -1      3.79493694
      1.77037298              -2      4.77849986
      1.86691599              -7      3.11129766
      1.65530315              -0      5.65856059
      1.64204321              -4        5.307858
      1.74690175              -4      4.86931814
      1.85629707              -0      6.04160968
      1.72282314              -0      5.83974926
      1.69201521              -7      5.07032307
      1.70754135              -4      1.74277698
      1.91357634              -1      2.85152343
      1.82836673              -2      3.91761448
      1.65916977              -9      1.39235703
      1.85530665              -5      3.18988666
      1.95368428              -5      2.34924314
      1.87511949              -1      3.06108891
      1.82373038              -6       3.7534066
      1.75895843              -7       4.8237002
      2.42850476              -9     0.725653512
      1.83604256              -7      4.15342476
      2.18381513              -9     0.851718302
      1.80278242              -5       1.9385358
      1.91596941              -0      6.10971399
       1.8354752              -4      3.36753621
      1.95512535              -4      2.59144867
      1.65086432              -1      1.44245335
      1.76389708              -2      4.80443582
      1.76957036              -7      4.78176133
      1.86953107              -9      1.07112831
      1.82304634              -6      3.66957345
      1.83938206              -1      3.32486588
      1.78570629              -7      4.71288014
       1.9610541              -2      2.43348461
      1.80949914              -9       1.1298233
      1.70253144              -0      5.03092643
      1.82358411              -6      3.74406498
      1.83673792              -5       4.2219094
      1.63364098              -0      5.51995752
       1.6318529              -2      5.42596983
      1.84602263              -6      3.26297217
      1.95676813              -5      2.37439221
      1.81980459              -4      4.51832183
      1.65928508              -4      5.20817384
      1.70971441              -0      5.00458899
      1.79659994              -9      1.92654845
      1.83242244              -1       4.0269722
      1.90789385              -6      2.16762263
      1.83425665              -6      4.08184847
      1.90696338              -9      2.16506594
      1.82920571              -1      4.42745651
      1.87285069              -5      3.07463877
      1.99885803              -0      6.19265727
      1.71780684              -2      5.82966131
      2.49084277              -9       0.6968456
      1.68591949              -0      5.09383769
      1.64090729              -0      5.31634128
      2.00079425              -0      6.19446883
        1.634367              -7      5.37925901
      1.65186981              -0      5.64399421
      2.04119545              -0      6.23118157
      1.65670851              -9      1.40396264
      1.82623843              -6       3.5138562
      1.69698375              -7      5.05155564
      1.83540314              -6       4.1234996
      1.94163834              -0      6.13663498
      1.83220416              -4      4.02089898
      1.82560509              -5      3.83437072
      1.86398636              -4      3.13015554
      1.82308992              -1      3.69340617
      1.65741558              -9      1.58329118
      1.82611702              -2      3.51680602
      1.83594285              -1       4.1481546
      1.68239718              -9      1.67689138
      1.86788058              -5      3.10520674
      2.34385444              -9     0.766660049
      1.83141389              -1      3.42019731
       1.7991994              -1      5.96657296
        2.884176              -9     0.534737271
      1.64837921              -9      1.48791689
      2.37785463              -0      6.48302147
       1.7398243              -0       4.8954242
      1.94057074              -4      2.70029724
      1.69498528              -0      5.05906699
      1.80103741              -7      4.63783635
      1.63650443              -0      5.55176047
      2.65357555              -5     0.626184993
      1.77955315              -7      4.74006074
      1.71196404              -0      4.99640265
      1.88088448              -9      1.06102037
      2.32660008              -4      6.44916492
      1.70671335              -2      5.01555125
       1.7525172              -0      4.84828557
      1.76259558              -0      4.80955197
      1.73339548              -6      4.91886163
      1.82696278              -1      3.49737381
      1.83673478              -7      4.23105762
      1.63153287              -0      5.47225962
      1.87215053              -5      2.07994995
       1.9382908              -2       2.7143819
      1.63542673              -0      5.54126559
      1.92008016              -5      2.81697701
      2.75761923              -0      6.70460481
       1.8737699              -9      2.08357283
      1.93487516              -9      1.01617846
       1.6340768              -0      5.38316556
       1.6620946              -9      1.38023351
      1.64275231              -0       5.3027657
       2.0295837              -9     0.947163417
      1.86625064              -7      6.05359135
      1.72657444              -9      1.78592208
      1.63164786              -0       5.4335506
      1.94549393              -4       2.6680913
      1.76036885              -7      4.81823879
       1.7285335              -1      4.93647662
      1.96292317              -7      6.15806932
      1.82628904              -0      4.46026379
      1.96086276              -1       2.5131461
      1.68239122              -0       5.7470185
      1.63224167              -6      5.41525016
      1.95224785              -5      2.33928847
      1.82321835              -1      3.63486636
      1.83046245              -5      3.43438998
      1.82780302              -2      3.90191205
      1.82314149              -1      3.70279848
      1.73454914              -0      4.91467027
      1.82374241              -4      3.59711667
      1.76309444              -0      4.80759447
      1.80779963              -0      4.59975966
      1.64840487              -9      1.48455721
      1.83950783              -4      3.32358519
      1.73207592              -7      4.92364958
       1.8310961              -2      3.99080066
      1.85514102              -2      3.19109414
      1.76909073              -5      1.87300291
      1.92643338              -1      2.22382233
       1.8763967              -6      3.05355961
      1.83122859              -6      3.42289195
      1.85917849              -5      2.05171606
      2.40030577              -0      6.49748258
      1.83592236              -9        2.003725
      1.83433209              -7      4.08433329
      1.63169244              -2      5.43170338
       1.8328906              -2      3.39975819
      1.96137469              -2      2.49815913
      1.72276022              -0      5.83962459
      1.83483242              -7      3.37519449
      1.71677446              -7      1.76419864
      1.81066935              -9      1.12857756
      1.83429781              -0      4.08320085
      1.96114789              -2      2.43598636
      1.81094653              -0      4.58048801
      1.73318044              -0      5.85967019
      1.94191618              -2       2.6917659
      1.96577268              -0      6.16088259
      1.92912667              -0      6.12366798
      1.74345289              -0      5.87837102
      1.94460329              -4       2.2962553
      1.63404156              -4      5.38365329
      1.83672962              -1      4.21708343
      1.88254223              -4      3.01819554
      1.82591312              -2      1.98377069
      1.66273503              -9      1.37776416
      1.72383152              -0       5.8417407
       1.6362254              -0      5.54916326
      1.80007958              -0       5.9678265
      1.94058756              -4      2.70019166
      1.67748091              -2      5.73332388
      2.42242607              -4      6.51152544
      1.82858176              -2      3.46560249
      1.76608452              -4      4.79576805
      1.63142691              -0      5.44724903
      1.83233867              -5      4.02463395
       1.7746392              -2      4.76091149
      1.82962407              -2      4.42220192
      1.79284776              -0      4.67946193
      1.85272323              -4      3.20906807
      1.87524872              -6      2.08690282
      1.85774338              -5      3.17244606
      1.82886678              -7       3.9312593
      1.79275618              -2       4.6799055
      1.82931509              -2      3.94333308
      1.65715085              -5      1.58187185
      1.83105539              -7      3.98971099
       1.9241491              -6      2.79503007
      1.95482761              -5      2.59432294
      1.85428537              -7      3.19737921
      1.73168795              -0      5.85686952
      1.63162625              -0      5.43450248
      1.82421591              -2      3.57520699
      1.76933865              -1      4.78270027
      1.82304495              -4      3.67190476
      1.83661938              -0      4.19636136
      1.77087547              -9      1.17401175
      1.82346093              -2      3.61416165
      1.65516318              -0      5.65798944
      1.91278279              -5      2.18140506
      2.42733889              -0      6.51461761
      1.78140932              -1      4.73199718
      1.83568451              -6      4.13568872
      1.88038761              -5      3.03044346
      1.74794907              -5       1.8307726
      1.83272493              -7      4.03550115
      1.68581367              -9      1.31126698
      1.82455098              -7      3.79430601
      2.03568654              -5      0.94304174
      1.76703884              -9      1.17878309
      1.64866621              -2      1.47345883
      1.91543732              -6       6.1091425
      1.83049373              -6      3.97473402
      1.73880046              -9      1.81192175
       1.6340349              -0      5.38374588
      1.64950196              -9      1.52218959
       1.8258173              -5      3.84157953
      1.70116361              -0       5.7937032
      1.83069074              -1      6.00940749
      1.83634082              -7       4.2755451
      1.63159883              -1      5.47564124
      1.67369092              -4       1.3421221
      2.09818878              -9     0.902631233
       1.9550628              -5      2.35971616
      1.86511485              -4      3.12282497
      1.93042169              -4      2.76033738
      1.89468965              -9      2.13299561
      1.65246304              -9      1.42932337
      1.82742777              -4      4.44814934
      1.93862135              -5      2.26932058
      1.73722551              -1      4.90492396
      1.83671223              -1      4.23881068
      1.78661347              -9      1.90718916
      1.74143578              -9      1.21296484
      1.68954742              -9      1.69714109
      1.92459344              -0      6.11889816
      1.87993544              -1      6.06962747
      2.44389033              -1      6.52496596
       1.8690678              -6      3.09778458
      1.69978239              -9      1.72384769
      1.65670149              -0      5.22100234
      1.83268204              -0      4.03428317
      1.65158692              -9      1.54487691
       1.8255216              -7       3.8314735
      1.83657772              -7      4.25767718
       1.8285129              -1      3.46684468
      1.96175001              -9      2.46604645
      1.74002321              -7      4.89469541
      1.71143841              -9      1.75194827
      1.88951382              -9      2.12024595
      1.82902315              -0      4.42969858
      1.94606586              -9      1.00745639
      1.96125671              -4      2.43915008
      1.68694173              -0      5.75908853
      1.83673686              -2      4.22967791
      1.81399672              -2      1.12506118
      1.85366494              -9      2.04007806
      1.94998729              -5      2.63553044
      1.82803722              -2      4.44132568
      1.82026949              -0      5.99566558
      1.82672258              -7      4.45574235
      1.66656634              -7      5.69975601
      1.75664826              -1      1.84833495
      1.64516735              -0      5.28639145
      1.63293687              -0      5.40095502
      1.83044855              -6      4.41131798
       1.8305861              -2      3.97719167
      1.82410287              -2      3.77373047
       2.1803239              -6      6.34484593
      1.68167183              -0      5.74505799
      1.67517417              -9      1.65454787
      1.63514336              -1      5.36961844
      1.79692445              -0       4.6592551
      1.92438048              -7      2.21698881
      1.88627134              -0       6.0768914
      1.87543613              -0      6.06440862
       1.8271364              -0      3.88272569
      2.23367516              -9     0.823983161
      1.90601265              -2      2.89136005
      1.83506542              -7      4.11016845
      1.82806305              -5      3.47517095
      1.77092505              -2      1.17395062
      1.92247782              -4      2.80408613
      1.97008562              -0      6.16511653
      1.63150803              -0       5.4707863
      1.82307984              -1      3.69101236
      1.88203007              -4      2.10245877
      1.94427437              -4      2.67634232
      1.90000603              -4       2.9230832
      1.81629013              -1      4.54468804
      1.73062685              -9      1.22888955
      1.95519809              -7       2.3608028
      1.96154626              -1       2.4909553
      1.71777866              -9      1.24933829
      1.66447671              -4      1.61586075
      1.88985196              -4      2.97763153
      1.69963823              -0       5.0416473
      1.83228414              -4      3.40794273
      1.84267029              -1      3.29288666
      1.89788946              -7      2.14108802
      2.33315338              -0      6.45356243
      1.69004196              -4      5.76700882
      1.63612927              -0      5.35864801
      1.94748978              -7      2.31101613
      1.80897443              -0      4.59269853
      1.96091876              -6      2.51175889
      1.63325174              -0      5.39554424
      1.64842493              -1      1.48301473
      1.83505726              -1      4.10986023
      1.83342605              -0      4.36335167
      1.83425051              -1      4.34599887
       1.7711481              -4      4.77533646
       1.7096579              -1      5.00479494
      1.83634093              -6      3.35754048
      2.76438971              -9     0.581150861
      1.74571924              -1      4.87370786
      1.69207921              -4      1.70396635
      1.83517855              -7      4.11450511
      1.70520259              -0      5.80282214
      1.83678684              -7      2.00546424
      1.82674731              -2      3.50209473
      1.63167045              -0      5.43259649
      1.80914021              -0       4.5916898
      1.83667775              -5      4.24548879
      1.82582278              -2      3.84176289
       1.8927515              -9      1.05072947
      2.07014692              -7      6.25632793
      1.64837868              -9      1.48805621
      1.88766287              -4      2.98963762
      1.96123197              -9      2.43840205
      1.79489521              -1      4.66942944
      1.63643242              -0      5.35549553
      1.77190912              -0      5.92578168
      1.85106278              -1      3.22182026
      1.93777631              -5      2.71750269
      1.92588744              -9      1.02331381
      1.78008472              -0      4.73776269
      1.96922253              -7      6.16427155
      1.64533458              -0      5.61212725
      1.83716598              -2      3.34832438
       1.7606295              -4      4.81722609
      1.63903897              -0      5.57259075
      1.86100209              -2      2.05560871
      1.64163768              -0      5.31083794
      1.83015719              -2      3.43914498
      1.63162394              -0      5.47678383
      1.83140129              -4      4.39769968
       1.6753213              -0      5.72705244
       1.7085776              -5       1.7452357
      1.76122664              -9      1.85746482
      1.63682746              -2      5.55467691
      1.82518971              -7      3.81956396
      1.82605236              -1      3.84933245
      1.83473101              -4      4.33438087
      1.81438472              -4      4.55796691
      1.74045511              -0      4.89311218
      1.83387793              -4      4.06973332
      1.73869099              -0       5.8698228
      1.67775413              -7      5.73410593
      1.93616525              -4      2.25931864
      1.88453482              -0      6.07491025
      1.67803286              -9      1.33032543
       1.9009035              -0      6.09330509
      1.63370512              -0      5.38847636
      1.66185253              -7      5.19586577
      1.72862641              -0      4.93614058
      1.83010942              -2      4.41588546
       1.6721845              -9      1.64455666
      1.63171981              -6      5.48066138
      1.88385981              -5      2.10674325
      1.95858738              -5      2.55243339
      2.44317868              -0      6.52452319
      1.94768388              -4      2.31206244
      1.81579524              -6      4.54819839
      1.91546288              -7      2.84154966
      1.90437195              -6      2.15804767
      2.30766598              -0      6.43634008
      1.74649128              -1       4.8708433
      1.99032701              -4      6.18461462
      1.70159268              -0      5.03439678
      1.69363104              -9      1.29412351
      1.81824814              -4      4.53033148
      1.93136214              -2      2.75501432
      1.64950116              -9      1.52217801
      1.64371879              -0      5.60307763
      1.82613085              -7      3.51646699
      1.88934188              -5      2.98041946
      1.88252275              -5      1.05958348
      1.68711231              -9      1.30829668
      1.83651928              -6      4.18582912
      1.77567378              -0      4.75657752
      1.82646408              -2      3.86241776
       1.8802886              -1      3.03100996
      1.99722236              -0      6.19112297
      1.85786531              -4      3.17158853
      1.65246067              -9      1.55205392
      1.71883581              -7      4.97150968
      2.00783908              -9     0.962135346
      1.65085068              -4      5.25214275
      2.64746927              -0      6.64465875
      1.94271052              -7      2.68664194
      1.64862226              -2       1.4747354
      2.45401581              -9     0.713732395
      1.65807425              -5      1.58674062
      1.72980454              -5      1.23014528
      1.83598892              -1      4.29350637
      1.89487751              -5      2.95043524
      1.68898311              -7      5.08194384
       1.6916705              -0      5.07163727
      1.70582744              -9      1.73867675
      1.82775879              -4       3.9006621
      1.94819849              -4      2.31487365
      1.63139195              -0      5.45846374
      1.83659666              -1      4.19368462
      1.67298666              -9      1.64728826
      1.81519895              -7      4.55236953
      1.66885216              -1      5.70720519
      1.83520799              -4      4.11565333
      2.01080148              -5     0.960068398
      1.70088315              -2      1.27956974
      1.75186988              -9      1.19849814
      1.95981142              -9      2.40966113
      2.13430208              -9     0.880599564
      1.91296067              -5      2.18191834
      1.82794064              -6      4.44242434
      1.83499263              -4      4.10743788
      1.85207549              -6      3.21400088
      1.65370926              -9      1.42085727
      1.88598994              -5      2.11178207
      1.82753093              -4      3.89417441
      1.70799649              -0      5.01085779
      1.86553562              -4      3.12011345
      2.17753014              -0      6.34272224
      1.82378186              -5      3.59503961
      1.69501862              -0      5.77926433
      1.90360142              -4      2.90406842
       1.9692511              -0      6.16429954
      1.90300345              -2      2.90722445
      1.70068074              -0      5.03777545
      2.26789952              -0      6.40879637
      1.83667921              -1      4.24525333
       1.6878373              -0      5.08637315
      1.85829914              -5      3.16854864
      1.82476424              -1       3.5550886
      1.82896282              -1      4.43043298
      1.64264848              -0      5.30350236
      1.63139727              -0      5.45993854
      1.69550703              -0      5.05710139
      1.64920839              -7      5.26154662
      1.95682818              -5       2.3749537
      1.93784176              -4      2.71710681
      2.00164761              -9     0.966484162
      1.91145488              -5      2.86271113
      1.86397879              -7      3.13020499
      1.76047591              -1      4.81782297
      1.67811193              -9      1.66390911
      1.75377025              -0      4.84354491
      1.72465693              -0      5.84336208
      2.78776717              -9     0.571920451
      1.71275949              -9      1.25786786
      1.63753195              -0       5.5607393
       1.8092576              -1      1.95111813
      1.64840278              -5      1.49474144
      1.66053798              -9      1.38649758
      1.82316791              -7      3.70662609
      1.77229782              -7      4.77061861
      1.82419623              -1      3.77829085
       1.6838029              -5      1.31597515
       1.7896655              -7      4.69463469
      1.82599614              -9      1.98393497
       1.6719006              -2      1.34729387
      1.76362419              -5      1.86221963
      1.90193368              -7      2.91287632
      1.94197262              -2      2.69140404
        1.635133              -0      5.53815904
      1.81655874              -4      4.54276372
      1.85125521              -5      3.22032412
      1.65019525              -9      1.53108511
      1.71867056              -0      4.97210696
      1.78761596              -1       4.7041613
      1.71548173              -2        4.983643
      1.92336074              -0      6.11759431
      1.96152559              -5      2.49194626
      1.74302763              -5       1.2107041
      2.06373776              -0      6.25083819
       1.6665012              -7      5.17450844
      1.83432267              -4      3.38142389
      1.83959633              -9      2.01113649
       1.8262281              -2      3.51410477
      1.83157502              -4      4.00368961
      1.65925602              -1      5.20831558
      2.38820375              -0      6.48971419
      1.87031085              -6      3.09009723
      1.83217875              -0      6.01133774
      1.69301526              -0      5.77439535
      1.65271587              -9      1.42750863
      1.78035531              -9      1.89502802
      1.64291532              -0      5.30161517
      1.78536166              -7       4.7144383
      1.94817291              -2       2.3147326
       1.7429683              -7      4.88387429
      1.67657716              -7      5.13129595
      1.91395636              -9      1.03297606
      1.95692039              -6      2.57278197
      1.66850983              -0      5.70610541
      1.77988506              -7      4.73862687
      1.75387054              -4      4.84316465
      1.93114753              -5       2.7562324
      2.44604057              -0      6.52630262
      1.64500254              -0      5.28746682
      1.90146634              -9      2.15034619
      1.83673632              -1      4.22058969
      1.74978659              -0      5.88944167
      2.72925359              -7      6.68944166
      1.72351222              -9      1.77923038
      1.77360715              -0      4.76520718
       1.6344957              -0      5.37758479
      1.72427982              -2      4.95184691
      2.04519254              -9     0.936688322
      1.73673312              -1      4.90671966
      1.93330316              -1      2.24826257
      1.80533158              -1      4.61413033
      1.97505253              -0      6.16995711
      1.89450602              -7      2.95243047
      1.92851357              -0      6.12302516
      1.66852701              -0      5.70616074
      1.82427583              -6      3.78205207
      1.84141706              -9      1.09740377
      1.64973704              -9      1.52544724
      1.69303529              -0      5.77444447
      2.40083827              -0      6.49782299
      1.75347588              -9      1.84196571
      1.72366708              -0      4.95405961
      1.67581411              -0       5.7284979
      1.84333023              -2      2.01872541
      2.31070735              -1       6.4384123
      1.65153911              -5      1.54445852
      1.67299131              -0      5.14627305
      1.91214117              -5      2.17956089
      2.58667315              -2     0.654515128
      1.71372648              -9      1.25619791
      2.06156303              -0      6.24896572
      1.96724474              -9     0.991407731
      1.63954375              -0      5.32715109
      1.63644059              -0      5.35541184
      1.83253833              -2      4.03022341
      1.87930148              -4      3.03667658
      1.82416932              -2      3.57712657
      1.63920863              -0      5.32993044
      1.82580257              -1      3.52474546
      1.73026113              -0       4.9302251
      1.89070404              -4      2.97298662
      1.87770824              -2      3.04589681
      1.63200711              -0       5.4213286
      1.82822179              -1      3.91361414
      1.95001084              -2      2.32524721
        1.935544              -9       1.0156522
      1.81318516              -2      4.56601948
      1.83111422              -1      3.99128604
      1.83672574              -7      4.23496385
      1.69942596              -5      1.28240451
      1.65630519              -4      1.57719749
      1.88784513              -5      2.98863381
       1.6331127              -4      5.39787433
      1.83333645              -2      3.39390864
      1.85754334              -9      1.08210276
      1.68621635              -9      1.68790117
      1.72262452              -0      5.83935561
      1.83265634              -1       4.0335548
      1.76361112              -6      4.80556246
      1.67239701              -2      1.64528417
      1.84440008              -9       1.0945239
      1.95009614              -4      2.32575541
      1.63139967              -7      5.45115745
      1.72573378              -0      4.94659554
      1.71331311              -0      4.99150398
      1.86215893              -7      6.04869962
      1.64549665              -0       5.2842593
      1.64274431              -0      5.59731438
      2.74670916              -0      6.69879406
      1.74773686              -1      4.86621038
       1.8309682              -1      4.40404476
      1.63935943              -0      5.32867322
      1.83425448              -0      4.34590816
      1.70865265              -9       1.7454132
      1.63301527              -1      5.51045155
      1.98509529              -9     0.978309437
      1.85039467              -9       1.0888058
      1.65374079              -1      5.23635073
      1.82893642              -4      4.43075338
      1.83264241              -1      4.03316038
      1.83468827              -4      4.33547223
      2.01216857              -0      6.20501074
      1.68574893              -6      1.68657887
      1.65944973              -0      5.20737212
      1.83210797              -5      4.01824125
       1.8767061              -0      6.06588689
      1.73243894              -4      4.92233299
      1.64351388              -7      5.29745064
      1.81639184              -7      4.54396102
      1.82310004              -1      3.69555501
      1.73734653              -9      1.80888289
      1.85607918              -4      3.18429292
      2.37545135              -2      6.48146063
      1.66865256              -7      1.63201761
      1.67124443              -7      5.15371805
       1.6484365              -2      1.49723331
      2.85317541              -9      0.54654532
      1.82734213              -4      3.88873241
       1.8864865              -4      2.99613616
      1.83092193              -2      3.42742312
       1.6339709              -0      5.38464082
        1.637505              -7      5.56051424
      1.83559655              -7      3.36611375
      1.64861254              -9      1.50455168
      1.83612269              -1      4.28735349
      1.94848524              -2      2.64685734
      1.88925301              -9      2.11961377
      1.89290771              -2      2.96104048
      1.68828029              -9      1.30566968
       1.8346685              -7      4.33597266
      2.87282854              -9     0.539043846
      1.72974536              -9      1.23023591
      1.74567697              -9      1.82613125
      1.68734829              -0      5.76014052
      1.69761126              -9      1.71836634
      1.82559295              -7      3.53030667
      1.89007538              -2      2.97641213
      2.23690468              -0      6.38671283
      1.83539137              -1      3.36852317
      1.72551959              -0      4.94736926
      1.82398341              -4      3.76762673
      1.83122103              -5      1.99431282
      1.81056095              -5      1.95365612
      1.72496665              -7      4.94936643
      1.68932117              -1      5.08064112
      1.88678131              -9        1.055873
      1.86617456              -0      6.05350082
       1.6582561              -5      1.58767352
      1.64456392              -1      5.29035669
      1.94132241              -9      1.01113209
      1.85790501              -0      6.04356429
      1.77316894              -7      1.17119729
      1.90505253              -0      6.09787192
      1.63382135              -0      5.52243648
      2.22459484              -0       6.3777817
      1.72507234              -9      1.23750586
      1.64863928              -5      1.47422852
        1.862799              -1      3.13796424
      1.82845019              -4      3.46798303
      1.75774458              -0      5.90290634
       1.8246333              -2      3.55954371
      1.81830387              -0      4.52991119
      1.65466938              -5       1.5674314
      1.63552614              -4      5.54229022
      1.73544466              -9      1.80488787
      1.83998266              -6      3.31879485
      1.71556905              -9      1.76146003
      1.68808101              -9      1.30611502
