10 1
0.22572028
1 -1 1 1
         5.687429975 
   0.693620722542075 
0.11622308
1 -1 1 1
          4.19046225 
    1.41159497123311 
0.090087411
1 -1 1 1
         3.326236463 
    1.38368709327643 
0
1 -1 1 1
                   0 
                   0 
0.12283095
1 -1 1 1
         3.867374008 
    1.46521641849139 
0.092004469
1 -1 1 1
         2.285357082 
   0.912965313916609 
0.05403535
1 -1 1 1
         3.752278785 
   0.882737725830894 
0.12224035
1 -1 1 1
         3.948128094 
      1.457632332919 
0
1 -1 1 1
                   0 
                   0 
0.17685811
1 -1 1 1
         1.351118508 
   0.524009377550624 
