 0.50614 6.50640e-03
 0.51841 0.00000e+00
 0.53068 9.17258e-03
 0.54295 0.00000e+00
 0.55522 0.00000e+00
 0.56750 2.76082e-03
 0.57977 0.00000e+00
 0.59204 2.63090e-03
 0.60431 2.56909e-03
 0.61658 0.00000e+00
 0.62885 4.84896e-03
 0.64113 0.00000e+00
 0.65340 4.62303e-03
 0.66567 0.00000e+00
 0.67794 0.00000e+00
 0.69021 2.11561e-03
 0.70249 0.00000e+00
 0.71476 2.01159e-03
 0.72703 3.89661e-03
 0.73930 1.88523e-03
 0.75157 1.85297e-03
 0.76385 0.00000e+00
 0.77612 1.76561e-03
 0.78839 0.00000e+00
 0.80066 1.69230e-03
 0.81293 0.00000e+00
 0.82520 0.00000e+00
 0.83748 3.15353e-03
 0.84975 0.00000e+00
 0.86202 3.03903e-03
 0.87429 0.00000e+00
 0.88656 2.87963e-03
 0.89884 0.00000e+00
 0.91111 1.37692e-03
 0.92338 0.00000e+00
 0.93565 6.69156e-03
 0.94792 0.00000e+00
 0.96020 0.00000e+00
 0.97247 0.00000e+00
 0.98474 0.00000e+00
 0.99701 1.21951e-03
 1.00928 1.18352e-03
 1.02155 0.00000e+00
 1.03383 4.62268e-03
 1.04610 3.40262e-03
 1.05837 3.35428e-03
 1.07064 1.10168e-03
 1.08291 3.23255e-03
 1.09519 2.14297e-03
 1.10746 1.05300e-03
 1.11973 5.19548e-03
 1.13200 0.00000e+00
 1.14427 3.02720e-03
 1.15655 1.99037e-03
 1.16882 1.96203e-03
 1.18109 9.68411e-04
 1.19336 3.84311e-03
 1.20563 1.89901e-03
 1.21790 3.75547e-03
 1.23018 2.79691e-03
 1.24245 3.67746e-03
 1.25472 5.45988e-03
 1.26699 2.70250e-03
 1.27926 1.77856e-03
 1.29154 1.77213e-03
 1.30381 0.00000e+00
 1.31608 1.73634e-03
 1.32835 1.72879e-03
 1.34062 4.28014e-03
 1.35290 1.70101e-03
 1.36517 8.45518e-04
 1.37744 3.35376e-03
 1.38971 2.49927e-03
 1.40198 0.00000e+00
 1.41425 8.24638e-04
 1.42653 2.45667e-03
 1.43880 1.62888e-03
 1.45107 2.43959e-03
 1.46334 4.04433e-03
 1.47561 1.61112e-03
 1.48789 1.60539e-03
 1.50016 3.20032e-03
 1.51243 1.59564e-03
 1.52470 2.38665e-03
 1.53697 7.93663e-04
 1.54925 3.16706e-03
 1.56152 3.95297e-03
 1.57379 7.89458e-04
 1.58606 7.88507e-04
 1.59833 7.87636e-04
 1.61060 2.36106e-03
 1.62288 4.71947e-03
 1.63515 3.14580e-03
 1.64742 3.14615e-03
 1.65969 3.14728e-03
 1.67196 2.36144e-03
 1.68424 2.36357e-03
 1.69651 1.57752e-03
 1.70878 2.36832e-03
 1.72105 3.95342e-03
 1.73332 1.58383e-03
 1.74560 4.76157e-03
 1.75787 0.00000e+00
 1.77014 1.59418e-03
 1.78241 7.99497e-04
 1.79468 0.00000e+00
 1.80695 8.03830e-04
 1.81923 1.61046e-03
 1.83150 2.42361e-03
 1.84377 4.86413e-03
 1.85604 1.62615e-03
 1.86831 1.63288e-03
 1.88059 1.63812e-03
 1.89286 0.00000e+00
 1.90513 1.65046e-03
 1.91740 2.48579e-03
 1.92967 8.33831e-04
 1.94195 2.50877e-03
 1.95422 8.39531e-04
 1.96649 1.68457e-03
 1.97876 5.08173e-03
 1.99103 1.70329e-03
 2.00330 1.70660e-03
 2.01558 8.58941e-04
 2.02785 8.59981e-04
 2.04012 1.73300e-03
 2.05239 8.69765e-04
 2.06466 8.74076e-04
 2.07694 8.76799e-04
 2.08921 2.64171e-03
 2.10148 2.65566e-03
 2.11375 1.77705e-03
 2.12602 4.46071e-03
 2.13830 0.00000e+00
 2.15057 1.79947e-03
 2.16284 9.04562e-04
 2.17511 0.00000e+00
 2.18738 2.73464e-03
 2.19965 1.83012e-03
 2.21193 3.67467e-03
 2.22420 9.20735e-04
 2.23647 2.77836e-03
 2.24874 0.00000e+00
 2.26101 9.30758e-04
 2.27329 3.74182e-03
 2.28556 1.87622e-03
 2.29783 9.40751e-04
 2.31010 2.82939e-03
 2.32237 0.00000e+00
 2.33465 1.89957e-03
 2.34692 0.00000e+00
 2.35919 2.86413e-03
 2.37146 9.55608e-04
 2.38373 0.00000e+00
 2.39600 9.60149e-04
 2.40828 4.81622e-03
 2.42055 3.85997e-03
 2.43282 2.89911e-03
 2.44509 1.93558e-03
 2.45736 0.00000e+00
 2.46964 1.94169e-03
 2.48191 0.00000e+00
 2.49418 9.72650e-04
 2.50645 0.00000e+00
 2.51872 1.94948e-03
 2.53100 0.00000e+00
 2.54327 9.75826e-04
 2.55554 1.95243e-03
 2.56781 9.76454e-04
 2.58008 9.76638e-04
 2.59235 0.00000e+00
 2.60463 1.95354e-03
 2.61690 2.92999e-03
 2.62917 9.76329e-04
 2.64144 9.75983e-04
 2.65371 3.90298e-03
 2.66599 1.94977e-03
 2.67826 9.74753e-04
 2.69053 1.94782e-03
 2.70280 1.94649e-03
 2.71507 3.88841e-03
 2.72735 3.88473e-03
 2.73962 9.70268e-04
 2.75189 9.69128e-04
 2.76416 9.68261e-04
 2.77643 9.67202e-04
 2.78870 1.93115e-03
 2.80098 9.63854e-04
 2.81325 1.92554e-03
 2.82552 1.92319e-03
 2.83779 4.80067e-03
 2.85006 2.87530e-03
 2.86234 9.56990e-04
 2.87461 1.91240e-03
 2.88688 2.86123e-03
 2.89915 2.85755e-03
 2.91142 1.90233e-03
 2.92370 2.84780e-03
 2.93597 9.47827e-04
 2.94824 3.78297e-03
 2.96051 1.88957e-03
 2.97278 0.00000e+00
 2.98505 9.41236e-04
 2.99733 3.75761e-03
 3.00960 0.00000e+00
 3.02187 9.35767e-04
 3.03414 9.34485e-04
 3.04641 1.86610e-03
 3.05869 3.72413e-03
 3.07096 0.00000e+00
 3.08323 9.28480e-04
 3.09550 9.26419e-04
 3.10777 3.69717e-03
 3.12005 1.84503e-03
 3.13232 2.76352e-03
 3.14459 9.19705e-04
 3.15686 2.75298e-03
 3.16913 2.75035e-03
 3.18140 0.00000e+00
 3.19368 1.82658e-03
 3.20595 3.64782e-03
 3.21822 2.73120e-03
 3.23049 9.09098e-04
 3.24276 9.07514e-04
 3.25504 1.81252e-03
 3.26731 0.00000e+00
 3.27958 9.03473e-04
 3.29185 9.01852e-04
 3.30412 2.70223e-03
 3.31640 2.70109e-03
 3.32867 2.69694e-03
 3.34094 6.28348e-03
 3.35321 2.68963e-03
 3.36548 4.47634e-03
 3.37775 1.78888e-03
 3.39003 3.57206e-03
 3.40230 8.91736e-04
 3.41457 0.00000e+00
 3.42684 2.67037e-03
 3.43911 1.77767e-03
 3.45139 0.00000e+00
 3.46366 1.77427e-03
 3.47593 8.86377e-04
 3.48820 8.85177e-04
 3.50047 8.84434e-04
 3.51275 1.76763e-03
 3.52502 4.41584e-03
 3.53729 0.00000e+00
 3.54956 3.52633e-03
 3.56183 2.64271e-03
 3.57410 2.64042e-03
 3.58638 2.63872e-03
 3.59865 3.51568e-03
 3.61092 8.78390e-04
 3.62319 0.00000e+00
 3.63546 4.38659e-03
 3.64774 2.63066e-03
 3.66001 8.76377e-04
 3.67228 4.37957e-03
 3.68455 3.50201e-03
 3.69682 3.50036e-03
 3.70910 1.74904e-03
 3.72137 2.62280e-03
 3.73364 2.62161e-03
 3.74591 4.36800e-03
 3.75818 5.23947e-03
 3.77045 2.61877e-03
 3.78273 8.72775e-04
 3.79500 4.36199e-03
 3.80727 0.00000e+00
 3.81954 1.74383e-03
 3.83181 8.71655e-04
 3.84409 1.74300e-03
 3.85636 0.00000e+00
 3.86863 1.74240e-03
 3.88090 8.71026e-04
 3.89317 3.48373e-03
 3.90545 2.61243e-03
 3.91772 1.74135e-03
 3.92999 8.70625e-04
 3.94226 2.61149e-03
 3.95453 8.70458e-04
 3.96680 4.35184e-03
 3.97908 4.35155e-03
 3.99135 2.61078e-03
 4.00362 2.61062e-03
 4.01589 2.61052e-03
 4.02816 8.70155e-04
 4.04044 8.70133e-04
 4.05271 8.70118e-04
 4.06498 4.35057e-03
 4.07725 2.61033e-03
 4.08952 8.70111e-04
 4.10180 1.74023e-03
 4.11407 2.61037e-03
 4.12634 2.61041e-03
 4.13861 2.61044e-03
 4.15088 2.61051e-03
 4.16315 2.61056e-03
 4.17543 8.70201e-04
 4.18770 1.74045e-03
 4.19997 1.74050e-03
 4.21224 3.48110e-03
 4.22451 2.61087e-03
 4.23679 0.00000e+00
 4.24906 0.00000e+00
 4.26133 8.70343e-04
 4.27360 4.35182e-03
 4.28587 5.22231e-03
 4.29815 0.00000e+00
 4.31042 1.74083e-03
 4.32269 3.48171e-03
 4.33496 2.61132e-03
 4.34723 2.61134e-03
 4.35950 2.61136e-03
 4.37178 1.74091e-03
 4.38405 1.74092e-03
 4.39632 5.22277e-03
 4.40859 8.70460e-04
 4.42086 3.48183e-03
 4.43314 1.74091e-03
 4.44541 2.61135e-03
 4.45768 2.61133e-03
 4.46995 8.70438e-04
 4.48222 2.61129e-03
 4.49450 2.61128e-03
 4.50677 8.70417e-04
 4.51904 8.70412e-04
 4.53131 0.00000e+00
 4.54358 1.74081e-03
 4.55585 2.61122e-03
 4.56813 4.35204e-03
 4.58040 8.70414e-04
 4.59267 1.74084e-03
 4.60494 2.61131e-03
 4.61721 1.74091e-03
 4.62949 0.00000e+00
 4.64176 4.35252e-03
 4.65403 1.74111e-03
 4.66630 2.61179e-03
 4.67857 2.61197e-03
 4.69085 1.74140e-03
 4.70312 8.70771e-04
 4.71539 0.00000e+00
 4.72766 0.00000e+00
 4.73993 1.74218e-03
 4.75220 1.74238e-03
 4.76448 2.61418e-03
 4.77675 2.61465e-03
 4.78902 8.71661e-04
 4.80129 1.74385e-03
 4.81356 0.00000e+00
 4.82584 8.72271e-04
 4.83811 8.72735e-04
 4.85038 8.72991e-04
 4.86265 4.36632e-03
 4.87492 8.73416e-04
 4.88720 4.36977e-03
 4.89947 1.74873e-03
 4.91174 3.49898e-03
 4.92401 8.75058e-04
 4.93628 8.75827e-04
 4.94855 0.00000e+00
 4.96083 8.76610e-04
 4.97310 2.63189e-03
 4.98537 8.77962e-04
 4.99764 8.78355e-04
 5.00991 4.39642e-03
 5.02219 1.76029e-03
 5.03446 4.40531e-03
 5.04673 1.76338e-03
 5.05900 0.00000e+00
 5.07127 1.76766e-03
 5.08355 1.76944e-03
 5.09582 8.85499e-04
 5.10809 1.77321e-03
 5.12036 2.66365e-03
 5.13263 1.77850e-03
 5.14490 1.78015e-03
 5.15718 1.78361e-03
 5.16945 1.78650e-03
 5.18172 8.94129e-04
 5.19399 0.00000e+00
 5.20626 8.97579e-04
 5.21854 2.69864e-03
 5.23081 1.80277e-03
 5.24308 2.70914e-03
 5.25535 9.05918e-04
 5.26762 4.53328e-03
 5.27990 1.81780e-03
 5.29217 0.00000e+00
 5.30444 9.13660e-04
 5.31671 0.00000e+00
 5.32898 9.19023e-04
 5.34125 3.68132e-03
 5.35353 1.84552e-03
 5.36580 2.77789e-03
 5.37807 1.85686e-03
 5.39034 3.72641e-03
 5.40261 2.80367e-03
 5.41489 9.37639e-04
 5.42716 6.58531e-03
 5.43943 9.45500e-04
 5.45170 4.73513e-03
 5.46397 0.00000e+00
 5.47625 1.90953e-03
 5.48852 3.82947e-03
 5.50079 9.61271e-04
 5.51306 2.89861e-03
 5.52533 0.00000e+00
 5.53760 9.74859e-04
 5.54988 2.93599e-03
 5.56215 9.81795e-04
 5.57442 1.97713e-03
 5.58669 2.97657e-03
 5.59896 9.97583e-04
 5.61124 2.00529e-03
 5.62351 1.00691e-03
 5.63578 2.02392e-03
 5.64805 2.03782e-03
 5.66032 2.04787e-03
 5.67260 1.03088e-03
 5.68487 0.00000e+00
 5.69714 3.12661e-03
 5.70941 5.24215e-03
 5.72168 2.10933e-03
 5.73395 1.05925e-03
 5.74623 1.06752e-03
 5.75850 3.22369e-03
 5.77077 3.24766e-03
 5.78304 2.17580e-03
 5.79531 1.09711e-03
 5.80759 1.10348e-03
 5.81986 0.00000e+00
 5.83213 4.48673e-03
 5.84440 3.38898e-03
 5.85667 3.41572e-03
 5.86895 4.58906e-03
 5.88122 3.47526e-03
 5.89349 1.16759e-03
 5.90576 4.71038e-03
 5.91803 2.37001e-03
 5.93030 1.19328e-03
 5.94258 4.83652e-03
 5.95485 2.43487e-03
 5.96712 2.45434e-03
 5.97939 2.48324e-03
 5.99166 3.75087e-03
 6.00394 5.06441e-03
 6.01621 0.00000e+00
 6.02848 3.86950e-03
 6.04075 2.59373e-03
 6.05302 2.62495e-03
 6.06530 2.66228e-03
 6.07757 1.33453e-03
 6.08984 1.35274e-03
 6.10211 2.74304e-03
 6.11438 1.38520e-03
 6.12665 0.00000e+00
 6.13893 2.82747e-03
 6.15120 2.86676e-03
 6.16347 1.44984e-03
 6.17574 0.00000e+00
 6.18801 4.45533e-03
 6.20029 2.99763e-03
 6.21256 4.56000e-03
 6.22483 0.00000e+00
 6.23710 0.00000e+00
 6.24937 0.00000e+00
 6.26165 1.59658e-03
 6.27392 0.00000e+00
 6.28619 1.62980e-03
 6.29846 1.64644e-03
 6.31073 0.00000e+00
 6.32300 0.00000e+00
 6.33528 0.00000e+00
 6.34755 5.23245e-03
 6.35982 0.00000e+00
 6.37209 5.38683e-03
 6.38436 3.64682e-03
 6.39664 0.00000e+00
 6.40891 5.61452e-03
 6.42118 1.89891e-03
 6.43345 1.92520e-03
 6.44572 1.95284e-03
 6.45800 1.99174e-03
 6.47027 0.00000e+00
 6.48254 0.00000e+00
 6.49481 0.00000e+00
 6.50708 2.12474e-03
 6.51935 0.00000e+00
 6.53163 2.18987e-03
 6.54390 0.00000e+00
 6.55617 2.23790e-03
 6.56844 0.00000e+00
 6.58071 2.34215e-03
 6.59299 0.00000e+00
 6.60526 2.41536e-03
 6.61753 0.00000e+00
 6.62980 2.48946e-03
 6.64207 0.00000e+00
 6.65435 2.60515e-03
 6.66662 0.00000e+00
 6.67889 2.67644e-03
 6.69116 0.00000e+00
 6.70343 2.78513e-03
 6.71570 0.00000e+00
 6.72798 5.79236e-03
 6.74025 0.00000e+00
 6.75252 2.97133e-03
 6.76479 0.00000e+00
 6.77706 3.09200e-03
