# npar = 1, n_ded = 0
#         weight            chi2        param[0]
#                                     alpha_topo
       1.7286893              -7      4.27429258
       1.7288468              -7      4.64088682
      1.81394466              -7      2.93534588
      1.83243701              -1      2.79030277
      1.63344201              -6      1.55349677
      1.80627238              -1      5.42687543
      1.73985769              -6      3.57627584
       1.9100795              -0      5.69954737
       1.8430246              -5      2.64979321
      1.85985439              -4      5.58612569
      1.72890871              -1       4.6577267
      1.72874527              -6      4.31350783
      1.66100859              -9      1.44631297
      1.81616156              -4      2.91957119
      1.92509175              -0      5.72938659
      1.84628888              -0       5.5506845
      1.66618277              -7      1.87295937
      1.64087304              -9      1.77078684
      1.72459793              -7      2.04466971
       1.6440328              -9      1.50096912
      1.72884926              -0      4.64165701
      1.78494482              -5      2.21959301
      1.87022489              -7      5.61161859
      1.73679301              -7       3.6329126
      1.72867785              -7      4.26747764
      2.81108116              -9     0.603102963
      1.75120692              -6      3.42406375
       1.7695978              -4      5.26597519
      1.72861633              -2      3.97888562
      1.72839347              -7      4.09014969
      1.74110725              -2      5.03855814
      1.74059686              -4      3.56408083
      1.72883385              -4      3.94409493
      1.78128895              -5      3.16265008
      1.63946981              -9       1.5204429
      1.72875111              -2      4.49996231
      1.98252574              -1      5.83166864
       1.7459269              -2       2.1036277
      2.05998384              -7      5.94859113
      2.74937523              -7      6.60646276
      1.74409786              -5      3.51177386
      1.96599917              -1      5.80389691
      2.09042234              -0      5.98984032
      1.72879165              -4      4.42402913
      2.06597678              -9     0.994246212
      1.73963119              -1      3.58011031
      1.72843099              -2       4.1328395
       2.9733325              -9     0.535220504
      1.93287021              -4      5.74427178
      2.14733267              -9     0.940457517
      1.72878809              -7      4.43443543
      1.69261517              -5      1.95503566
      1.72894086              -7      4.66498185
      1.73213294              -0      4.86814575
      1.79694478              -0      5.39201056
      1.82948883              -1      2.81662317
      1.73449042              -5       3.6848488
      1.65477906              -5      1.83190188
      1.94517085              -0      5.76708545
      2.05983259              -7      5.94838043
      1.74007149              -7      3.57269961
      1.72868002              -6      4.26875218
      1.73907043              -1      3.58981542
      2.74362569              -4     0.632440776
       1.7287562              -1       4.5987196
      1.78813135              -4      3.11361065
      1.78216358              -7      3.15627196
      1.72901151              -4      4.67868703
      2.35598723              -7       6.2835088
      1.76417114              -0      5.23435318
      1.84339469              -7      2.55479966
      1.71017068              -9      1.34407802
       1.7815237              -5      2.20859527
      1.72851383              -5      4.00304757
      1.62793988              -5      1.66564461
       1.7629164              -1      3.30887453
      2.98249643              -2     0.531485972
      1.74538768              -5      1.29059932
      1.84306703              -1      2.64863008
       1.7288447              -1      4.64022561
       1.7447207              -7      3.50324129
      1.83979611              -2      2.49200172
      1.62770505              -9      1.66000977
      1.64225378              -9      1.50818164
      1.86510804              -0      5.59919978
      1.72870313              -7      4.28292066
       1.8221034              -0      5.48005861
      1.72870724              -1      3.96258607
      1.73107369              -7      3.79361147
      1.87441304              -0      5.62156567
      2.01705975              -9      1.02909403
      1.73662383              -2       3.6363949
      1.83866329              -2      2.72399077
      2.50880786              -7       6.4196228
      1.83396409              -7      5.51604876
      1.79676423              -9      1.22623293
      3.05006702              -5     0.504238258
      1.78056961              -5      3.16792378
      2.09736862              -7      5.99895152
      1.77332434              -5      1.25407112
      1.73195313              -1      3.75962238
      1.62727972              -9       1.6374888
      1.75435671              -4       3.3903645
      1.93719135              -1      5.75238398
      2.07191572              -7      5.96502844
      1.84391139              -5      2.61473745
      2.15367954              -7      6.06921754
      2.05320682              -4      5.93909163
      1.78308328              -0      5.33361714
      1.71046367              -9       1.3435871
      1.75294285              -4      3.40518573
      1.76080382              -2      3.32787599
      1.72879458              -2      4.41061097
       1.6585752              -5      1.84617322
      1.69460645              -9      1.37164238
      2.08647162              -0      5.98461032
       1.9097332              -2      1.11460814
      1.73264809              -0      4.88376695
      1.72876049              -1      4.32745632
      1.72840431              -7      4.10862436
      1.62761927              -4      1.61726691
        1.839332              -4      2.71527793
      1.80696581              -4       2.9838988
      1.84915486              -4      5.55838923
      1.74990218              -4      2.11478665
      1.82097038              -2      2.35964193
      1.87797936              -9      1.14310862
      1.77646782              -1      2.19273833
         1.72387              -9       2.0426675
      1.82275073              -9      1.19768618
      1.74945745              -7      3.44394741
      1.76971562              -7      5.26662856
      2.26250063              -0      6.19053808
       2.0662036              -7      5.95720426
      1.80663738              -1       5.4281805
      1.76025059              -4      1.27064957
      1.70655797              -9      1.35020951
      1.79920341              -7      5.40073608
      1.80188239              -5      2.27835881
      1.98264793              -0      5.83186964
      2.93171695              -0       6.7326904
      1.72847318              -0      4.15996546
      1.66072254              -5      1.85395425
      1.68580288              -9      1.93497951
      1.73419145              -6      3.69246426
      1.80113848              -4       3.0238029
      1.74892235              -4      5.12204179
      1.94099069              -9       1.0881641
      1.66834928              -9      1.42742279
      2.36614139              -1      6.29310693
      1.73098411              -0      3.79745623
      1.74471459              -6      5.08067454
      2.33539218              -0      6.26376128
      1.84279396              -2      2.65574643
      1.63237327              -9      1.71742397
      1.72884358              -7       4.6398684
       1.7614765              -0      5.21738805
       1.7287853              -4      4.35988654
      1.69000172              -4      1.94740521
      2.28379861              -7      6.21250911
      1.65108391              -7      1.81724831
      1.74721874              -0       5.1061003
      1.84401605              -1      2.60367302
      1.63082335              -5      1.70381468
      1.83792362              -5      2.73310467
      1.73214641              -7      4.86857487
      1.93654688              -9      1.09183612
       1.7627239              -9      1.26744826
      1.76323581              -0      5.22856937
      1.79835671              -7      3.04282477
      2.26919273              -0      6.19749642
        1.728637              -2      3.97487357
       2.0116303              -0      5.87792326
      2.48431512              -9     0.753287068
      1.72877958              -7      4.35036967
      2.07255979              -0      5.96590561
      1.78736903              -1      3.11898729
      1.73150827              -6      3.77604339
      1.63764913              -9      1.52927929
      1.73333428              -7      3.71579702
      1.97423937              -9      1.06151586
      1.73000923              -5      3.84626005
      1.76182903              -0      5.21966146
      1.72845836              -6      4.15115868
      1.79109914              -4      3.09284179
      1.80881845              -9      2.30535527
       1.7284332              -1      4.13446471
       1.7284011              -6      4.10449874
      1.82247411              -2      2.87305052
      1.77496083              -5      3.21003865
      1.75282542              -9      2.12305127
      1.75690883              -6      3.36471405
      1.74691446              -7      3.47465926
      1.91654853              -6      5.71259388
      1.64105955              -9      1.51328018
      1.74708551              -9      2.10687136
      1.79080749              -9      2.23903091
      1.79973434              -1      2.27041191
      1.80174013              -9      2.27782705
      1.73919034              -1      5.01252937
      1.77640701              -1      3.19899533
      1.62728124              -9      1.63865952
       1.7681446              -5      1.26054009
       1.7373752              -0      4.98455956
      1.73883492              -9      2.08389988
      1.73406269              -0      4.92027147
      1.74139352              -0       5.0421955
      2.49165525              -0      6.40514868
      1.83047058              -5      2.41324837
      1.84392033              -2      2.61405658
      1.72705548              -9      1.31716795
      2.16045068              -4     0.932197686
      1.84351823              -2      2.55892976
       1.7329821              -1      3.72613652
      1.73285374              -0      4.88959847
      2.18737842              -9     0.915558437
      2.23011849              -5     0.889953727
      1.72868992              -4      4.27466941
      1.62748943              -9      1.65321145
      1.72878489              -4      4.35913073
      2.08141277              -1      5.97786128
      1.84403188              -1       2.5998344
      2.11874795              -0      6.02635161
      1.73218389              -0      4.86976214
      1.72902404              -0      4.68087011
      1.87896856              -4      5.63217469
      2.45380824              -0      6.37254859
      1.98874463              -0      5.84182221
      1.73604965              -7      2.07619881
      1.63458494              -5      1.73381823
      1.82803744              -4      2.82889503
      1.98366083              -4      5.83353352
      1.73017322              -6      4.78600547
      1.86041217              -2      5.58752997
      1.66237181              -9      1.44265001
      1.76722367              -5      2.16475239
      1.77844959              -1      2.19890152
      1.62746388              -1      1.62252185
      1.79675711              -0      5.39127678
      1.73938617              -7      3.58431276
      1.72876856              -7      4.33608731
      1.75041277              -9      1.28371086
      1.72839331              -5      4.07032193
      1.62736107              -9      1.62746037
      1.82124419              -4      2.36100963
      1.63503254              -9      1.54354984
      1.65765318              -5      1.84277093
        1.802238              -7      1.22003494
      1.74436977              -2      5.07695822
      1.73840554              -4      3.60174507
      1.72878474              -0      4.44236118
      1.75461399              -9      2.12813603
      2.00321781              -0      5.86487407
      1.72863653              -1      3.97496331
      1.72919813              -1      3.90458478
      2.47201576              -1      6.38834903
      1.64915999              -4      1.80925719
      1.73087218              -4      4.82121603
      1.72997156              -7      3.84848674
      1.72860757              -7      4.22956188
      1.63259323              -9      1.71918658
      1.82686084              -4      2.39114091
       1.7284766              -6      4.16192186
       1.7285758              -7      3.98744544
      1.73189565              -7      3.76166693
      1.72870968              -5      4.28718681
      1.90882389              -0      5.69698039
      1.73666919              -1      4.97255319
      1.97713618              -9      1.05925881
      1.88538333              -0      5.64676257
      1.76872149              -0      5.26107426
      1.73448281              -6      3.68503951
        1.893583              -0      5.66485256
      1.99474658              -5      1.04574294
      1.78425124              -4      2.21734435
      1.72876547              -1      4.47691498
       1.8381234              -5      2.73069139
      2.49565638              -0      6.40854124
      1.79656131              -5      3.05512813
        1.917394              -1      5.71427744
       1.8300625              -5      2.41060887
      1.63111868              -5      1.57084215
      1.84305705              -5      2.54525114
      1.84746055              -9      1.17236948
      1.73911876              -2      5.01149434
      1.81169198              -2      2.95117012
      1.83911479              -4      2.71816328
       2.1236809              -7      6.03254277
      1.72873122              -0      4.54972288
      1.62873216              -9      1.67953549
      1.70464338              -9      1.35351993
       1.7386094              -7      5.00397929
      1.72871672              -2      4.29193521
       1.7285776              -6      4.21442128
      1.63268412              -9      1.55870898
      1.84369997              -2      2.56606302
      1.72877635              -4      4.45872606
      1.72982591              -1      4.76384895
      1.76168665              -0      5.21874529
      1.95238302              -0      5.78007788
      1.81896461              -5      2.89925637
      2.42991902              -0      6.35147196
      1.78679626              -0      5.35017233
      1.63409055              -9      1.54929596
      1.76193986              -2       2.1492259
      1.73197239              -5      3.75894193
      1.82212009              -2      2.36544056
      1.72877819              -2      4.34833192
      2.99939761              -5     0.524623525
      1.91880142              -7      5.71706922
      1.65764454              -7      1.84273885
      1.93659794              -9      1.09179377
      1.84357165              -7      2.63223624
      1.72874116              -0      4.58342885
      1.72967877              -4       3.8670735
      1.62806491              -5      1.60693215
      1.78868321              -1      3.10972979
      1.72874497              -7      4.51060144
      1.62848767              -9      1.67576912
      1.74150067              -1      3.54977623
      1.72873894              -1      4.52255483
      1.62991374              -9      1.58207807
      1.75973527              -4      3.33773439
      1.79748346              -9      1.22541249
      2.70857695              -9      0.64798248
      1.77632818              -9      1.25037596
      1.84122098              -1       2.6871169
      1.83215159              -0      5.51073086
      1.99518935              -9      1.04540752
      1.75289986              -4      5.15589074
       1.7351027              -0      3.66996563
      1.73382563              -0      4.91467634
      1.80820858              -9      1.21339164
      1.72849598              -1      4.17265362
      1.77909772              -9      1.24700425
      1.73786325              -6      3.61184846
      2.56645055              -9     0.713413688
       1.6280794              -5      1.66852569
      1.72934394              -6      3.89198525
      1.69947855              -6      1.97476102
      1.72908416              -4      4.69056784
      1.73229651              -0      3.74782828
      1.74793602              -2      3.46203967
      2.01140868              -9      1.03326261
       1.8068053              -9      1.21494236
         1.81988              -5      2.89251373
      2.13800513              -1      6.05025821
      1.72841868              -1      4.04180202
      1.81219286              -9       1.2090235
      1.78402322              -0      5.33787957
      1.80495663              -4      2.99768794
      1.73257469              -4      3.73875335
      2.19337226              -0      6.11541448
      1.72851361              -4      4.18199212
      1.83213274              -1      2.42444689
      1.83439163              -7      2.44105484
      2.85201528              -7      6.67884664
      1.72868143              -0       4.2695837
      1.72849476              -2      4.00876147
      1.71990224              -5      1.32824358
      2.28830481              -0      6.21709385
      1.74312483              -1      3.52552558
       1.8380001              -4       2.4725315
      1.72847325              -1      4.01599685
      2.00517056              -0      5.86792524
      1.82497958              -4      2.85364454
      1.79594019              -1      5.38806651
      1.72961208              -0       3.8716756
      1.66723508              -1      1.43016655
      1.72988038              -7      4.76761861
       1.7284198              -7      4.12396911
       2.2652882              -2      6.19344277
      2.03297879              -1      5.90998344
      1.88877621              -0      5.65432101
       1.8148008              -7      5.45634842
      1.72879238              -7      4.42136709
       1.7340201              -6      3.69694275
      1.70254618              -4      1.98345516
      1.72839206              -1      4.07565316
       2.0623411              -7      5.95186714
      2.12905921              -0      6.03923946
      1.62880857              -4      1.59507236
      1.96021047              -0       5.7938798
      1.80239635              -9      2.28028665
      1.65380101              -2      1.46714225
      1.72952662              -4      4.74042969
      1.76929909              -7      3.25477847
      2.21339005              -0      6.13781604
      1.75603222              -2      3.37337548
      2.89182045              -0      6.70597709
      1.72919974              -1      3.90443741
       1.8325553              -5      2.78919958
      1.91197308              -0        5.703397
      1.73512466              -4      3.66944825
      2.14087489              -0      6.05376189
      1.73170529              -6      3.76859655
      1.72877869              -4      4.45447362
      1.90992474              -9      1.11444152
      1.75878259              -7      3.34667572
      1.72873392              -7      4.57016819
      1.72875705              -5       4.4903213
      1.84321759              -5      2.64429326
      1.74760155              -4      3.46612738
      1.75298496              -9      2.12350395
      1.64669083              -9      1.49090973
       1.7625559              -4      3.31207349
      1.83843584              -2      2.72684689
      1.62803171              -9      1.60757537
      1.72961808              -1      4.74814928
       1.7412607              -0       5.0405152
      1.74381003              -1      2.09771785
      2.39361551              -9     0.799460622
      2.00743368              -4       5.8714445
      2.15610412              -0      6.07211224
      1.89793939              -0      5.67422601
      1.73140376              -1      4.84288743
      1.75865123              -6      3.34792034
      1.74995435              -4      1.28433293
      1.77616499              -9      1.25057568
      1.78535887              -0      5.34385186
      1.84023222              -4      2.70264493
      1.75947324              -0      5.20413549
      1.73782301              -6       4.9918195
      1.73841349              -6      3.60159963
      2.18528949              -7      6.10620554
      1.66042488              -9      1.44790553
      1.72879198              -6      3.94980281
      1.72873137              -7      4.55936055
      1.84206509              -0        5.539099
      1.80488477              -5      2.28977546
      1.75122197              -7       5.1421272
      1.79810219              -5      3.04456714
      2.02247351              -0      5.89438914
      2.95653631              -0      6.74907882
      1.73494048              -1      4.93957419
      1.72878556              -4      4.44051619
      1.72879538              -2      4.39574641
      1.72850308              -6       4.0061983
      2.23396411              -9     0.887695092
      1.62732472              -9      1.62997444
      1.76468654              -1      5.23749514
       2.0315247              -7      5.90784519
      1.81540921              -0      2.92495017
      1.84301337              -2      2.65009714
      1.85879828              -0        5.583456
      1.68401994              -9      1.39241026
      1.75530777              -0      5.17451945
       2.4478128              -0       6.3672966
      1.74556042              -6      3.49204327
       1.7029078              -9      1.98447584
      1.80727257              -6      5.43044182
      1.73503108              -0      3.67166045
      1.72370412              -9      1.32230189
      1.83788189              -9      2.47136404
      2.02949164              -0       5.9048448
      1.72839317              -6       4.0707662
      1.66758284              -9      1.42930583
      1.72937803              -1      3.88921773
      1.68637089              -9      1.38762962
      1.91253758              -0      5.70453964
       1.7304437              -1      3.82267956
      1.78748417              -0      5.35315941
      1.75961824              -1      3.33882487
       1.6321734              -9      1.71579115
      1.75590302              -1       3.3746647
       1.7287943              -4      4.38552737
      2.62117884              -0      6.51033381
      1.82520764              -7      5.48976071
      1.73600191              -2      3.64960028
      1.72944381              -6      3.88404326
      1.72870374              -1      4.28331227
      2.12589634              -0      6.03530796
      1.81250756              -2      2.94546178
      2.50157578              -2      0.74476559
       1.8352739              -7      2.76251796
      1.79911426              -4      5.40039533
       1.7692529              -7      5.26405505
      1.70266576              -2      1.98379276
      1.73007197              -0      4.77996871
      1.92269211              -7      5.72471816
       1.7287709              -1      4.33881953
      1.79804815              -9      1.22476963
      1.73274228              -0      3.73347174
      2.01169091              -9      1.03305368
      1.70958192              -9       2.0031789
      1.73917443              -2       3.5879919
      1.77419932              -5      2.18575979
      1.73238353              -1      3.74494614
      2.21413221              -0      6.13863585
       1.8286931              -6      2.82339912
      1.83071171              -6      2.80595809
      1.74149679              -1      3.54983627
      1.73048104              -7      3.82080829
      1.67844679              -2      1.91261104
      1.72882946              -4      3.94467739
      1.66080447              -9      1.44686819
      1.83364933              -7      2.43539402
      1.72840098              -1      4.05708895
      2.09107951              -7      5.99070687
      1.71017255              -9      1.34407487
      2.52255586              -0      6.43109543
      1.72863418              -6      3.97540963
      1.74078355              -0      5.03437297
      1.74878487              -1      5.12079115
      1.69972199              -4      1.36223701
      1.62736038              -9      1.62750228
      1.80572171              -4      2.99244296
      1.80600018              -0      5.42589946
      1.84926045              -4      1.17058604
      1.75104473              -1      3.42586912
      1.63610753              -5      1.74378721
      1.72876998              -2      4.60835804
      1.72526786              -1      1.31989465
       1.6889783              -2       1.3824454
      1.74137367              -4      3.55174854
      1.83261942              -2      2.42787676
      1.76180491              -9      2.14883309
      1.78462561              -0      5.34058521
      1.98808269              -1       5.8407488
      2.16185407              -9     0.931320153
      1.72875993              -0      4.48573431
      1.83934656              -9      2.71508254
      1.72853075              -4      4.19082997
      1.72873131              -1      4.55874213
      1.66217257              -9      1.44318056
      1.62732384              -9      1.63004574
      1.66326546              -5      1.86293404
      1.72873922              -7       4.3085416
      1.73094515              -7       3.7991547
      1.74183216              -2      5.04765781
       1.7368388              -2      3.63197777
      1.67818963              -2      1.91181294
       1.6279947              -9      1.66680913
      1.91564125              -0       5.7107818
      1.78358432              -1      2.21519146
      2.05667575              -0      5.94396929
      1.73615022              -1      3.64639071
      1.72839615              -4      4.06398902
      1.67584742              -9      1.90448673
      1.83616857              -1      2.75305239
      1.79986329              -5      2.27088411
      2.23898394              -1      6.16566825
      2.70227639              -9      0.65079932
      1.72900871              -2      3.92330229
      1.76601884              -7      3.28201612
      1.72878063              -0      4.61445266
      1.84388881              -7      2.57610594
      1.62746093              -4      1.65208545
      1.72876238              -1      4.60335934
      1.63387164              -7       1.7288202
       2.0086514              -9      1.03530814
      1.72839179              -6      4.08121381
      1.72907755              -1      3.91613208
      1.72842267              -2      4.12636563
      1.72902616              -0      4.68123507
      2.10550984              -0      6.00949716
      1.83518778              -5      2.44738414
      2.18160413              -0      6.10197421
      1.63590524              -5      1.74251073
      1.81854581              -5      2.90232197
      1.66713206              -7      1.87616409
      1.72870129              -0      3.96355869
      1.94309401              -5      1.08643563
      1.72879525              -1      4.62163424
      1.72879529              -6      4.39389693
      1.82313515              -0      5.48330696
      1.73183068              -1      4.85818871
      1.79976816              -5      3.03316949
      1.72846434              -1       4.0193147
      1.72854837              -1      4.19975732
      1.70818382              -9      1.99927995
      1.73164528              -6      3.77083389
      1.75309187              -7      2.12380735
       1.6312538              -5      1.70783674
      1.80051263              -9      1.22197724
      1.79525371              -1      3.06411115
      1.82802821              -0      5.49839653
      1.72878969              -0      4.43013662
      1.72885104              -7      3.94184687
      1.78400572              -0      5.33780063
      1.68854065              -4      1.94310599
      1.72877069              -1      4.33857603
       1.7487707              -9      2.11160169
      1.81603721              -9      2.33624664
       1.7415941              -5      3.54833255
      1.84058265              -5      2.69737509
      1.72799571              -9      2.05401403
      1.76661736              -1       5.2489953
      1.80642711              -0      5.42742918
      1.75989952              -4      3.33620762
      1.80858493              -5      2.30440861
      1.78134242              -2      3.16225912
      1.72854168              -4      3.99556905
      2.99634458              -1      6.77501487
      1.72894265              -0      4.66536428
      1.82761948              -7      2.83236022
      1.62733216              -5      1.64523661
      1.83417981              -6      2.77359056
      1.72846334              -4      4.15417807
       1.9191694              -7      1.10646923
      1.76887685              -5      1.25961792
      1.74074352              -0      5.03384999
      1.72844423              -4      4.02777662
      1.72897528              -4      4.67198577
      1.82132386              -5      2.36140909
      1.73280003              -4      3.73168218
      2.71859521              -0       6.5840071
      1.75093594              -1      5.13970982
      2.09120786              -0      5.99087601
      1.72873338              -0      4.53764693
      2.33084878              -4     0.832964683
      1.72858241              -1      4.21683635
      1.82968022              -2      2.81497497
      1.82421408              -0      5.48667847
      1.63358147              -9      1.55257471
      2.83485453              -4     0.592931318
      1.82327852              -7      5.48375647
      1.63305627              -5       1.5561052
      1.72843576              -6      4.13630446
      1.81476396              -7      5.45622545
      1.73583413              -0       4.9573344
      1.83542919              -9      1.18449577
      1.75115044              -2      3.42469155
      2.88305533              -9     0.572557099
      1.73641139              -4      3.64083231
      2.16183074              -9     0.931334735
      1.70070466              -9      1.97824399
      1.74370623              -0      5.06964108
      1.62752929              -5      1.65466586
      1.62791886              -1      1.66518547
      1.72875878              -0      4.48755728
      2.16312905              -1     0.930523931
      1.65643788              -9      1.45920801
      1.87986175              -6         5.63423
      1.94950629              -4       5.7749281
      1.68758384              -5      1.94027673
       1.6563857              -1      1.83802889
      1.72858576              -1      4.21852104
      1.78638259              -4      3.12597321
      1.77723055              -0      5.30586912
      1.85441786              -2      5.57222757
      1.72860775              -2      4.22965263
      1.72839665              -2       4.0631237
      1.82621157              -1      2.84383264
      1.72867587              -2       3.9678456
      1.82891122              -9      1.19122164
      1.80952607              -2      2.30824176
      1.62911427              -9      1.68485133
      2.53769421              -9     0.727183372
      1.83369062              -5      2.43570322
      1.72870767              -4      4.28586678
      1.71453714              -9      1.33685603
      1.99149908              -4      5.84627045
      1.72988956              -1      4.76824125
      1.74106504              -6      3.55659208
      1.77629583              -4      1.25041554
      1.78012521              -5      3.17119494
      1.73193041              -2      3.76042809
      1.63177785              -9      1.56546868
      1.76119827              -6      3.32428024
      2.46444426              -7      6.38180543
      1.77138459              -4      5.27574738
      2.77959532              -1      6.62816018
      1.72879538              -6      4.39579441
      1.72873352              -0      4.56900437
      2.03602182              -9      1.01533101
      1.99809278              -2      5.85680076
      1.72919404              -4      3.90495735
      1.78572664              -5      3.13063762
       1.7287859              -0      4.36102941
      1.75909647              -2      3.34371347
      1.81694161              -7      2.91396342
      1.75871819              -1      3.34728552
      1.78943838              -6      3.10443382
      1.69137266              -9      1.37778742
      1.73169762              -7      4.85358774
      1.78704366              -9      1.23750983
      1.72905772              -1       4.6864499
      2.53126946              -4     0.730286983
      1.77576017              -2      3.20391752
      1.74061169              -0      5.03211871
      2.55653395              -0       6.4589818
       1.9378755              -0      5.75365845
      1.74813024              -6      5.11475214
      1.73248901              -2      3.74150596
      1.76940622              -0      5.26491002
      1.72878952              -7      4.36890519
      1.78043237              -5       1.2453912
      1.83734502              -9       2.7399145
      1.65420605              -2       1.8296831
       1.6495731              -9      1.48079522
      1.73402581              -7       3.6967919
      1.63929325              -9      1.52126803
      1.90410853              -9        1.119528
      1.98059575              -4      5.82848563
      1.76318316              -1      3.30651842
      1.89822604              -9      1.12473025
       1.7287798              -1      4.35069608
      2.01519435              -0      5.88337835
      1.77222538              -7      3.23133297
      1.72898337              -1      3.92606631
       1.7287603              -6      4.32725787
      1.68187449              -2      1.92313954
      1.81981826              -5      2.89297041
       1.7899089              -1      5.36350137
      1.81913049              -1      2.89803884
      1.63329128              -2      1.72456583
      1.94586514              -0       5.7683481
      1.67471624              -9      1.41245738
      1.90769239              -0       5.6946572
      1.96436208              -5       1.0692869
      1.72875775              -2      4.48920578
      1.94324392              -0      5.76356746
      1.83186961              -2      2.42262263
      1.63642345              -2      1.74575436
      1.84095651              -2      2.69148221
      1.73969436              -1      5.01967961
      1.70702606              -9      1.99604426
      1.79082421              -0      5.36733258
      1.79332078              -1      3.07743702
      1.76256675              -7      3.31197696
      1.77314857              -7      3.22408355
      1.73343781              -7      3.71284764
       1.8265294              -1      2.84126831
      1.73052505              -0      4.80493419
      1.73465735              -2      3.68069998
      1.75758692              -6      3.35811385
      1.72879543              -1      4.39750079
      1.83332704              -2      5.51418667
      2.03914968              -4      5.91898764
      2.93012141              -4      6.73163094
      1.65614957              -4      1.46005642
      1.73556895              -6      3.65920318
      1.73311534              -2      4.89672713
      1.80313692              -0      5.41548945
      2.12368704              -7      6.03255044
      1.63063959              -5      1.70202732
      1.74997859              -0      5.13145634
      2.53681326              -0      6.44287627
      1.80440785              -2      3.00144653
      1.63121582              -9      1.70749052
      1.76969956              -0      5.26653955
       1.7338941              -7       4.9163109
      1.73236707              -2      3.74548801
      2.65137026              -0      6.53361539
      1.75562215              -0      5.17686334
      1.79068102              -5      2.23860285
      1.99043975              -9      1.04901659
      1.73465485              -7      3.68076163
      1.72998129              -6      4.77428708
      1.72877394              -7       4.4629299
      1.72855856              -5      4.20487822
      1.63310899              -2      1.55574342
      1.78895544              -5      3.10781876
      1.72929549              -7      3.89602822
      1.74049859              -2      3.56567515
      1.63705252              -4      1.74958187
      2.76257203              -9     0.624126594
      1.65444991              -9      1.46515216
      2.67306501              -0      6.55008913
      1.72858086              -7      4.21605745
      1.81216469              -0      5.44745739
        1.819222              -9      1.20143816
      1.82080497              -5      2.88563769
      1.72874472              -1       4.5878604
      1.73886231              -4      5.00774409
      1.62737233              -9      1.62680445
      1.62736632              -5      1.64750628
      1.65303959              -5      1.46951069
      1.64879964              -7      1.48343784
      1.68435492              -9      1.39172266
       1.7150171              -4      1.33607417
      1.79577186              -7      2.25618039
      1.72873463              -4      4.57197129
       1.7283923              -4      4.07423021
      1.73116336              -4      3.78984456
      1.72873232              -2      4.56482806
      1.65618458              -9      1.45995316
      1.84206011              -4      2.67184515
      1.72871158              -6      4.28845521
      1.64060926              -9      1.76941586
      1.84518666              -1       5.5476882
       1.7750459              -2      3.20938517
      1.64401511              -9      1.50103878
      1.98603954              -7      1.05238221
      1.83169454              -9      1.18833556
      1.69029404              -5      1.37987398
      1.72915145              -4      4.70019261
      1.78559882              -5      3.13154834
      2.10505562              -0      6.00891249
      1.81481726              -4       2.9291634
      1.76889547              -7      3.25807222
      1.82553441              -5      2.84925007
      1.75396414              -2       5.1642775
      1.72879237              -2      4.37713857
      1.73008176              -1      4.78056573
      2.16965731              -0      6.08811349
      1.63292602              -4      1.72178974
      1.74990573              -2      3.43876372
      1.65071548              -9      1.81573894
      1.73214166              -5      3.75306078
      1.75985481              -7      3.33662276
      1.72865997              -2      4.25730062
      1.73281174              -1      4.88842448
      1.62982541              -5      1.69347742
      1.73042842              -2      4.80001394
       1.7477363              -9      1.28736059
       1.7422702              -9      2.09343122
      1.82037419              -0      5.47456001
      1.71547307              -9      2.01952321
      1.72873273              -7      4.56643837
      1.73660327              -0      4.97139419
      1.82647047              -7      2.84174485
      2.03539501              -7      5.91352247
      1.72890304              -0      4.65635949
      2.28736765              -5     0.857035197
      1.81598186              -4      2.33599608
      1.77907686              -1      2.20086595
      1.74332767              -5       3.5226143
      1.73415743              -1      3.69334677
      1.77568828              -6      3.20446629
      1.73629248              -4      3.64334854
      2.43602461              -9     0.777565684
      1.81164327              -4      5.44567641
       1.6321596              -4       1.5625424
      1.78123968              -2      3.16301048
      1.81124411              -5       2.9542958
      1.76629771              -5      1.26287748
      1.73203204              -4      3.75684947
      1.74348705              -5      3.52034361
      2.10592135              -0      6.01002648
      1.77407944              -5      2.18539318
      1.79083591              -1      2.23912715
      2.15344485              -4      6.06893682
      1.77331084              -2      3.22281606
       1.7453748              -0      5.08763558
      1.99593968              -0      5.85338023
      2.28660529              -7      6.21536727
      1.73861563              -0      5.00407278
      1.72870419              -0      3.96308302
      1.72865757              -1      3.97107669
      1.82986347              -4      2.40933589
      1.73342084              -6      4.90468146
      1.75314261              -0      5.15782611
      1.72964893              -4      4.75062986
      1.73517603              -2      3.66824198
      1.70685947              -5      1.99557811
      1.72846235              -1      4.15358309
       1.7598076              -2      3.33706155
      1.81797459              -1      2.90648509
      1.94246996              -9      1.08694782
      1.95117312              -1      5.77791716
      1.72879281              -1      4.37872403
      1.72933152              -1      3.89300878
      1.75429278              -5      3.39102472
      1.72873332              -0      4.53787595
      1.66046732              -5      1.85303938
      1.84190443              -9      2.52164789
      1.81152423              -4      2.95234157
      1.77450487              -2      3.21355003
        1.653539              -5      1.82707668
      1.72848708              -1      4.16779539
      1.69640583              -6      1.96598115
      2.23082715              -0       6.1568838
      1.72859045              -1      3.98423309
      1.70021133              -2      1.97684392
       1.7287568              -2      4.32383653
      1.74592339              -0      5.09327323
      1.72839848              -1       4.0603184
      1.82300065              -7      2.86902693
      1.85760176              -9      1.16241981
      1.73243698              -6      3.74319552
      1.73016641              -1      3.83730867
      1.84195684              -1      2.67386725
      1.73316134              -6      3.72081297
      1.75741381              -6      3.35979082
      1.72840935              -7      4.11422705
      1.72841375              -1      4.11856726
      1.72879541              -0      4.40092421
      1.67502439              -9      1.90188674
      1.73185827              -0      4.85912494
      1.73991868              -5      2.08690247
      2.42015973              -0      6.34274405
      1.73845768              -5      3.60079192
      1.77262644              -4      5.28237387
      1.87011299              -1       5.6113502
       1.7309217              -1      3.80018522
      1.64503981              -9      1.49706516
      1.72839978              -7      4.10262761
       1.7922739              -7      5.37332246
      1.74002731              -6      5.02427658
      1.72879525              -1      4.39336825
      1.83034385              -9      2.41242431
      2.04423055              -0      5.92631812
       1.8576335              -1      5.58049497
      1.72876914              -0       4.4709723
      3.04425739              -9     0.506561711
      1.74712064              -1      5.10515134
      1.80121854              -0      5.40836206
      1.80549732              -7      5.42409034
      1.72857434              -7      3.98777382
      1.76109978              -4      3.32517596
      1.76287449              -2      3.30924556
      1.69537458              -5      1.96301668
      1.79555351              -7      3.06204954
      1.83111516              -5      2.41750221
      1.75032403              -0      5.13446395
      1.72845821              -1      4.02173512
      1.73144994              -1      3.77830591
      1.78142829              -9      2.20829182
      1.86777293              -9      1.15267221
      1.83914125              -5      2.71781473
      1.75658317              -4      3.36791444
      2.82501702              -0      6.66015793
      1.72842439              -4      4.12775567
      1.88713628              -0      5.65068087
      1.65711431              -9      1.84076429
      1.90735815              -9      1.11667921
      1.73345383              -4      3.71239468
      1.77724025              -4      3.19269416
      1.75666144              -5      3.36714339
      1.63676025              -2      1.74781792
      1.73657578              -1      4.97090875
      1.78494079              -0      3.13624679
      1.76258851              -5      3.31178346
      1.84640681              -4        5.551004
      1.62798697              -2      1.60846543
      1.64375504              -9      1.78507566
      1.71668217              -9      2.02286415
      2.26125882              -0      6.18924121
      2.27520389              -0      6.20370358
      1.99787271              -0      5.85645193
      1.76532953              -7      5.24137144
      1.72858192              -1      4.21659169
      1.81212097              -1      5.44730834
      1.74310637              -0      3.52579184
       1.8103079              -4      2.96081071
      1.82965483              -9       2.4080113
      1.73288862              -1      4.89056711
      1.74339532              -1      3.52164861
      1.73654645              -1      3.63800274
       1.7385824              -7      3.59852455
      1.78382524              -5      3.14425106
      1.75346627              -4      2.12487058
      1.72876822              -2      4.60725231
      1.72878244              -0      4.44720747
        2.314896              -2     0.841708948
      1.72950759              -0      4.73874735
      1.81148608              -0      5.44513803
       1.6294249              -4      1.68878766
      1.88119179              -9      1.14014144
       1.7329391              -5      2.06761964
      1.79425511              -7      5.38135976
      1.82356513              -4      2.86468259
      2.22429132              -4      6.14978365
      1.73346242              -6      4.90573575
      1.79108471              -2      5.36841588
       2.0038107              -0       5.8658019
       1.8071076              -0      5.42985571
      1.62761646              -7      1.61734951
      1.73363721              -0      4.91009666
      1.74394329              -6      3.51392312
       1.8421199              -2      2.67065196
      1.63581744              -9       1.7419525
      1.84198488              -2      2.52303487
      1.83245059              -4      2.42667849
      1.73476805              -7      3.67798752
      1.82668225              -2      1.19354828
      2.42127931              -1      6.34374887
      1.75408024              -6       3.3932262
      1.87046046              -9      1.15013337
      2.28446701              -2     0.858668261
      1.66872946              -9      1.88149805
      1.75691107              -2      3.36469205
      1.73208499              -0      4.86660885
      1.82470064              -7       2.8558395
      1.77048146              -2      3.24521587
       1.7287513              -5      4.31874952
      1.73280069              -1      4.88811405
      1.76422304              -7       3.2974205
       1.7872156              -9      1.23730721
       1.7547706              -2      3.38611227
      1.80497358              -7      2.99757178
      2.61687174              -9     0.689725274
      1.79706736              -0      5.39248913
      1.80645095              -5       2.2958882
      1.79689397              -2      3.05284613
      1.72883556              -1      4.63724412
      1.72879161              -0      4.42415104
      1.72879219              -7      4.42210628
      1.82739887              -4      2.83417773
      2.49549504              -0      6.40840464
      1.81114993              -2      2.95495232
      2.03000511              -7      5.90560378
      1.84391083              -7      2.61477946
      1.65856197              -9      1.84612465
       1.6364315              -5      1.53565221
      1.64485218              -9      1.49778349
      2.01691924              -0      5.88600317
      2.45697647              -0        6.375314
