10 1
0.18792313
1 -1 1 1
         5.539289571 
   0.845333155234048 
0.12335929
1 -1 1 1
         4.144404131 
    1.48969039810476 
0.09842191
1 -1 1 1
         3.241599362 
     1.4238171404042 
0
1 -1 1 1
                   0 
                   0 
0.13194244
1 -1 1 1
         3.798454841 
    1.54196603350692 
0.098891719
1 -1 1 1
         2.297414819 
   0.959234884476458 
0.060599909
1 -1 1 1
         3.763771069 
   0.859146336263167 
0.13092355
1 -1 1 1
         3.887266655 
    1.53522830836765 
0
1 -1 1 1
                   0 
                   0 
0.16793804
1 -1 1 1
         1.452395118 
   0.549841714834047 
