 0.50614 0.00000e+00
 0.51841 2.63320e-03
 0.53068 0.00000e+00
 0.54295 0.00000e+00
 0.55522 0.00000e+00
 0.56750 2.23516e-03
 0.57977 0.00000e+00
 0.59204 2.01671e-03
 0.60431 3.83982e-03
 0.61658 1.88913e-03
 0.62885 0.00000e+00
 0.64113 1.69481e-03
 0.65340 1.61982e-03
 0.66567 0.00000e+00
 0.67794 3.03913e-03
 0.69021 1.46456e-03
 0.70249 2.81801e-03
 0.71476 1.33836e-03
 0.72703 2.63332e-03
 0.73930 1.27093e-03
 0.75157 0.00000e+00
 0.76385 1.18376e-03
 0.77612 2.30837e-03
 0.78839 1.13015e-03
 0.80066 1.10256e-03
 0.81293 1.05734e-03
 0.82520 1.03016e-03
 0.83748 1.01513e-03
 0.84975 9.76489e-04
 0.86202 9.58574e-04
 0.87429 0.00000e+00
 0.88656 9.32580e-04
 0.89884 0.00000e+00
 0.91111 3.55029e-03
 0.92338 8.67478e-04
 0.93565 8.63178e-04
 0.94792 4.19859e-03
 0.96020 2.48868e-03
 0.97247 1.63223e-03
 0.98474 0.00000e+00
 0.99701 7.94544e-04
 1.00928 1.57581e-03
 1.02155 3.11017e-03
 1.03383 2.30782e-03
 1.04610 7.61833e-04
 1.05837 4.53555e-03
 1.07064 2.25438e-03
 1.08291 7.43504e-04
 1.09519 0.00000e+00
 1.10746 1.47577e-03
 1.11973 2.20512e-03
 1.13200 7.32688e-04
 1.14427 2.19367e-03
 1.15655 1.46095e-03
 1.16882 7.29982e-04
 1.18109 2.92062e-03
 1.19336 2.19213e-03
 1.20563 2.19807e-03
 1.21790 1.46796e-03
 1.23018 0.00000e+00
 1.24245 1.47970e-03
 1.25472 3.71646e-03
 1.26699 2.99691e-03
 1.27926 7.54400e-04
 1.29154 4.55004e-03
 1.30381 7.62989e-04
 1.31608 7.69283e-04
 1.32835 1.55316e-03
 1.34062 2.35289e-03
 1.35290 1.58151e-03
 1.36517 8.00230e-04
 1.37744 1.61505e-03
 1.38971 3.27713e-03
 1.40198 8.26770e-04
 1.41425 2.52811e-03
 1.42653 0.00000e+00
 1.43880 8.56765e-04
 1.45107 2.62174e-03
 1.46334 4.42111e-03
 1.47561 8.96188e-04
 1.48789 2.73140e-03
 1.50016 5.55873e-03
 1.51243 1.87462e-03
 1.52470 1.89478e-03
 1.53697 2.89694e-03
 1.54925 1.96554e-03
 1.56152 4.95689e-03
 1.57379 2.01588e-03
 1.58606 0.00000e+00
 1.59833 1.03377e-03
 1.61060 6.32287e-03
 1.62288 1.07411e-03
 1.63515 1.07991e-03
 1.64742 2.19542e-03
 1.65969 2.22471e-03
 1.67196 1.13077e-03
 1.68424 0.00000e+00
 1.69651 3.46341e-03
 1.70878 1.16161e-03
 1.72105 0.00000e+00
 1.73332 5.95203e-03
 1.74560 0.00000e+00
 1.75787 4.84168e-03
 1.77014 0.00000e+00
 1.78241 0.00000e+00
 1.79468 1.23374e-03
 1.80695 1.24345e-03
 1.81923 1.25305e-03
 1.83150 1.25850e-03
 1.84377 2.52789e-03
 1.85604 0.00000e+00
 1.86831 5.08371e-03
 1.88059 8.92098e-03
 1.89286 1.27594e-03
 1.90513 3.83422e-03
 1.91740 2.55752e-03
 1.92967 0.00000e+00
 1.94195 1.27851e-03
 1.95422 3.83216e-03
 1.96649 0.00000e+00
 1.97876 6.36468e-03
 1.99103 5.07610e-03
 2.00330 1.26533e-03
 2.01558 0.00000e+00
 2.02785 1.25779e-03
 2.04012 0.00000e+00
 2.05239 1.25005e-03
 2.06466 2.48623e-03
 2.07694 7.42837e-03
 2.08921 2.46640e-03
 2.10148 1.22789e-03
 2.11375 1.21932e-03
 2.12602 2.42683e-03
 2.13830 2.41897e-03
 2.15057 2.40576e-03
 2.16284 4.78053e-03
 2.17511 2.37826e-03
 2.18738 2.35933e-03
 2.19965 1.17405e-03
 2.21193 0.00000e+00
 2.22420 1.16104e-03
 2.23647 5.78387e-03
 2.24874 2.29772e-03
 2.26101 1.14321e-03
 2.27329 3.40525e-03
 2.28556 2.26320e-03
 2.29783 2.24834e-03
 2.31010 0.00000e+00
 2.32237 0.00000e+00
 2.33465 3.32470e-03
 2.34692 1.10455e-03
 2.35919 4.38938e-03
 2.37146 1.09082e-03
 2.38373 1.08611e-03
 2.39600 1.07936e-03
 2.40828 1.07804e-03
 2.42055 2.14147e-03
 2.43282 2.13267e-03
 2.44509 1.06115e-03
 2.45736 1.06029e-03
 2.46964 2.10997e-03
 2.48191 3.15134e-03
 2.49418 1.04726e-03
 2.50645 1.04257e-03
 2.51872 2.07707e-03
 2.53100 3.10741e-03
 2.54327 2.06383e-03
 2.55554 1.02722e-03
 2.56781 3.07641e-03
 2.58008 3.06509e-03
 2.59235 2.03848e-03
 2.60463 1.01459e-03
 2.61690 3.03841e-03
 2.62917 5.04916e-03
 2.64144 0.00000e+00
 2.65371 1.00440e-03
 2.66599 3.00454e-03
 2.67826 2.99786e-03
 2.69053 3.98839e-03
 2.70280 9.94160e-04
 2.71507 3.97004e-03
 2.72735 0.00000e+00
 2.73962 0.00000e+00
 2.75189 1.97137e-03
 2.76416 9.82936e-04
 2.77643 9.82003e-04
 2.78870 1.95931e-03
 2.80098 9.77062e-04
 2.81325 9.75106e-04
 2.82552 9.73803e-04
 2.83779 2.91567e-03
 2.85006 9.70529e-04
 2.86234 3.87395e-03
 2.87461 1.93105e-03
 2.88688 9.64726e-04
 2.89915 9.63284e-04
 2.91142 9.60370e-04
 2.92370 3.83663e-03
 2.93597 2.87253e-03
 2.94824 0.00000e+00
 2.96051 3.81159e-03
 2.97278 2.85566e-03
 2.98505 2.84980e-03
 2.99733 9.47666e-04
 3.00960 5.67854e-03
 3.02187 1.88892e-03
 3.03414 1.88520e-03
 3.04641 2.82306e-03
 3.05869 2.81926e-03
 3.07096 9.37991e-04
 3.08323 5.61502e-03
 3.09550 4.67031e-03
 3.10777 2.79742e-03
 3.12005 1.86145e-03
 3.13232 2.78478e-03
 3.14459 3.70726e-03
 3.15686 9.25864e-04
 3.16913 2.76785e-03
 3.18140 1.84233e-03
 3.19368 1.83962e-03
 3.20595 1.83579e-03
 3.21822 1.83126e-03
 3.23049 0.00000e+00
 3.24276 1.82499e-03
 3.25504 3.64473e-03
 3.26731 9.09708e-04
 3.27958 9.06822e-04
 3.29185 1.81153e-03
 3.30412 1.80747e-03
 3.31640 2.70490e-03
 3.32867 8.99609e-04
 3.34094 3.59424e-03
 3.35321 8.97330e-04
 3.36548 1.78992e-03
 3.37775 8.94234e-04
 3.39003 1.78437e-03
 3.40230 1.78070e-03
 3.41457 2.66706e-03
 3.42684 8.87576e-04
 3.43911 1.77170e-03
 3.45139 4.42147e-03
 3.46366 8.82396e-04
 3.47593 8.81514e-04
 3.48820 8.80780e-04
 3.50047 1.75777e-03
 3.51275 4.38767e-03
 3.52502 3.50446e-03
 3.53729 2.62585e-03
 3.54956 1.74697e-03
 3.56183 1.74626e-03
 3.57410 1.74300e-03
 3.58638 8.70288e-04
 3.59865 8.69255e-04
 3.61092 8.68434e-04
 3.62319 2.60267e-03
 3.63546 0.00000e+00
 3.64774 1.73201e-03
 3.66001 1.73072e-03
 3.67228 8.64865e-04
 3.68455 0.00000e+00
 3.69682 8.63341e-04
 3.70910 1.72579e-03
 3.72137 3.44995e-03
 3.73364 8.62090e-04
 3.74591 8.61851e-04
 3.75818 1.72320e-03
 3.77045 8.61319e-04
 3.78273 8.61246e-04
 3.79500 3.44488e-03
 3.80727 0.00000e+00
 3.81954 5.16822e-03
 3.83181 8.61516e-04
 3.84409 2.58502e-03
 3.85636 1.72432e-03
 3.86863 5.17485e-03
 3.88090 0.00000e+00
 3.89317 3.45443e-03
 3.90545 0.00000e+00
 3.91772 8.64602e-04
 3.92999 1.73129e-03
 3.94226 8.66540e-04
 3.95453 4.33709e-03
 3.96680 0.00000e+00
 3.97908 2.60857e-03
 3.99135 8.70961e-04
 4.00362 2.61539e-03
 4.01589 4.36663e-03
 4.02816 0.00000e+00
 4.04044 3.50585e-03
 4.05271 8.77649e-04
 4.06498 0.00000e+00
 4.07725 8.81525e-04
 4.08952 1.76603e-03
 4.10180 3.54055e-03
 4.11407 1.77498e-03
 4.12634 2.66843e-03
 4.13861 1.78321e-03
 4.15088 2.67882e-03
 4.16315 1.79141e-03
 4.17543 8.99345e-04
 4.18770 8.99588e-04
 4.19997 1.80673e-03
 4.21224 3.62736e-03
 4.22451 4.54204e-03
 4.23679 2.73604e-03
 4.24906 0.00000e+00
 4.26133 9.17237e-04
 4.27360 0.00000e+00
 4.28587 2.77351e-03
 4.29815 1.85466e-03
 4.31042 4.64630e-03
 4.32269 1.86883e-03
 4.33496 2.80820e-03
 4.34723 3.76144e-03
 4.35950 3.77546e-03
 4.37178 3.78821e-03
 4.38405 9.50454e-04
 4.39632 1.90710e-03
 4.40859 1.91624e-03
 4.42086 9.63810e-04
 4.43314 1.92990e-03
 4.44541 0.00000e+00
 4.45768 9.73254e-04
 4.46995 9.77975e-04
 4.48222 2.94424e-03
 4.49450 2.95619e-03
 4.50677 0.00000e+00
 4.51904 1.98514e-03
 4.53131 1.99513e-03
 4.54358 0.00000e+00
 4.55585 0.00000e+00
 4.56813 2.02075e-03
 4.58040 0.00000e+00
 4.59267 3.04627e-03
 4.60494 0.00000e+00
 4.61721 0.00000e+00
 4.62949 1.02713e-03
 4.64176 3.09256e-03
 4.65403 0.00000e+00
 4.66630 3.11415e-03
 4.67857 3.12213e-03
 4.69085 1.04316e-03
 4.70312 2.09449e-03
 4.71539 1.05042e-03
 4.72766 3.15830e-03
 4.73993 2.11105e-03
 4.75220 3.17240e-03
 4.76448 1.05910e-03
 4.77675 4.24387e-03
 4.78902 1.06267e-03
 4.80129 2.12984e-03
 4.81356 2.13193e-03
 4.82584 2.13538e-03
 4.83811 2.13684e-03
 4.85038 3.20701e-03
 4.86265 5.34798e-03
 4.87492 2.13971e-03
 4.88720 4.27910e-03
 4.89947 1.06945e-03
 4.91174 2.13801e-03
 4.92401 1.06855e-03
 4.93628 1.06678e-03
 4.94855 4.26311e-03
 4.96083 1.06339e-03
 4.97310 1.06244e-03
 4.98537 4.24076e-03
 4.99764 3.17006e-03
 5.00991 3.16600e-03
 5.02219 2.10338e-03
 5.03446 2.09661e-03
 5.04673 3.13540e-03
 5.05900 0.00000e+00
 5.07127 0.00000e+00
 5.08355 2.06719e-03
 5.09582 4.11466e-03
 5.10809 1.02338e-03
 5.12036 1.02008e-03
 5.13263 2.02857e-03
 5.14490 2.01885e-03
 5.15718 2.00949e-03
 5.16945 2.98790e-03
 5.18172 9.93321e-04
 5.19399 0.00000e+00
 5.20626 9.78391e-04
 5.21854 0.00000e+00
 5.23081 1.94085e-03
 5.24308 1.92587e-03
 5.25535 0.00000e+00
 5.26762 1.90178e-03
 5.27990 1.88668e-03
 5.29217 2.81531e-03
 5.30444 9.32378e-04
 5.31671 9.26608e-04
 5.32898 4.58095e-03
 5.34125 9.10505e-04
 5.35353 2.71167e-03
 5.36580 8.99936e-04
 5.37807 8.89107e-04
 5.39034 8.87692e-04
 5.40261 2.64426e-03
 5.41489 3.49395e-03
 5.42716 0.00000e+00
 5.43943 0.00000e+00
 5.45170 5.13363e-03
 5.46397 1.69985e-03
 5.47625 1.69333e-03
 5.48852 0.00000e+00
 5.50079 1.67079e-03
 5.51306 1.66326e-03
 5.52533 1.64844e-03
 5.53760 3.28362e-03
 5.54988 8.16210e-04
 5.56215 1.62366e-03
 5.57442 1.61581e-03
 5.58669 1.60678e-03
 5.59896 7.99133e-04
 5.61124 1.59294e-03
 5.62351 2.37825e-03
 5.63578 2.36903e-03
 5.64805 7.88586e-04
 5.66032 1.57079e-03
 5.67260 7.82649e-04
 5.68487 1.55977e-03
 5.69714 7.78879e-04
 5.70941 2.32989e-03
 5.72168 1.55066e-03
 5.73395 2.32350e-03
 5.74623 2.32161e-03
 5.75850 4.63862e-03
 5.77077 3.09113e-03
 5.78304 3.09102e-03
 5.79531 1.54577e-03
 5.80759 2.32040e-03
 5.81986 0.00000e+00
 5.83213 3.10094e-03
 5.84440 1.55369e-03
 5.85667 3.11251e-03
 5.86895 7.80425e-04
 5.88122 7.81711e-04
 5.89349 3.92406e-03
 5.90576 2.36312e-03
 5.91803 4.74752e-03
 5.93030 2.38250e-03
 5.94258 2.39844e-03
 5.95485 1.60407e-03
 5.96712 2.41794e-03
 5.97939 1.62638e-03
 5.99166 8.17398e-04
 6.00394 4.11351e-03
 6.01621 3.31610e-03
 6.02848 8.38090e-04
 6.04075 1.69137e-03
 6.05302 2.55767e-03
 6.06530 8.62215e-04
 6.07757 8.69311e-04
 6.08984 8.73509e-04
 6.10211 0.00000e+00
 6.11438 3.56838e-03
 6.12665 9.03251e-04
 6.13893 9.19255e-04
 6.15120 1.85579e-03
 6.16347 9.39181e-04
 6.17574 9.54883e-04
 6.18801 1.93039e-03
 6.20029 1.96679e-03
 6.21256 5.96405e-03
 6.22483 0.00000e+00
 6.23710 2.03849e-03
 6.24937 2.08779e-03
 6.26165 2.11649e-03
 6.27392 4.31320e-03
 6.28619 2.19565e-03
 6.29846 1.11588e-03
 6.31073 2.28024e-03
 6.32300 2.30610e-03
 6.33528 0.00000e+00
 6.34755 2.40841e-03
 6.35982 0.00000e+00
 6.37209 2.50526e-03
 6.38436 1.29083e-03
 6.39664 1.31409e-03
 6.40891 1.34083e-03
 6.42118 2.75570e-03
 6.43345 5.64123e-03
 6.44572 4.34348e-03
 6.45800 5.88415e-03
 6.47027 1.52213e-03
 6.48254 3.11413e-03
 6.49481 0.00000e+00
 6.50708 6.50407e-03
 6.51935 0.00000e+00
 6.53163 5.16378e-03
 6.54390 1.76555e-03
 6.55617 0.00000e+00
 6.56844 3.75310e-03
 6.58071 1.91064e-03
 6.59299 1.96843e-03
 6.60526 2.03858e-03
 6.61753 4.26907e-03
 6.62980 2.20526e-03
 6.64207 2.26054e-03
 6.65435 2.35283e-03
 6.66662 0.00000e+00
 6.67889 2.49519e-03
 6.69116 0.00000e+00
 6.70343 0.00000e+00
 6.71570 2.73627e-03
 6.72798 2.86938e-03
 6.74025 2.97313e-03
 6.75252 0.00000e+00
 6.76479 6.39021e-03
 6.77706 3.26212e-03
