# npar = 1, n_ded = 0
#         weight            chi2        param[0]
#                                     alpha_topo
       1.2835563              -9      1.02459932
       1.4821361              -9      1.51925889
      1.28987854              -7      5.68904594
       1.5512587              -2      1.57719701
      1.77637178              -1      1.99548731
      1.30724871              -1      5.62295161
      1.58624295              -0      5.03350341
      1.44875833              -7      5.33506012
      1.41364966              -0      5.39661972
      1.44183059              -7      4.22061701
       1.4329835              -0      5.36263411
      1.45686373              -4      3.18024498
       1.2857618              -0      5.84518766
      1.68414669              -5      2.23388351
      1.39640857              -7      3.95780458
      1.55858511              -1      6.23280244
      1.60161916              -1      4.95263395
      1.41553114              -7      3.45215726
      1.53039958              -4      4.51521663
      1.45234812              -9      1.49413193
      1.22407185              -9      1.15750796
       1.6144373              -0      6.27420926
      2.18585101              -0      6.57586257
      1.60501574              -1      4.84519832
      1.47205359              -0       5.2939928
      1.39037775              -4       3.7242936
      1.92516843              -0      6.45661708
      1.40605952              -4      4.03922147
       1.6767876              -5      2.25027797
        1.358222              -9     0.953966984
      1.50167753              -0       5.2398083
      1.51656951              -0      5.21101173
      1.22900811              -9        1.215028
      1.24052124              -9      1.25053735
      1.26638721              -9      1.04681182
      1.47641852              -4      3.05480711
      1.34014765              -0       5.5384878
      1.41639299              -1      4.10270945
      1.55374357              -7      4.58973543
      1.75510366              -2      2.06803124
      1.43949663              -4       3.2902399
      1.38472101              -1      5.44895649
      1.47440034              -1      3.06793667
      1.73671111              -5      2.11525764
      1.60569286              -7      4.86168435
      1.39037061              -6      3.72448549
      1.47147382              -1      3.08689617
      1.77315737              -9      1.84810855
      1.44569165              -2       3.2508633
      1.63785459              -5      2.34108733
      1.35078582              -0      6.01370028
      1.56475186              -1      5.10180428
      2.19270923              -9      0.60551337
      1.34887833              -0      6.01060745
      1.58067162              -6       4.6880671
       1.6033162              -7      2.43302955
      1.31718963              -0      5.95039774
      1.28918124              -9      1.33240717
      1.39002018              -4      3.73458318
      1.22781603              -9        1.209664
       1.5741381              -6      2.52641676
      1.53928516              -5      2.67161548
      1.39045053              -7       3.8686881
      1.40603094              -2       3.5276151
      1.49691116              -7      2.92005095
      1.24868532              -9      1.26855312
      1.61318177              -0      6.27332039
      1.28194223              -0      5.81342163
      1.50250387              -7      2.88359684
      1.26121003              -9      1.29146209
      1.48395285              -6      4.37024844
      1.59243993              -7      5.00735253
      1.58862628              -0      5.02401103
      1.56251322              -5      2.56980274
      1.41668886              -2       4.1043318
       1.4059625              -4      5.41029476
      1.47683434              -1      3.05209653
      1.39998967              -0      5.42101806
      1.59031147              -6      4.73201326
      1.26238059              -9      1.05263046
      1.57698567              -5      2.51641046
        1.561053              -1       2.5755684
      1.59230545              -1      4.74237642
      1.42169394              -9      0.90917924
       1.5927703              -9      1.61302268
      1.39859492              -7      3.97960517
      1.53963217              -0      6.21776671
      1.40121042              -1       3.5719758
      1.39144983              -7      3.89007203
      1.39128083              -9     0.929532702
      1.78432596              -5      1.92136207
      1.59332358              -6      5.00316779
      1.68772993              -2      2.22594107
      1.66775958              -0       6.3104558
      1.24137389              -9      1.25258882
      1.43528719              -6      3.31728426
      1.55880397              -2      2.58459888
      1.47985378              -7      3.03236188
      1.35513758              -9     0.956398252
      1.51030119              -4      2.83396317
      1.68393633              -5      2.23435047
      1.38900879              -1      3.79452408
      1.38030222              -7      5.45721972
      1.58266992              -1       5.0467319
      1.31843963              -0      5.95320491
      1.82986138              -9     0.720632155
      1.40640962              -7      3.52435444
      1.59420573              -6      4.75287115
      2.50661422              -9     0.522820479
      1.29706578              -0      5.89538081
      1.42317745              -0      6.10883026
      1.71799809              -2      2.15872227
      1.54850089              -6      4.57252984
      1.33678649              -0      5.98984549
      1.23343923              -9       1.1104601
      1.39383143              -6      3.92726251
       1.4814798              -2      4.36221948
      1.36693526              -9     0.947250526
      1.46370601              -2      3.13676901
      1.78127293              -5      1.88398777
      1.38423725              -0      5.44985669
      1.52877321              -5       1.5582542
      1.71843883              -5      2.15772656
      1.30212405              -4      5.63956016
      1.56153097              -2      5.11040332
      1.60392734              -4      4.82862116
      2.29174069              -0      6.61914267
      1.48992416              -4      2.96606722
      1.71227134              -5      2.17158321
      1.57367601              -2      2.52806207
      1.58493739              -4      5.03846349
      1.75223571              -5      2.07588827
      1.40820095              -7      3.50927677
      1.37596782              -0      5.46541979
      1.40786579              -2      1.45548207
      1.50996117              -4      2.83608891
      1.41146825              -7       3.4830314
      1.38922318              -1      3.82466483
      1.43472942              -7      3.32089287
      1.39044507              -7      3.86855301
      1.58737193              -5      2.48170232
      1.29634906              -9      1.34156344
      1.76776927              -5      2.02931673
      1.35877169              -7      5.49909981
      1.53181616              -5      2.70955166
      1.72405861              -5      2.14493728
      1.48894649              -1      2.97251977
      1.26484686              -9      1.29742088
      1.26493889              -7       1.2975685
      1.28423258              -0      5.83478714
      1.58681145              -2      2.48350884
      1.41509617              -7      3.45538489
      1.28060694              -0         5.78261
      1.36756719              -9      1.41828246
      1.39634989              -2      3.95717667
      1.46194336              -5      1.50226933
       1.4624236              -6      3.14494506
      1.63605077              -9      0.79734371
      1.43104265              -2      3.34493336
      1.28544544              -0      5.71468059
      1.44701715              -1      4.24110406
      1.47283635              -4      3.07808087
      1.42881063              -9      1.47390856
      1.28065478              -0      5.77293543
      1.54834347              -6      2.62918565
      1.38974226              -1      3.74388222
      1.40287923              -6      4.01589405
      1.48073285              -5      3.02660027
      1.52409114              -7      2.75171696
       1.5528954              -5      2.60923836
      1.77816675              -9     0.739678249
      1.40367546              -2      4.02196989
      1.50100782              -7      2.89329556
      1.67758465              -1      2.24849561
      1.58171362              -0      5.05010073
      1.72388381              -0      6.34587481
       1.4789256              -0      5.28168495
      1.42080957              -1      4.12610103
      1.52216718              -0      6.20338893
      1.41729089              -7       3.4392634
      1.41390642              -1      4.08871667
      1.31418756              -0      5.60255731
       2.2156536              -0      6.58829458
      1.51938292              -9      1.55039216
      1.59776431              -7      2.44941952
       1.4695736              -1      3.09915578
      1.59794854              -4      4.77601538
       1.7737518              -5      2.00695316
      1.60103158              -2      4.79915125
      1.53255802              -5      2.70565969
      1.46533146              -4      4.30801799
      1.78324693              -9      1.95032036
      1.28312874              -0      5.73299124
      1.78076106              -9      1.88078351
      1.45551498              -7      5.32322055
      1.62848421              -5      1.64546472
      1.22535809              -9      1.14497218
         1.60199              -0       4.9494929
      1.68510227              -4      2.23176338
      1.28860129              -0      5.86092947
      1.42662799              -1      3.37426071
      1.29137675              -9      1.33525525
       1.6047158              -0      4.91904584
      1.73006937              -4      2.13102084
      1.39624987              -9      0.92608383
      1.27611838              -9      1.31452104
      1.28976245              -2      1.01739998
      1.78083826              -1      1.88125084
      1.35391753              -0      5.50901848
      1.43196188              -6      3.33890589
      1.75328925              -5       2.0730299
      1.78053383              -5      1.87943747
      1.29920097              -9      1.00708976
      1.34112324              -9      1.39199712
       1.5968076              -7      4.98502267
      1.47801024              -2      3.04442167
      1.29860283              -9      1.34436229
      1.90478863              -0       6.4463154
      1.48859628              -2      2.97483097
      2.18867232              -9     0.606659018
      1.48466165              -5      3.00077625
      1.74917104              -5      2.08403832
      1.39107752              -1      3.70737973
      1.68077374              -0      6.31889684
      1.71100516              -5      2.17441031
      1.31456178              -0      5.94432792
       1.5077234              -5      1.54064932
      1.44587625              -2      4.23666773
      1.54892395              -0      5.14167726
      1.59633049              -9       1.6161735
      1.39053283              -1       3.8706916
      1.23176639              -9      1.11573722
      2.59251096              -0      6.73080444
      1.50155394              -7      4.42600875
      1.91996786              -2     0.689327954
      1.48050912              -4       4.3590514
      2.62803126              -0      6.74309558
      1.55636745              -1      6.23107163
      1.68281796              -9     0.777374568
      1.46891851              -7      3.10337298
      1.59314479              -9      1.61335339
      1.43093707              -4      3.34562727
      1.33533115              -0      5.54937153
      1.29049874              -0      5.86986975
      1.33630826              -9      1.38698997
      1.59696142              -4      2.45183633
      1.48630747              -2       2.9899303
      1.40688086              -2      4.04487793
      1.77650506              -2      1.99486316
      1.47138281              -7      3.08748423
      1.46582944              -1      4.30974457
      1.53550327              -2      6.21441497
      1.60254618              -7      4.81304811
       1.4440856              -1      4.22962695
      1.53514405              -4      2.69230792
      1.76159639              -5      2.04918685
      1.50855142              -0      5.22668727
       1.4064421              -7      3.52407599
      1.32913296              -4      5.56393541
      1.58913955              -4      4.72617997
      1.59696504              -0      6.26167703
      1.59920271              -4      4.78482393
      1.77960882              -5      1.87434719
      1.60441028              -4      4.83524447
      1.46292664              -0      6.15001526
      1.38912508              -4      3.77565303
      1.49707352              -2      2.91898609
      1.41941286              -1      4.11888593
      1.43819994              -0      5.35351574
      1.42194984              -1      3.40621335
      1.25593527              -9      1.06268284
      1.25028052              -9      1.27172878
      1.43938278              -6      3.29096758
      1.42292691              -0      6.10855259
      1.37257661              -0      5.47190765
      1.33371759              -0      5.98421046
       1.4670682              -7      3.11525959
      1.43590961              -6      4.19610949
      1.53309207              -9      1.56187768
      1.39456885              -4      3.64818173
      1.33076549              -0      5.56003231
      1.41928476              -4      5.38666637
      1.53085431              -5      2.71463887
       1.2832189              -0      5.82658533
      1.39193382              -1      3.89878164
       1.2240027              -9      1.18154771
       1.4837177              -7      3.00699049
       1.5347484              -0      6.21379909
      1.62534715              -2      2.37270034
      1.53151222              -1       4.5186779
      1.38054994              -0      6.05717813
      1.39015881              -2      3.86106899
      1.49797911              -2      2.91305267
      1.33995929              -7      5.53890707
      1.28973332              -0      5.68977744
      1.49504638              -4      2.93230091
      1.78379797              -2      1.90738176
       1.6058774              -0      4.88975049
      2.34272718              -9     0.564533044
      1.42485588              -0      6.11068386
      1.51833532              -2      2.78503048
      1.51320605              -1      2.81597278
      1.44652435              -7      3.24559379
      1.50036607              -0      6.18464883
      1.41915412              -4       3.4258723
      1.59394347              -4      4.75138145
      1.58871191              -7      2.47741195
       1.4002574              -4      3.99451401
      1.35303616              -0      6.01729268
      1.39727602              -5      1.44596223
      1.55836638              -4       2.5863776
      1.56972184              -1      5.08790903
      1.53740691              -5      2.68089677
      1.28065857              -0      5.78703331
      1.64805484              -7      6.29738653
        1.606342              -5      2.42432102
      1.49224877              -0      6.17742182
      1.47569791              -7      3.05950018
      1.74964807              -7       2.0827848
      1.52851819              -1      1.55804041
      1.48759985              -2      4.38198573
      1.25897049              -9      1.05783169
      1.45934563              -1      4.28692541
      1.77215232              -2      1.84483939
      1.36178542              -0      6.03072948
      1.58329606              -6      5.04448955
      1.39516782              -1      3.94392998
      1.44078273              -5      1.48424794
      1.88326647              -0      6.43524458
      1.39292876              -6      3.91461239
      1.30300418              -7      5.63659176
      1.40235587              -7      5.41675835
      1.59472367              -4      4.75585624
      1.46292925              -4      3.14172302
      1.44498805              -1      3.25531889
      1.60306113              -7      4.93946617
      1.28062046              -1      5.77552514
      1.52268241              -9      1.55315253
      1.40120196              -4      4.00248371
      1.35836072              -0      5.49993149
       1.2740733              -9      1.03638799
      1.28133583              -0      5.80477573
      2.39403285              -0       6.6588042
      1.36002916              -9      0.95255588
      1.39911309              -2      3.98438491
      1.58442058              -5      1.60569063
      1.34183744              -0      5.99877857
      1.51130483              -1      4.45623341
      1.40319875              -2      3.55295989
      1.47620306              -0      5.28657558
      1.40339204              -1      4.01982691
      1.48659942              -9      1.52299684
      1.68442278              -5      1.70219467
      1.36492207              -5      1.41573362
      1.88277036              -7      6.43498698
      1.55829435              -7      5.11876722
      1.53504165              -4      4.52969632
      2.70848226              -0       6.7703481
      1.43751907              -0      5.35470551
      1.46422789              -0      6.15127887
      1.22465823              -9      1.18946974
      1.27910893              -9      1.02999814
      1.34129526              -9      1.39217458
       1.5245567              -1      4.49711214
      1.42745382              -7       3.3687213
      1.45302702              -1      3.20450716
      1.23012567              -9      1.12148331
       1.3067028              -0      5.92454207
      1.39453537              -6       3.6486473
      1.75072106              -7      2.07994548
      1.37305994              -9     0.942655149
      1.46219063              -0      5.31147591
      1.41180851              -5      1.45898872
      1.41613658              -2      3.44769207
      1.39082516              -6      3.71310688
      1.78410814              -5      1.93666046
      1.60197042              -7      2.43695236
      1.48264873              -5      3.01402094
      1.41367638              -0       5.3965724
      1.46995713              -5       3.0966846
      1.53171416              -7      5.18001429
      1.60588625              -2      4.88917034
      2.16334785              -0      6.56633569
      1.75630688              -5      1.80514764
      1.59898062              -6      4.97185971
      1.59399015              -0      4.99991288
      1.48731029              -2      2.98331634
      1.58175831              -0      6.25046994
       1.4555544              -2      3.18853087
       1.5958344              -6      4.76246829
      1.37975027              -0      6.05610735
      1.72783559              -5      2.13622601
      1.46369607              -5      1.50375054
      1.78002708              -9      1.87657824
      1.28331808              -0      5.82745221
      1.49508852              -7       2.9320237
      1.50633772              -5      2.85897671
      1.50630515              -5      2.85918426
      1.37284158              -0      6.04666019
      1.38949305              -4      3.83861945
      1.47691093              -4      4.34721906
      1.43638446              -2      3.31020396
      1.46428399              -7      4.30437281
      1.37639385              -0      6.05156258
      1.49148934              -1      4.39438334
      1.72863521              -4      1.75788296
      1.41491263              -9      1.46173626
      1.61478139              -4      2.40078716
      1.56746196              -1       5.0943293
      1.24348485              -9       1.2574746
      1.81156033              -0      6.39679105
      1.48180854              -7      3.01954104
      1.49619989              -1      2.92471928
      1.78153043              -9      1.88570455
       1.3981121              -1      3.97503077
      1.72458659              -0      6.34630294
      1.60586613              -6      4.89044234
      1.57162728              -9      1.59459398
      1.71651672              -5      2.16206223
      1.52361767              -4      4.49421105
      1.44397386              -5      1.48698444
      1.56942001              -2      2.54351227
      2.06598451              -9     0.642717807
      1.74688418              -7       2.0899775
      2.08808217              -0      6.53352883
      1.41824129              -9      1.46467023
      1.43637998              -0      5.35669617
      1.45202625              -1      4.26016009
      1.38935416              -1      3.83214114
      1.51186872              -1      2.82421623
      1.45053935              -5      3.22022047
      1.46765432              -4      3.11149827
      1.41436993              -9      0.91392375
      1.42552707              -9     0.906732304
      1.57552485              -7      4.66730161
      1.63167405              -4      2.35650992
       1.3890088              -1      3.79865058
      1.52985349              -0      6.20978189
      1.26790397              -9      1.30224724
       1.4326206              -1      3.33460104
      1.28700086              -0      5.85249533
      1.22391964              -9      1.18011363
      2.17453309              -9     0.610690932
      1.40677468              -4       4.0441542
      1.38914766              -4      3.81923877
      1.57546412              -5      2.52172898
      1.68079812              -9     0.778214743
      1.50944276              -2      2.83933764
      1.59619476              -4      4.98843962
      1.48264133              -7      4.36599792
      1.45794305              -4      3.17340818
      1.69887302              -5      2.20131524
      1.39735136              -4      3.61305977
      1.66458913              -1      2.27783513
      1.28851628              -0      5.69613862
      1.68088209              -0       6.3189665
      1.39003826              -7       3.8576344
      1.25924311              -9      1.28812939
      1.30171775              -0      5.64094881
      1.39616703              -1      3.95520316
      1.58459564              -5      2.49072169
      1.92075557              -0      6.45440097
      1.54667166              -4      5.14693831
      1.59987778              -1      4.96582084
      1.88189787              -9     0.702284482
      1.60564179              -4      4.85997328
       1.6416935              -5      2.33168392
      1.40554699              -4      3.53182263
      1.61355761              -5       2.4041349
      1.47802373              -4      3.04433358
       1.2954247              -4      5.88959238
      1.31409555              -0      5.94322565
       1.5681323              -9     0.828553949
      1.29334427              -0      5.67295061
      1.30740351              -0      5.92642268
      1.40132746              -2      4.00351851
      1.42742759              -7       3.3688968
      1.68822381              -9      1.70646709
      1.76399738              -9      1.82233108
      1.46138729              -2      3.15154169
      1.28086407              -0      5.79486041
       1.4123012              -5      3.47655968
      1.60389965              -1      4.82826588
      2.02073311              -9     0.656687473
      1.43008369              -1      3.35124799
      1.39066122              -4      3.71703364
      1.47874646              -1      3.03960948
      1.81362041              -9      0.72652281
       1.4749782              -9      1.51325326
      1.66520021              -5      2.27644005
      1.53555623              -5      2.69021054
      1.54258898              -1      5.15626862
      1.49625235              -7      4.40942141
      2.45278023              -0      6.68074738
      1.50561029              -4      6.18924319
      1.30974806              -0      5.93253542
      1.34576888              -9     0.963969701
      1.28071816              -0      5.78995496
      1.24203453              -9      1.08869401
      1.30337268              -0      5.91522239
      2.10687538              -4      6.54186299
      1.58466078              -1      4.70526998
      1.47140698              -4       4.3288195
      1.34667571              -0      5.52424418
      1.38963001              -7      3.84413594
      1.41870308              -7      4.11515744
      1.60503706              -0        4.913633
      1.53577745              -5      2.68908834
      1.79370457              -0      6.38680055
      1.42022162              -4      3.41830852
      1.44229266              -4      4.22247673
      1.51817545              -2      4.47742233
        1.831702              -0      6.40785231
      1.28453328              -0      5.83698745
      1.47620644              -1      4.34488511
      1.30409388              -0      5.91729802
      1.39016479              -0      6.06971454
      1.48179593              -4      4.36324919
      1.40430085              -7      5.41326849
       1.2502792              -4      1.27172619
      1.77745133              -5      1.86420043
      1.41517474              -4      3.45480065
      1.47172211              -5      3.08529133
      1.42138959              -4      3.41011503
      1.81340948              -9     0.726599858
      1.28604025              -0      5.84690212
       1.4653608              -2      1.50515606
      1.40264863              -4      3.55810687
      1.46255637              -2      3.14409927
      1.29670329              -0      5.89412891
      1.50361602              -7      2.87641779
      1.28230124              -0      5.74149572
      1.88039396              -0      6.43375153
      1.25865473              -9      1.05832612
      1.40575317              -9      1.45359504
      1.46322675              -9      1.50335406
      1.42526888              -7      4.14816507
       1.4092546              -2      5.40442272
      1.49961372              -0      5.24369785
      1.30558296              -4        5.628181
       1.2806366              -0       5.7741603
      1.22382099              -9      1.17808752
      1.72220655              -5      2.14917271
      1.44945218              -4      5.33384588
      1.71280106              -5      1.73615162
      1.46008757              -4      4.28957569
      1.28299779              -0      5.73423481
      1.30504989              -0      5.91999894
      1.62884408              -2      2.36369851
      1.22527845              -2       1.1455594
      1.41667093              -5      4.10423374
      1.29702777              -7      5.65795653
      1.38382372              -9      1.43362624
      1.55430538              -7      4.59160249
       1.4646229              -1      4.30555424
      1.77974775              -9      1.97783345
       1.2236804              -9       1.1735846
      1.46552133              -9      1.50529153
      1.45117844              -0      5.33082357
      1.32298708              -9      1.37269371
      1.58760724              -4      4.71879896
      1.73003975              -5      1.75994701
      1.58449355              -1      4.70452513
      1.28213409              -1      5.74344551
      1.75697005              -5      2.06277934
      1.44204519              -6      4.22148159
      1.42364859              -1      4.14030786
      1.46861539              -9     0.880729209
      1.39052848              -1      3.87058698
      1.78011242              -5      1.97561346
      1.42144493              -7      4.12933212
      1.46517264              -7       4.3074665
      1.60524147              -0      4.84970234
       1.6056989              -7      4.86189726
      1.71002364              -9      1.73258507
      1.71400725              -9      1.73772066
      1.34352109              -0      5.53105992
      1.25745781              -9      1.06022141
      1.44528876              -4      3.25341424
      1.41586219              -7      4.09977697
      1.55978322              -2      2.58064418
      1.59751054              -1      4.77308851
      1.46379822              -5      3.13618056
      1.42469531              -4      4.14540328
      1.41231302              -2       4.0793825
      1.52117361              -0      6.20255475
      1.45573314              -4       3.1874002
      1.44465912              -1      5.34222874
      1.60478498              -1      4.84111446
      1.38901556              -7      3.79116467
      1.48753564              -2      2.98182965
      1.39366935              -2      3.66117308
       1.4490776              -5      1.49134603
      2.54501032              -0      6.71410352
      1.51738368              -5        2.790686
      1.39948362              -4      3.58955371
      1.55216617              -2      5.13394754
      1.39323332              -4       3.6678832
      1.46618157              -4      3.12094269
      1.49035404              -5      2.96323015
      1.39829609              -7      3.60236052
      1.40467001              -4      3.53957007
      1.39033265              -7      3.86571379
      1.78356396              -9      1.90402371
      1.47148235              -2      4.32907417
      1.60595103              -7       4.8778523
      1.57663312              -4      4.67165907
        1.298333              -0      5.89964855
       1.5910406              -1      2.47004958
      1.39610708              -7      3.62799598
      1.47566829              -0      6.16219068
      1.30090138              -0      5.64377582
      1.38943578              -1      3.75645989
      1.22392687              -5      1.18024626
      1.47324521              -1      4.33500809
      1.31170775              -0      5.60961582
      1.47271782              -7      3.07884852
      1.46031491              -6      4.29038567
      1.43232674              -1      4.18059374
      1.25065679              -5      1.07171411
      1.59417486              -9     0.816240895
      1.38910752              -6       3.8157299
      1.50823921              -0      5.22728915
      1.44096022              -7      4.21709437
      1.59677911              -6      4.98518399
      1.28071976              -0       5.7696943
      1.54280316              -2      2.65468656
      1.63185092              -4      2.35606339
      1.44378359              -5      3.26295393
      2.02468116              -0      6.50464788
       1.3693333              -9      1.41997561
      1.97325183              -0      6.48027147
      1.27513132              -9      1.03501909
      1.78034912              -5      1.97412514
      1.33701046              -9     0.971324752
      1.60582401              -2      4.89269961
      1.91494333              -0      6.45146995
       1.3231143              -0      5.96329469
      1.58010738              -1       2.5056938
      1.43666076              -0      6.12341093
      1.60524688              -2      4.90955572
       1.5062247              -4        2.859697
      1.39050951              -4      3.87012947
      1.28697339              -7      5.85234164
      1.28780947              -9      1.01962641
      1.51614448              -7      4.47116158
       1.5731942              -1      5.07766915
      2.02041463              -0      6.50265949
      1.52982461              -2      2.72013637
      1.39689757              -1      3.61838575
      1.40271887              -1      4.01464903
      1.66038081              -2      2.28749249
      1.86539684              -0      6.42589527
       1.3890406              -4      3.78551679
      1.64053921              -7      2.33449798
      1.40054418              -2      3.57862653
       1.6722559              -7      2.26044971
      1.56544464              -0      5.09991538
      1.40851579              -1      3.50668151
      1.28133284              -0      5.75475112
      1.77626393              -4      1.99598906
      1.56527134              -5      2.55911448
      1.48415268              -2      4.37089462
      1.71237279              -7      1.73559751
      1.41702826              -9      1.46360248
      1.58099168              -7      6.24989714
      2.07162227              -4      6.52614687
       2.1723329              -7      6.57015436
      1.54818671              -5      2.62988836
      1.39050943              -7      3.72083943
      2.69151654              -4      6.76466613
      1.52294216              -6      4.49212511
      1.40706216              -6      3.51879784
      1.73363322              -5       2.1226209
      1.38901072              -7      3.79995057
      1.61529342              -5      1.63324574
      1.73123646              -5      1.76172636
      1.45422325              -0      6.14143839
       1.5023449              -2      4.42847222
      1.46839878              -0      5.30049316
      1.39444063              -7      3.93512104
      1.59219229              -6      5.00850052
      1.56815576              -4      4.63958448
      1.55311642              -7      4.58765695
       1.4579353              -4      3.17345727
      1.65339587              -5      2.30373717
      1.60273814              -0       4.9426638
       1.4325964              -4      4.18178161
      1.30842829              -9     0.997635558
      1.34638094              -0      6.00648859
      1.68417626              -5      2.23381788
      1.38918307              -4      3.82192992
      1.71372583              -4      2.16832899
      1.56849006              -6      4.64080106
      1.57940861              -0      4.68283896
      1.78428554              -9      1.91895545
      1.46441567              -4      3.13223818
      1.78141115              -2      1.88489963
       1.4092515              -6       3.5006756
      1.34190113              -0      5.99888869
       1.4149682              -9     0.913532696
      1.76972788              -0      6.37309517
      1.96040523              -9     0.675956795
      1.49610717              -9     0.865363485
      1.60991033              -9      1.62834544
      1.28605207              -9      1.02165995
      1.32239212              -0      5.96177531
      1.41712816              -1      3.44044519
      1.31826757              -7      5.59140881
      2.23988051              -9     0.592301729
      1.45245829              -7      3.20810006
      1.40540747              -6      3.53304441
      1.38417199              -0      5.44997821
      1.51520993              -4      2.80375268
      1.60213292              -6      4.94824268
      1.42073103              -1      3.41472473
      1.63479073              -9      1.65142608
       1.4225994              -1      3.40171167
      1.55657367              -6      2.59374009
       1.3509379              -0      6.01394496
      1.38946727              -7      3.75499746
      1.32627852              -9      1.37629163
      1.23544931              -9      1.10469503
      1.66131771              -9      1.67756278
      1.49021271              -1      4.39032673
      1.46975803              -1      4.32322838
      1.95326055              -9     0.678291464
      1.44035627              -6      4.21463462
      1.60516688              -4      4.84814556
      2.72079369              -0      6.77445026
      1.67133823              -0      6.31279158
       1.4897743              -1      2.96705627
      1.34383231              -0      6.00219953
       1.3983612              -0      6.07995012
      1.54988272              -5       2.6223422
      1.42381677              -5      3.39333502
       1.6210216              -5      2.38402977
      1.37564821              -0      5.46602845
      1.48838245              -0      5.26452179
      1.77751372              -7      1.98997824
      1.24319637              -9        1.256822
      1.22549936              -9      1.14396347
      1.74371142              -4      2.09804373
      1.38949012              -5      3.83849358
      1.52389807              -1      2.75280874
      1.50312906              -6      4.43091202
       1.7143381              -5      1.73815324
      1.49485072              -5      2.93358808
      1.44605434              -2      4.23736272
       1.2809919              -0      5.76151402
      1.40574433              -2      3.53010134
      1.40317824              -0      6.08579073
      1.44021843              -2      4.21407145
      1.43766528              -1      4.20351443
      1.25444794              -9      1.06514557
      1.56904805              -0      5.08984215
      1.57512176              -7      4.66573065
      1.59217233              -9      1.61249496
      1.35417877              -0      5.50847918
      1.53975309              -5      2.66932977
       1.3008679              -9      1.00533944
      1.72761259              -7      1.75639608
      1.30283855              -9      1.34952861
      1.46893075              -4      3.10329425
      1.72938394              -5      2.13262262
      1.90567156              -0       6.4467653
      2.25066719              -6      6.60264371
       1.4148366              -9       1.4616691
      1.43187118              -4      3.33949958
      1.40217567              -4      4.01037564
      1.58608417              -9      1.60714535
      1.60159482              -0      4.80404683
      1.39146953              -6      3.69910628
      1.32521699              -1      5.57351701
       2.0185431              -0       6.5017854
      1.39601886              -6      3.62909715
      1.48367211              -5       3.0072905
      1.53443071              -7      5.17421732
      1.22479212              -9      1.19072136
      1.61759125              -0      6.27643441
      1.49667196              -1      2.92162026
      1.31520539              -0       5.9458366
      1.95852282              -0      6.47311874
      1.65752245              -5      2.29410553
      1.49015745              -7      2.96452759
      1.63154134              -0      6.28614742
      1.88246235              -0        6.434827
      1.54074812              -2      2.66450422
      1.50850094              -6      2.84526258
      1.70711487              -9     0.767413423
      1.43458719              -1      3.32181414
      1.54136396              -9      1.56883542
        1.487732              -2      5.26571202
      1.91600126              -0      6.45200448
      1.66370939              -5      2.27984667
      1.30445208              -9       1.3514662
      1.47068425              -1      3.09199509
      1.75381144              -1      2.07160141
      1.53796004              -7       2.6781457
      1.59767239              -1      4.97999743
      1.28558369              -4      5.71374119
      1.54897716              -7      4.57407793
      1.75755233              -0       6.3660009
      1.41330083              -7       3.4688951
      1.70428251              -5       2.1893497
      1.60592551              -1      4.87388084
      2.32926095              -0      6.63391775
      1.36876731              -2       6.0409132
      1.98912168              -0      6.48789054
      1.30453475              -0      5.91855055
      1.60997764              -0      6.27104397
        1.703012              -9      2.19216307
      1.32499037              -0      5.57408164
      1.44716091              -2      3.24156776
      1.48394099              -5      3.00552102
      1.39394388              -7      3.65709543
      1.48310536              -1      3.01101875
      1.25851026              -9      1.28686614
      1.56518061              -4      4.62890029
      1.53555875              -5      2.69019776
      1.52693436              -0      6.20736636
       1.4216216              -6       4.1302251
      1.60717446              -7      2.42195135
      1.28175508              -0      5.74829652
      1.47723179              -4      4.34828009
      1.35372998              -9     0.957517589
       1.7775032              -9      1.86442313
      1.48530826              -1      4.37462429
      1.47007985              -5      3.09589353
      1.51462306              -9     0.855462755
      1.40310866              -4      3.55379728
      1.30486626              -0      5.91948448
      1.59259718              -7      4.74394482
      1.32073351              -0      5.58491575
      1.64131362              -5      2.33260878
      1.63195421              -1      6.28643176
       1.2354181              -7      1.23704847
      1.59308772              -0      6.25884695
      1.47734371              -7      4.34864994
      1.75206067              -9      2.07636022
      1.30375316              -0      5.91632162
      2.30156501              -0      6.62303803
      1.28192382              -9      1.32268548
       1.6020437              -0      4.80816467
      1.40283596              -5      3.55634499
      1.42371342              -7      4.14062557
      1.38921463              -4      3.82410497
      1.25292685              -9      1.06772821
      1.60556144              -1      4.90204734
      1.44950005              -7       5.3337621
      1.38923315              -4      3.82530387
      1.53109318              -1      2.71337112
      1.56405712              -7      2.56378781
      1.23879887              -2      1.24623649
      1.34230966              -0      5.99959359
       1.4724738              -5      3.08042849
      1.32952421              -0      5.97622678
      1.42927173              -4      4.16688775
      1.34107803              -0      5.53642406
      1.54764021              -6      2.63234652
      1.55343073              -9     0.835717923
      1.24016959              -9      1.24967694
      1.56975789              -2      4.64544663
      1.33761489              -9      1.38835652
      1.47236893              -9      1.51105994
      1.45000385              -4      3.22360277
      1.40789081              -4      3.51184858
      1.42485153              -5      3.38627256
      1.39193948              -2      3.89887907
      1.42727321              -7      4.15765609
      1.28383181              -0      5.72679322
      1.57732843              -0      4.67442266
      1.45773888              -7      3.17470195
      1.40721262              -7      3.51752737
      1.31555873              -9      1.36439613
      1.54370394              -6      5.15374564
      1.52120448              -4      2.76822874
      1.47671929              -1      3.05284668
      1.49501471              -7      4.40552753
      1.25658321              -9      1.28348479
      1.28060612              -0      5.77728163
      1.56412918              -5      2.56350906
      1.28762768              -0      5.85591503
      1.30566721              -0      5.62791287
      1.44151317              -1      4.21933529
      1.53445717              -4      5.17416043
      1.43801002              -4      3.29975644
      1.22986353              -9      1.12246732
       1.2271831              -9      1.20650668
      1.29666569              -2       5.6593565
      1.59334425              -7      5.00306816
      1.22927138              -9      1.21613103
      1.52025486              -1      2.77374747
      1.59774653              -4      4.77465676
      1.39618886              -1      3.95544012
      1.28134983              -1      5.80500957
      2.03448297              -0      6.50919374
      1.30064803              -0      5.90705458
      1.28117188              -0       5.7576897
      1.66557549              -6      2.27558416
      1.57822159              -7       4.6780082
      1.44564448              -2      3.25116189
      1.47636855              -0      5.28627889
      1.22714804              -5      1.20632395
      1.54947515              -1      2.62414433
      1.88069688              -5     0.702699382
      1.55177121              -1      2.61408387
      1.54734969              -1      2.63365865
      1.28061112              -0      5.78319638
      1.28095317              -0      5.76244455
      1.57024015              -5      2.54049249
       1.4830146              -4      3.01161557
      1.46391036              -6      4.30306807
      1.28251178              -0      5.73916865
        1.590056              -7      4.73072666
      1.39578475              -1      3.95099214
      1.50304358              -7      2.88010951
      1.46174696              -6      3.14925324
      1.53201752              -9      1.56097561
      1.58900376              -1      5.02244959
      1.93550486              -0      6.46177733
      1.28098475              -0      5.76168226
      1.66076535              -9     0.786653371
       1.6818519              -4      1.69934444
       1.4406061              -4      3.28315814
      1.51922225              -7      4.48064952
      1.38016789              -0      5.45747241
       1.2619795              -9      1.29274404
      1.34308354              -0      5.53201495
      1.28583666              -0      5.71205405
      1.74846632              -9      1.78998799
      2.35401778              -0      6.64351962
      1.29644172              -0      5.89321648
      1.45410373              -2      3.19770327
      1.47231693              -0      4.33188865
      1.30037798              -7       5.9062144
      1.52769738              -0      6.20799919
      1.57296225              -5      2.53061564
      1.60569127              -7      4.86162886
      1.53423543              -0      5.17463681
      1.68289014              -5      2.23667403
      1.32265053              -0      5.96232054
      1.22458493              -9      1.18874967
      1.85244319              -0      6.41902462
      1.40111504              -1      4.00176387
      1.49023755              -6      2.96399897
      1.42087762              -0      5.38386166
      1.46202763              -2      4.29645633
      1.48124133              -4      5.27750856
      1.34818648              -9      1.39920732
      1.40650222              -1      4.04228697
      1.47071984              -7       3.0917654
      1.78307001              -4      1.95232235
      1.28407093              -2      5.72483798
      1.37135421              -0      5.47426296
      1.49668862              -9      1.53143288
      1.52155586              -4      4.48784663
      1.30999629              -0      5.61462933
      1.41530722              -4      3.45381673
      1.29488633              -0      5.88762172
      1.44096756              -6      4.21712419
       1.2582078              -9      1.05902987
      1.24955995              -9      1.27030567
      1.40790713              -1      4.05176415
      1.53690962              -7      4.53555577
      1.42557341              -2      4.14962288
      1.77860136              -5      1.98433467
       1.4787891              -4      4.35341316
      1.50592483              -9      1.53914726
      1.59218464              -0      5.00853582
      1.33341488              -9     0.974429087
      1.55175808              -4      2.61414076
      1.55303264              -0      5.13184845
      1.59717961              -6      4.77092206
      1.41409265              -1      4.08978801
      1.22464119              -9       1.1509061
      1.64347426              -9      1.65977909
      1.22738023              -9      1.13310093
      1.36030539              -9     0.952341048
      1.78209622              -4      1.88978756
      1.64631304              -5      1.66254945
      1.28099996              -0      5.76132612
      1.63285988              -6      2.35352218
      1.60575591              -0       4.8640449
      1.77808278              -5      1.86697358
      2.08463541              -0      6.53198949
       1.5377421              -1      2.67922788
      1.50671526              -5      2.85657314
      1.78337594              -2      1.94876052
      1.39179274              -1       3.8963247
      1.76833415              -9       1.8335537
      1.77989298              -4      1.97695938
      1.38120299              -2       5.4555277
      1.52636272              -9       1.5562341
      1.67988688              -9      1.69718636
      1.42597212              -0      6.11191029
       1.5928424              -5        2.464432
      1.40937785              -2      3.49965213
      1.29214548              -0      5.87693402
      1.78394313              -2      1.90984895
