10 1
0.2185113
1 -1 1 1
         5.891744246 
   0.534112721452339 
0.11465399
1 -1 1 1
         4.092507724 
     1.0588000203689 
0.086917757
1 -1 1 1
         3.486433174 
    1.14710973318188 
0
1 -1 1 1
                   0 
                   0 
0.1198115
1 -1 1 1
         3.860637348 
    1.12906172020966 
0.10819897
1 -1 1 1
         2.245241161 
   0.613409112329858 
0.052996986
1 -1 1 1
         3.851692506 
    1.00834426972117 
0.11945872
1 -1 1 1
         3.912632359 
    1.11700390751993 
0
1 -1 1 1
                   0 
                   0 
0.17945078
1 -1 1 1
         1.120064255 
    0.38098940672245 
