 0.50614 0.00000e+00
 0.51841 3.29402e-03
 0.53068 0.00000e+00
 0.54295 3.11002e-03
 0.55522 2.99247e-03
 0.56750 0.00000e+00
 0.57977 0.00000e+00
 0.59204 0.00000e+00
 0.60431 0.00000e+00
 0.61658 0.00000e+00
 0.62885 0.00000e+00
 0.64113 2.49123e-03
 0.65340 0.00000e+00
 0.66567 7.14394e-03
 0.67794 0.00000e+00
 0.69021 2.24287e-03
 0.70249 4.41186e-03
 0.71476 2.13796e-03
 0.72703 0.00000e+00
 0.73930 2.07240e-03
 0.75157 2.01496e-03
 0.76385 3.93128e-03
 0.77612 0.00000e+00
 0.78839 0.00000e+00
 0.80066 1.81821e-03
 0.81293 5.35766e-03
 0.82520 1.74991e-03
 0.83748 3.42281e-03
 0.84975 3.35828e-03
 0.86202 0.00000e+00
 0.87429 4.85652e-03
 0.88656 1.57097e-03
 0.89884 3.07911e-03
 0.91111 1.52594e-03
 0.92338 0.00000e+00
 0.93565 0.00000e+00
 0.94792 1.42010e-03
 0.96020 1.40317e-03
 0.97247 2.74620e-03
 0.98474 1.35072e-03
 0.99701 0.00000e+00
 1.00928 1.29603e-03
 1.02155 2.55982e-03
 1.03383 2.52771e-03
 1.04610 2.47919e-03
 1.05837 1.22662e-03
 1.07064 2.41083e-03
 1.08291 1.19011e-03
 1.09519 2.33350e-03
 1.10746 3.45233e-03
 1.11973 2.27557e-03
 1.13200 1.11372e-03
 1.14427 3.30594e-03
 1.15655 1.08533e-03
 1.16882 1.06622e-03
 1.18109 1.05483e-03
 1.19336 3.13953e-03
 1.20563 2.06138e-03
 1.21790 1.01637e-03
 1.23018 2.02054e-03
 1.24245 9.97118e-04
 1.25472 2.96271e-03
 1.26699 1.94988e-03
 1.27926 2.90548e-03
 1.29154 0.00000e+00
 1.30381 0.00000e+00
 1.31608 9.41598e-04
 1.32835 4.65586e-03
 1.34062 2.77864e-03
 1.35290 9.18120e-04
 1.36517 9.09785e-04
 1.37744 9.03873e-04
 1.38971 1.79837e-03
 1.40198 1.77561e-03
 1.41425 1.77013e-03
 1.42653 2.64112e-03
 1.43880 1.74404e-03
 1.45107 2.60853e-03
 1.46334 3.45734e-03
 1.47561 3.44005e-03
 1.48789 5.98556e-03
 1.50016 0.00000e+00
 1.51243 8.47907e-04
 1.52470 8.44090e-04
 1.53697 8.41538e-04
 1.54925 4.19211e-03
 1.56152 4.17899e-03
 1.57379 2.50170e-03
 1.58606 3.32490e-03
 1.59833 8.28871e-04
 1.61060 2.48194e-03
 1.62288 1.65284e-03
 1.63515 2.47486e-03
 1.64742 8.23941e-04
 1.65969 8.22597e-04
 1.67196 0.00000e+00
 1.68424 4.92808e-03
 1.69651 2.46268e-03
 1.70878 4.10339e-03
 1.72105 1.64131e-03
 1.73332 1.64154e-03
 1.74560 4.92642e-03
 1.75787 8.21797e-04
 1.77014 1.64424e-03
 1.78241 8.23205e-04
 1.79468 3.29501e-03
 1.80695 1.64974e-03
 1.81923 1.65191e-03
 1.83150 2.48199e-03
 1.84377 3.31715e-03
 1.85604 3.32214e-03
 1.86831 2.49685e-03
 1.88059 8.34972e-04
 1.89286 1.67189e-03
 1.90513 4.19070e-03
 1.91740 3.36114e-03
 1.92967 2.52831e-03
 1.94195 0.00000e+00
 1.95422 8.46107e-04
 1.96649 4.24695e-03
 1.97876 3.40763e-03
 1.99103 1.70923e-03
 2.00330 3.42973e-03
 2.01558 1.72209e-03
 2.02785 3.45384e-03
 2.04012 2.59905e-03
 2.05239 8.67682e-04
 2.06466 8.72003e-04
 2.07694 2.62600e-03
 2.08921 8.76731e-04
 2.10148 5.28384e-03
 2.11375 1.76863e-03
 2.12602 1.77140e-03
 2.13830 8.90665e-04
 2.15057 2.67878e-03
 2.16284 3.58479e-03
 2.17511 1.79531e-03
 2.18738 1.80228e-03
 2.19965 9.05394e-04
 2.21193 4.53440e-03
 2.22420 0.00000e+00
 2.23647 2.73980e-03
 2.24874 1.83223e-03
 2.26101 2.75329e-03
 2.27329 9.20356e-04
 2.28556 1.84573e-03
 2.29783 0.00000e+00
 2.31010 9.28646e-04
 2.32237 1.86405e-03
 2.33465 1.86537e-03
 2.34692 2.80725e-03
 2.35919 1.87495e-03
 2.37146 1.87951e-03
 2.38373 2.82353e-03
 2.39600 2.83020e-03
 2.40828 9.44901e-04
 2.42055 2.84030e-03
 2.43282 2.84600e-03
 2.44509 1.89957e-03
 2.45736 9.51670e-04
 2.46964 2.85614e-03
 2.48191 0.00000e+00
 2.49418 1.90869e-03
 2.50645 3.82196e-03
 2.51872 9.55906e-04
 2.53100 1.91392e-03
 2.54327 1.91480e-03
 2.55554 0.00000e+00
 2.56781 2.87511e-03
 2.58008 1.91724e-03
 2.59235 0.00000e+00
 2.60463 9.58838e-04
 2.61690 0.00000e+00
 2.62917 2.87610e-03
 2.64144 9.58423e-04
 2.65371 9.57956e-04
 2.66599 9.57831e-04
 2.67826 1.91410e-03
 2.69053 1.91277e-03
 2.70280 3.82415e-03
 2.71507 2.86548e-03
 2.72735 2.86342e-03
 2.73962 4.76709e-03
 2.75189 3.80858e-03
 2.76416 1.90240e-03
 2.77643 2.84929e-03
 2.78870 0.00000e+00
 2.80098 3.78914e-03
 2.81325 9.46184e-04
 2.82552 9.45007e-04
 2.83779 0.00000e+00
 2.85006 2.82595e-03
 2.86234 0.00000e+00
 2.87461 2.81574e-03
 2.88688 2.81255e-03
 2.89915 4.67888e-03
 2.91142 1.86801e-03
 2.92370 9.33067e-04
 2.93597 9.30935e-04
 2.94824 3.71563e-03
 2.96051 4.63629e-03
 2.97278 0.00000e+00
 2.98505 9.23099e-04
 2.99733 4.60777e-03
 3.00960 4.59937e-03
 3.02187 4.58864e-03
 3.03414 2.74982e-03
 3.04641 9.14081e-04
 3.05869 2.73553e-03
 3.07096 9.11242e-04
 3.08323 3.63334e-03
 3.09550 2.72071e-03
 3.10777 2.71537e-03
 3.12005 1.80490e-03
 3.13232 1.80260e-03
 3.14459 3.59781e-03
 3.15686 0.00000e+00
 3.16913 3.58317e-03
 3.18140 0.00000e+00
 3.19368 2.67465e-03
 3.20595 2.67052e-03
 3.21822 1.77618e-03
 3.23049 8.85846e-04
 3.24276 1.77028e-03
 3.25504 2.64936e-03
 3.26731 2.64468e-03
 3.27958 8.79889e-04
 3.29185 3.51279e-03
 3.30412 8.76154e-04
 3.31640 1.74983e-03
 3.32867 8.73561e-04
 3.34094 1.74152e-03
 3.35321 8.69604e-04
 3.36548 2.60602e-03
 3.37775 4.33483e-03
 3.39003 3.46172e-03
 3.40230 3.45606e-03
 3.41457 2.58790e-03
 3.42684 0.00000e+00
 3.43911 8.59306e-04
 3.45139 1.71645e-03
 3.46366 8.56380e-04
 3.47593 0.00000e+00
 3.48820 0.00000e+00
 3.50047 2.55887e-03
 3.51275 8.51539e-04
 3.52502 2.55079e-03
 3.53729 2.54787e-03
 3.54956 2.54509e-03
 3.56183 1.69359e-03
 3.57410 3.38413e-03
 3.58638 3.37932e-03
 3.59865 1.68855e-03
 3.61092 3.37163e-03
 3.62319 2.52607e-03
 3.63546 0.00000e+00
 3.64774 3.36107e-03
 3.66001 2.51853e-03
 3.67228 0.00000e+00
 3.68455 8.37394e-04
 3.69682 1.67307e-03
 3.70910 4.17823e-03
 3.72137 8.34555e-04
 3.73364 1.66775e-03
 3.74591 3.33444e-03
 3.75818 1.66554e-03
 3.77045 8.32086e-04
 3.78273 0.00000e+00
 3.79500 2.49166e-03
 3.80727 4.14987e-03
 3.81954 2.48834e-03
 3.83181 1.65725e-03
 3.84409 2.48511e-03
 3.85636 3.31123e-03
 3.86863 2.48163e-03
 3.88090 1.65367e-03
 3.89317 1.65258e-03
 3.90545 3.30319e-03
 3.91772 2.47604e-03
 3.92999 3.29984e-03
 3.94226 1.64900e-03
 3.95453 2.47258e-03
 3.96680 4.94290e-03
 3.97908 3.29391e-03
 3.99135 2.46965e-03
 4.00362 1.64590e-03
 4.01589 3.29043e-03
 4.02816 1.64471e-03
 4.04044 4.11058e-03
 4.05271 3.28752e-03
 4.06498 4.10852e-03
 4.07725 8.21568e-04
 4.08952 2.46423e-03
 4.10180 0.00000e+00
 4.11407 3.28447e-03
 4.12634 0.00000e+00
 4.13861 8.20912e-04
 4.15088 1.64166e-03
 4.16315 1.64147e-03
 4.17543 5.74489e-03
 4.18770 2.46202e-03
 4.19997 3.28264e-03
 4.21224 4.10332e-03
 4.22451 0.00000e+00
 4.23679 4.10356e-03
 4.24906 3.28301e-03
 4.26133 8.20849e-04
 4.27360 2.46271e-03
 4.28587 8.21024e-04
 4.29815 2.46335e-03
 4.31042 8.21231e-04
 4.32269 0.00000e+00
 4.33496 1.64326e-03
 4.34723 2.46529e-03
 4.35950 8.22000e-04
 4.37178 3.28881e-03
 4.38405 8.22476e-04
 4.39632 8.22701e-04
 4.40859 8.23020e-04
 4.42086 1.64644e-03
 4.43314 8.23618e-04
 4.44541 8.23821e-04
 4.45768 1.64849e-03
 4.46995 2.47321e-03
 4.48222 2.47460e-03
 4.49450 0.00000e+00
 4.50677 2.47691e-03
 4.51904 1.65232e-03
 4.53131 2.47959e-03
 4.54358 2.48108e-03
 4.55585 5.79248e-03
 4.56813 1.65588e-03
 4.58040 1.65708e-03
 4.59267 1.65802e-03
 4.60494 8.29669e-04
 4.61721 0.00000e+00
 4.62949 1.66192e-03
 4.64176 4.15796e-03
 4.65403 1.66414e-03
 4.66630 1.66547e-03
 4.67857 1.66729e-03
 4.69085 3.33784e-03
 4.70312 3.34066e-03
 4.71539 0.00000e+00
 4.72766 8.36690e-04
 4.73993 8.37912e-04
 4.75220 1.67734e-03
 4.76448 1.67919e-03
 4.77675 8.40829e-04
 4.78902 0.00000e+00
 4.80129 8.42209e-04
 4.81356 1.68711e-03
 4.82584 8.44931e-04
 4.83811 1.69095e-03
 4.85038 4.23453e-03
 4.86265 8.47594e-04
 4.87492 2.54800e-03
 4.88720 0.00000e+00
 4.89947 2.55622e-03
 4.91174 3.41525e-03
 4.92401 8.55028e-04
 4.93628 2.56809e-03
 4.94855 2.57295e-03
 4.96083 0.00000e+00
 4.97310 8.61560e-04
 4.98537 3.45015e-03
 4.99764 8.64170e-04
 5.00991 8.66941e-04
 5.02219 2.60277e-03
 5.03446 1.73930e-03
 5.04673 8.71402e-04
 5.05900 1.74759e-03
 5.07127 2.62741e-03
 5.08355 2.63206e-03
 5.09582 1.75892e-03
 5.10809 8.81266e-04
 5.12036 1.76882e-03
 5.13263 3.54573e-03
 5.14490 8.89846e-04
 5.15718 4.45637e-03
 5.16945 3.57689e-03
 5.18172 2.68853e-03
 5.19399 1.79827e-03
 5.20626 9.01367e-04
 5.21854 1.81077e-03
 5.23081 1.81557e-03
 5.24308 0.00000e+00
 5.25535 9.12510e-04
 5.26762 2.75162e-03
 5.27990 1.83828e-03
 5.29217 2.77122e-03
 5.30444 2.78221e-03
 5.31671 1.86276e-03
 5.32898 9.35839e-04
 5.34125 0.00000e+00
 5.35353 9.43457e-04
 5.36580 1.89308e-03
 5.37807 0.00000e+00
 5.39034 9.54922e-04
 5.40261 4.78869e-03
 5.41489 9.63715e-04
 5.42716 9.65302e-04
 5.43943 9.71765e-04
 5.45170 9.76611e-04
 5.46397 1.95932e-03
 5.47625 9.83788e-04
 5.48852 1.98299e-03
 5.50079 3.98175e-03
 5.51306 2.00109e-03
 5.52533 3.01603e-03
 5.53760 4.04537e-03
 5.54988 0.00000e+00
 5.56215 2.04596e-03
 5.57442 0.00000e+00
 5.58669 4.14214e-03
 5.59896 3.12201e-03
 5.61124 0.00000e+00
 5.62351 3.15315e-03
 5.63578 1.06010e-03
 5.64805 4.26725e-03
 5.66032 0.00000e+00
 5.67260 1.08148e-03
 5.68487 3.27123e-03
 5.69714 1.09235e-03
 5.70941 2.20910e-03
 5.72168 2.22544e-03
 5.73395 2.23599e-03
 5.74623 2.25155e-03
 5.75850 1.13193e-03
 5.77077 1.14664e-03
 5.78304 0.00000e+00
 5.79531 0.00000e+00
 5.80759 0.00000e+00
 5.81986 3.53749e-03
 5.83213 0.00000e+00
 5.84440 2.39182e-03
 5.85667 1.20695e-03
 5.86895 0.00000e+00
 5.88122 1.23491e-03
 5.89349 1.24198e-03
 5.90576 1.25528e-03
 5.91803 2.51826e-03
 5.93030 2.55530e-03
 5.94258 1.29159e-03
 5.95485 1.30051e-03
 5.96712 1.30634e-03
 5.97939 2.65138e-03
 5.99166 1.33206e-03
 6.00394 1.34906e-03
 6.01621 2.71548e-03
 6.02848 0.00000e+00
 6.04075 4.16582e-03
 6.05302 2.80475e-03
 6.06530 1.41912e-03
 6.07757 5.72994e-03
 6.08984 0.00000e+00
 6.10211 1.46590e-03
 6.11438 0.00000e+00
 6.12665 1.50320e-03
 6.13893 6.06263e-03
 6.15120 9.18170e-03
 6.16347 1.55305e-03
 6.17574 0.00000e+00
 6.18801 0.00000e+00
 6.20029 0.00000e+00
 6.21256 0.00000e+00
 6.22483 4.91857e-03
 6.23710 0.00000e+00
 6.24937 1.67975e-03
 6.26165 0.00000e+00
 6.27392 1.72583e-03
 6.28619 3.48089e-03
 6.29846 0.00000e+00
 6.31073 0.00000e+00
 6.32300 0.00000e+00
 6.33528 1.84927e-03
 6.34755 1.85926e-03
 6.35982 0.00000e+00
 6.37209 0.00000e+00
 6.38436 0.00000e+00
 6.39664 1.96550e-03
 6.40891 4.01664e-03
 6.42118 0.00000e+00
 6.43345 0.00000e+00
 6.44572 2.07269e-03
 6.45800 0.00000e+00
 6.47027 0.00000e+00
 6.48254 8.69281e-03
 6.49481 4.44045e-03
 6.50708 6.74840e-03
 6.51935 0.00000e+00
 6.53163 6.96568e-03
 6.54390 0.00000e+00
 6.55617 0.00000e+00
 6.56844 2.43273e-03
 6.58071 2.47134e-03
 6.59299 2.51160e-03
 6.60526 2.52679e-03
 6.61753 2.59671e-03
 6.62980 2.64200e-03
 6.64207 2.68791e-03
 6.65435 2.71413e-03
 6.66662 0.00000e+00
 6.67889 2.82918e-03
 6.69116 2.84169e-03
 6.70343 0.00000e+00
 6.71570 2.97513e-03
 6.72798 0.00000e+00
 6.74025 0.00000e+00
 6.75252 0.00000e+00
 6.76479 3.19497e-03
 6.77706 0.00000e+00
