# npar = 1, n_ded = 0
#         weight            chi2        param[0]
#                                     alpha_topo
      1.79244615              -2      2.95054717
      1.66896218              -1      4.19193541
      1.75431272              -0      5.16805272
      1.67868108              -4      4.58371529
      1.79503416              -4      2.93373395
      1.67049576              -1      4.05296167
      1.74576323              -7      2.12396591
      1.71799498              -9      2.02273755
       1.7826273              -5      3.01178084
      1.67300503              -7      1.79603134
      1.67610981              -6      4.53194673
      1.67506967              -0      4.50800482
       1.6947957              -9      1.92814958
      1.67369985              -1      3.94235847
      1.66920559              -9      1.69667275
      1.81983238              -1      2.72605481
      1.81748428              -5      2.75449558
      1.83128622              -2      5.42429482
      1.71959018              -7      4.99032558
      1.82193435              -7      5.39869624
      1.87954424              -4      5.54186249
       1.7131914              -2      3.45580736
      1.66949173              -7      4.11431859
      1.67340521              -4       4.4644497
      1.81976696              -5      2.48981974
      1.68589327              -9      1.56740717
      1.79284776              -1      2.94796128
      1.85997267              -4      5.49675848
      1.72110026              -2      3.39629975
       2.2840934              -0       6.1420176
      1.66988361              -6      4.08635512
      1.66915809              -1      4.14858362
      1.80028854              -1      5.33479404
      1.78392113              -6      3.00388648
      1.81128181              -2      2.81439859
      1.76869067              -7       3.0951265
      1.82439361              -9      2.62801516
      1.77365359              -4       3.0656784
      1.71047021              -4      1.99384189
      2.67696814              -7      6.50812048
      1.66949613              -1      4.29581351
      1.70947572              -9       1.4904177
      1.71696327              -9      1.47151401
      1.71909854              -9      1.46642107
       1.6785642              -6      3.83700099
      1.74007101              -4      2.10344992
      1.67234336              -2       3.9818018
      1.67077808              -1      4.37174028
        2.787519              -4      6.59542395
      1.70042747              -5        3.564812
      1.77051209              -9       2.2159228
      1.90218092              -2       5.5904899
      2.16723886              -5     0.984961814
      1.66923164              -4      4.26991627
       1.6704106              -7       4.0571321
      1.68823825              -5      1.55783563
      1.82436351              -1      2.58042802
      1.77115788              -0      5.23539622
      1.93086954              -0      5.64759761
      1.78489422              -2      2.99792092
      1.70848407              -7      4.91464217
      2.20844727              -0      6.05609543
      1.67721649              -2      4.55535443
      2.17375457              -0      6.01413302
      1.71155986              -5      3.46872794
      1.68350927              -7      4.66240495
      2.77937883              -5     0.644787866
      1.73466442              -0      5.07586399
      1.83466303              -9      1.27850234
      2.16600905              -7      6.00451494
      2.08084201              -9      1.04728631
      1.80027343              -5      2.89838865
      1.66985777              -2      1.68049656
      1.73231298              -0      5.06353164
      2.54944648              -2     0.758726627
      2.20533349              -9     0.959245347
      1.75717665              -7      3.16352527
      1.75197286              -0      5.15794709
       2.5953098              -9     0.735049828
      1.95492975              -0      5.69224365
      1.67033612              -0      4.35015998
      1.76409843              -4      3.12233295
      1.99530171              -5      1.11610407
      2.67393706              -7      6.50565303
      1.66928435              -9      1.74002191
      2.01044529              -7      1.10328672
      2.46445427              -9     0.804137801
      1.70008048              -0      4.84663162
      1.76688857              -5      3.10580072
      1.68440762              -7      3.74477478
      1.70853027              -0      4.91498665
      1.80608287              -9      2.38083998
      1.74020453              -1      5.10369738
      1.68903275              -9      1.55473513
      1.76275788              -1      5.20292192
      1.76110711              -1      5.19629217
      1.82081194              -6      2.71233926
       2.1186016              -5      1.01929472
      1.67831192              -4       3.8416123
      2.04587139              -7      5.84097059
      1.76920024              -5      3.09210753
      1.68477407              -5      3.73970371
      1.67643697              -1      4.53906833
      2.28401564              -7      6.14193276
      1.96586581              -9      1.14194895
      1.75081398              -2       2.1422537
      1.70234933              -9      1.96102692
        1.689758              -1      4.74298542
        1.679845              -2      3.81456358
      1.70017552              -2      3.56718208
      1.81244722              -7      2.80420329
      1.68264864              -0      4.64968952
      1.71901147              -1      3.41156063
      1.72569912              -4      5.02696003
      1.68539269              -9       1.5695404
      1.73438733              -6      3.30510341
      1.83509203              -1      1.27797452
      1.68574389              -5      3.72659163
      1.82189526              -6      2.69508008
       1.6758409              -2      4.52595445
      1.75058558              -4      3.20325801
      1.81885105              -5      2.73856254
      1.66921114              -1      4.26746743
      1.67426442              -6      3.92775783
      1.67288255              -4      3.96526172
      1.70124655              -7      4.85677793
       1.7238166              -0      5.01598806
      1.79101515              -5      2.95969818
      1.72883897              -9      1.44456248
      1.80078398              -4      2.35067814
      1.67997027              -7      1.85003513
      1.71257645              -9      1.48237737
      1.67866241              -4      3.83522391
      1.83795924              -7      5.44192096
      1.70672975              -0      4.90134645
      1.67569304              -5      1.81979235
      1.98274937              -0       5.7407684
      1.67816389              -6      3.84435012
      1.66918381              -5      4.26404673
      3.02817753              -4      6.77044508
      2.35132403              -9     0.868271643
      1.67212226              -6      4.42440446
        1.819222              -5      2.73395647
      1.90540596              -0      5.59714532
      1.69103985              -9      1.54718357
       1.6690357              -4      4.16877879
      1.69194113              -9      1.54391243
      1.86239454              -0      5.50251207
      1.77598441              -9      2.23758563
      1.69949138              -4      1.94891419
      1.81221959              -2      2.80622397
       1.6692589              -9      1.69488522
      1.67996626              -6      3.81251691
      1.67539045              -5      3.90096355
      1.75949292              -4      3.14969752
      1.66939756              -1      4.28711506
      1.82413437              -4      2.64096653
      1.80395172              -4      2.36828055
      1.67116416              -1      4.38848306
      1.78434047              -1      3.00131885
      2.64406918              -0      6.48111021
      2.13383291              -0      5.96349482
      1.78360529              -9      2.26918763
      1.79355235              -5      2.94340473
      1.68245698              -5      1.86525067
      1.69777322              -6      3.59032461
      1.76125099              -7      3.13923503
      1.66896442              -0      4.21825998
      1.74731618              -0      5.13719839
      2.42616304              -2     0.825329794
      2.63849908              -0      6.47648613
      1.67763674              -9      1.83434619
      1.80992515              -2      2.40536885
      1.96556891              -0      5.71116579
      1.82441873              -9      2.62635769
      1.67577718              -1      4.52451528
      1.71422682              -2      3.44773254
      1.68118393              -1      1.85762471
      1.81666079              -1      2.76345151
      1.67334228              -0      4.46264207
      1.66895308              -1      4.20021931
      1.77033962              -7      3.08535468
      1.70053989              -1       4.8506599
      2.66162262              -7      6.49558489
      1.82162902              -7      5.39784175
      1.71823916              -4      4.98179744
      1.76632442              -0       5.2169597
      1.67033882              -9      1.76292839
      1.66950232              -2      1.74619896
      1.71496988              -5      3.44199492
      1.66979065              -2       4.0923353
      1.72811764              -2      3.34700928
      1.75497446              -4      5.17087391
      1.72415972              -7      3.37445893
      1.82445968              -7      2.62334249
      1.83974409              -9      1.27229755
      1.67047023              -4      4.05419881
      1.69968019              -5      3.57187224
      2.59544765              -0      6.44022269
      1.71304559              -4      2.00386399
      2.28750502              -0      6.14573284
      1.67462599              -4      3.91884436
      2.64800807              -0      6.48437104
      1.80554379              -5      2.37760145
      1.84269212              -7      1.26874322
      1.67525717              -1      3.90399425
      1.75872025              -9      2.17123507
      2.22550837              -0      6.07610489
      1.79960162              -4      2.90303731
       1.8221151              -4      2.69120153
      1.67205097              -9      1.78589595
      1.71814058              -1      4.98116859
       1.7258679              -5      3.36250725
      2.54234798              -4        6.394131
      1.92496394              -0      5.63621015
      1.81488622              -7      2.78149842
      2.71328017              -0       6.5373611
      1.71965959              -1      3.40679328
      1.68660109              -4      1.88822694
      1.72746128              -9      1.44753039
      1.71892067              -0      4.98612014
      1.66900969              -4      4.23416189
        1.747554              -4      3.22178916
      1.67015635              -5      4.34038492
      1.67702623              -0      3.86625376
      1.89581576              -9      1.20955257
      1.75308583              -4      2.15052722
      1.73142312              -5      3.32469637
      1.67762234              -1      4.56348653
      1.67417988              -1      4.48566128
      1.82150484              -1      2.51266125
      1.78658194              -2      2.98751019
      1.68679224              -1      3.71288583
      1.81147382              -0      5.36869199
      1.66899941              -7      4.17757454
       1.8751625              -7      5.53203019
      1.82117977              -9      2.50796495
      2.19489331              -0      6.03991166
      1.76846398              -7      2.20798946
      1.69481346              -7      3.62034368
      1.79993086              -2      2.34612417
      1.85722301              -4      5.49016311
      1.67548519              -7      4.51782266
       1.9449309              -0      5.67401586
      1.69538803              -4      1.93083706
      1.74797348              -9      1.40667074
      1.79861697              -4      2.90978314
      1.74989341              -0      5.14878977
      1.68734465              -0      3.70584479
      1.66905807              -4      4.24474346
      1.67711764              -6      4.55333917
      1.78117296              -7      1.35133539
      1.91128837              -9      1.19375324
      1.78010896              -2      3.02703892
      1.72553512              -1       3.3648227
      1.67504255              -5      4.50735134
      1.67420849              -1      3.92916576
       1.7439778              -0      5.12176167
      1.71100643              -0      4.93304689
      1.82423628              -0      5.40509936
      2.04890619              -9      1.07201646
      1.76721584              -5      2.20319529
      1.71606111              -9      1.47370269
      1.67287858              -2      3.96537884
      1.78492317              -5      2.99774304
      1.82173503              -4      2.69781385
      1.81276275              -2      2.80137731
      1.70387617              -1      4.87876097
      1.80060814              -5      2.89605794
      1.99606361              -9      1.11545183
      1.68227249              -5      1.58369592
      1.69846805              -4      4.83216104
      1.67280533              -1      3.96755292
      1.66899753              -7      4.17811007
      1.66905375              -1      4.24391414
      1.73683487              -5      3.28919098
      1.67076507              -6      4.04050628
      2.42138612              -0      6.28259857
      1.82179755              -6      2.69675594
      2.56719948              -9     0.749497587
       1.7460369              -0      5.13134085
      1.67023534              -0      4.06613263
      1.69480328              -1      3.62045011
      1.66900242              -0       4.1767371
      1.66902344              -7      4.23751479
      1.94848517              -9       1.1578507
      1.67164513              -2      4.00545896
      1.68072287              -2      3.80002076
      1.85025584              -7      5.47313963
      1.67598848              -4      1.61896661
      1.67201728              -7      3.99249254
      2.96270007              -5     0.560806571
      1.70301348              -1      4.87167988
      1.71379141              -7      4.95247884
      1.82416869              -0      5.40491231
      1.70110097              -0      4.85552521
        1.745382              -0      5.12831467
      1.67064025              -1      4.04614977
      1.71432096              -9      2.00877258
      1.71313861              -9      1.48095317
      1.81997427              -7      2.49229365
      1.68787347              -9      1.55928202
       1.8025237              -5      2.88251587
      2.34387705              -5       0.8726657
      1.79007189              -5      1.33807854
      1.67076575              -4       4.0404758
      1.68507309              -0      4.68436361
      1.68664547              -2      4.70512906
       1.7085188              -9      1.98613871
      1.67565882              -6      3.89496259
      1.73782265              -9      1.42605962
      1.72324399              -5      3.38093571
      1.66895622              -1      4.21254588
      2.07086343              -9      1.05490294
      2.65473684              -5     0.705130281
      2.24907089              -4      6.10311354
      1.75261773              -7      2.14881951
      1.67782687              -2      3.85067533
      1.68222151              -2      4.64319579
      1.67279789              -7      4.44638637
      2.71215736              -0      6.53646558
      1.73364095              -2      5.07053647
       1.7973222              -2       2.9185402
      1.72720788              -0      5.03556482
      1.79183735              -1      2.95445207
      1.72114936              -5      1.46163919
      1.79267348              -9      1.33430366
      1.67011573              -2      4.33807533
      1.73786932              -1      5.09216494
      1.67249084              -9      1.79072572
      1.70427061              -1      3.52985843
      1.70794274              -1      3.49831276
      1.78112718              -2      3.02088548
      1.69901648              -7      4.83714244
      1.83400509              -9      1.27931329
        1.815167              -9      2.44464904
      1.77966464              -5      3.02971798
      1.80630429              -9      2.38218314
      1.79689129              -7      2.33044618
      1.79632111              -2      1.32908291
      1.78245173              -0      5.27611735
      1.66892955              -5      1.71305469
      3.05870946              -9     0.518610956
       1.7472187              -9      1.40806401
      1.81138525              -2      2.41549578
       1.6741209              -7      1.63254078
      1.67794688              -6      4.56983273
      1.73365141              -9      2.08029842
      1.81763723              -4      2.46701278
      1.79482684              -9      1.33121167
      1.84965291              -9      1.26047812
      2.38041736              -9     0.851322944
      1.78159481              -5      2.26065929
      2.03371824              -0      5.82260419
      1.82096925              -9      2.50504511
      1.67109761              -7      4.02639248
      1.81648255              -9      2.76533654
        1.686445              -9      1.56509453
      1.69323319              -0       4.7811046
      2.18940986              -9     0.969878821
       1.9803414              -2      5.73668685
      1.70589059              -4      3.51573782
      1.80654213              -6      2.85276374
       1.7445654              -9       1.4130207
      1.67021022              -4      4.06747306
      1.67833358              -1      4.57722366
      2.05792236              -9      1.06492857
      1.69950988              -2       3.5734943
       1.6980999              -0      4.82878146
      1.73504618              -0      5.07783572
      1.77964327              -1      3.02984674
      2.56547803              -0      6.41440257
      2.04064575              -9      1.07858763
      2.29823105              -1      6.15733133
       1.6850843              -4      3.73546166
      1.67711442              -1       4.5532733
      1.75825175              -7      5.18461648
       1.7084325              -0      4.91425733
      1.90324853              -0      5.59270017
      1.67930363              -7      3.82385871
       1.9759288              -6      5.72915148
       1.7260303              -1      3.36137942
      2.86507128              -1      6.65385614
      1.69336292              -5      1.92155591
       1.6728712              -2      1.79468191
       1.6720004              -4       3.9930622
      1.67137499              -4      4.01547549
      2.21732529              -9     0.951341926
      1.80035336              -4      2.89783303
      1.74948567              -6       3.2099597
        2.285035              -0      6.14304427
       1.7792605              -2      3.03215173
      1.79646087              -6      2.32828904
      1.79452508              -4      5.31650444
      1.69625526              -0      3.60549668
      1.67734121              -7      4.55787745
      1.67201723              -6      4.42077269
      1.67079951              -0      4.37271458
      1.78076635              -5      3.02306843
      1.85307452              -9      1.25647839
       1.9537851              -4      5.69017932
        1.737167              -5      3.28704887
      2.12590932              -5      1.01401903
      1.69643371              -7      1.93553026
      1.67890954              -9      1.60109988
      1.81479093              -5      2.78242649
      1.72277969              -6      3.38423892
      1.80769485              -7      2.39080129
      1.82283156              -2      2.53515505
      1.70997902              -0      4.92564725
      2.22905706              -7        6.080218
      1.79649468              -7      5.32282197
      1.73434991              -9      2.08282282
      1.67184197              -1      3.99849041
      1.67731543              -6      4.55735768
      1.67683225              -2      3.87015466
      1.76808684              -0      5.22375809
      1.75600192              -6      3.17056103
      1.77055246              -7      3.08409275
      1.73047836              -9      1.44107873
      1.73578517              -0      5.08162903
      1.79037481              -0      5.30295298
      1.77205369              -7      1.36552799
      1.68720588              -4      3.70760227
      1.68715516              -4      3.70824659
      2.41074426              -9     0.834005345
      1.87150048              -4      5.52369926
      1.68609503              -4      4.69799806
      1.74309149              -9      2.11433016
      1.82082334              -5      2.71217067
      1.68105877              -4      3.79461654
      1.69904452              -5      3.57795177
      1.67032798              -0      4.34973167
      1.72466994              -2      2.04757734
      1.81415439              -4      2.43634717
      1.67328496              -2      3.95369488
      1.75805303              -7      2.16876619
      1.84293343              -1      5.45473859
      1.72963794              -9      2.06574725
      1.70759986              -4      3.50118998
      1.80690694              -2      2.84995454
       1.6977342              -4      3.59070908
      1.71736744              -2      2.02036922
      1.68476461              -0      3.73983379
      1.67005941              -0       4.0758319
      1.99052136              -0      5.75379901
      1.86371427              -2      1.24429101
      1.67249483              -9       1.7907683
      2.00343984              -0       5.7749952
      1.80123837              -9      2.35313396
      1.67685651              -4      3.86966402
      1.69157591              -6      3.65544563
      1.70199439              -5      3.55029748
      1.82407311              -2      2.56728088
      1.67038384              -1      4.05846859
      1.91998246              -9      1.18511196
      1.81549481              -7      2.77547914
       1.7696903              -4      3.08920352
      1.67127715              -6      4.01924747
      1.68968144              -9      1.55225202
      1.66962681              -6      1.68523837
      1.84607348              -0      5.46269578
      2.21664029              -1      6.06575345
       3.0012285              -9     0.543744271
      1.70015451              -0      4.84728351
      2.91099803              -1      6.68749617
      1.86397869              -0      5.50624795
      1.88283485              -9      1.22325945
      1.69855436              -7      3.58268773
      1.66904877              -7      4.24293602
      1.70944411              -2      1.49050136
      1.74111934              -0      3.26184501
      1.67429863              -4      3.92690081
      1.80497556              -9      2.37423417
      1.72297622              -6      2.04132832
      1.82151282              -7      2.70148925
      2.44446736              -9     0.815138188
      1.67283911              -6      3.96654768
      1.67636324              -7      3.87980985
      1.74513545              -6      3.23671892
       1.7682253              -5       2.2070704
      1.67690089              -4        4.548871
      1.77535049              -9      2.23503757
      1.67653916              -1         3.87615
      1.71806389              -4      3.41858473
      1.87007712              -5       5.5204325
       2.1480131              -0      5.98179089
      1.68278136              -2       3.7681335
      1.81766254              -0      2.75249889
      1.79099581              -5      2.95982116
      1.73856316              -5      2.09801875
      1.69168588              -6      4.76461026
      1.72236084              -1      3.38723021
       1.6744951              -5      1.80986704
      2.08193181              -5      1.04646029
      2.02806786              -1      5.81392606
      1.68187676              -9      1.58561243
      1.72135648              -5      3.39444804
      2.64060508              -0      6.47823622
      1.66910048              -7      4.25213227
      1.80883929              -9      2.39815211
      1.71080454              -2       1.4869326
      1.67121473              -1      4.02169766
      2.28771183              -7      6.14595764
      1.68287932              -0      4.65314501
      2.34971433              -9     0.869219465
      1.75434236              -7      2.15511987
      1.79153663              -1      2.95637443
      1.72079499              -5      1.46245808
      1.72006284              -1      2.03049759
      1.68361411              -6       4.6639218
      1.67388853              -9      1.63439864
       2.1951782              -0      6.04025452
       2.3893244              -9      0.84620083
      1.82001479              -7       2.7236059
      1.66895412              -9      1.70980702
      1.70369771              -1       3.5349345
      2.11245144              -0      5.93521131
      1.70030115              -0      4.84857165
      1.66900364              -0      4.17640404
      1.70447158              -9      1.96981011
       1.8149929              -7      2.44319113
      1.79257264              -9      2.30941254
      1.66893464              -9      1.72155426
      1.74404366              -7      3.24350584
      1.70712175              -1      3.50522446
      2.82084409              -0      6.62079525
      1.76553381              -9      1.37609892
      2.31829542              -9     0.887942135
      1.79693113              -7      2.33064662
      1.76109257              -2      3.14017683
      1.69937336              -2      3.57479812
      1.67077105              -4      4.04024079
      1.67371294              -4      4.47309803
      1.79744724              -9      1.32748756
      1.75945142              -0      5.18955479
      1.82053866              -4      2.71631423
      2.22403147              -0      6.07438821
      1.69786232              -1       3.5894479
      1.82272227              -5      2.67954445
      1.72392299              -4      2.04482537
      1.78211814              -4      5.27495793
      2.28750206              -0      6.14572962
      1.75120458              -6      5.15458357
      1.82364718              -9      2.65741611
      1.82135859              -5      2.51051858
      1.75687513              -7      2.16441956
      1.71699834              -9      1.47142939
      2.02391089              -9      1.09213828
      1.73235174              -9      2.07559576
      1.66952909              -4      4.11127749
      1.71278513              -7      4.94555947
      1.72061513              -1      4.99668689
      1.69184617              -0      4.76635292
      1.68186935              -7        4.637745
      1.66953706              -9      1.74707004
      1.76077009              -9       1.3840704
      1.66988455              -9      1.67998743
      1.82237897              -1      2.52672705
      1.76650232              -4      3.10808854
      1.72371705              -4      3.37758359
      1.75650466              -7      5.17733727
      1.74272134              -9      3.25176845
      1.70311839              -5      3.54011331
       1.7510842              -0      5.15405445
      1.72688282              -5      3.35548266
      2.00983291              -7      1.10379916
      2.75561425              -4      6.57074135
      1.66992863              -4      4.08356918
      2.53533785              -9      0.76612122
      2.95688842              -4       6.7204525
      1.67094007              -2      4.03292439
      1.76735605              -1      3.10303186
       2.2892117              -9     0.905671285
      1.81881378              -2      2.73901797
      2.85536336              -0      6.64665679
      1.82351643              -5      2.66104428
      1.68102788              -2      3.79511003
      1.76325136              -4      3.12735663
      1.68137232              -7       4.6298956
      1.79256623              -5      2.94977482
      1.78352075              -1      3.00633383
      2.10815028              -9      1.02691703
      2.11079667              -0      5.93298576
      1.76211271              -2      3.13411513
      1.82405772              -9      2.56671176
       1.6910024              -5      1.91037518
      2.09601643              -1      1.03588451
      1.77676382              -4      3.04712965
      1.87420696              -2      5.52986649
      1.78626892              -7      2.28073439
      1.73930243              -1      2.10068173
      1.68624339              -4      1.88633689
      2.27663282              -0      6.13384822
      1.70648052              -0      4.89942251
      1.74279749              -1      3.25129129
       1.6927939              -4       3.6419319
      2.27419666              -4       6.1311671
      2.44178208              -2     0.816626184
      1.67294395              -9      1.64246329
      1.97263946              -0      5.72348626
      1.67450629              -9      1.62955279
      1.74051505              -9      1.42077333
      1.66896203              -4      4.21686638
        1.689675              -5      1.90389124
      1.70691014              -1      1.97970919
      1.67507321              -9      1.81476627
      1.68814573              -2        3.695841
      1.72830805              -2      3.34570963
      1.66925134              -5      1.69512952
       1.8245673              -7      2.60013835
      1.67590975              -9      1.61949769
      1.78714612              -1      5.29217586
      1.90718486              -0      5.60078934
      2.72824764              -9     0.669178559
      1.68567399              -0      4.69244461
       1.6865915              -0      4.70443619
      1.90246091              -7      5.59107023
      1.67501222              -2      3.90965684
      1.67131182              -9      1.65919579
      1.67484955              -4      3.91348639
      1.67909757              -5      4.59131927
      1.67488732              -1      4.50357938
       1.7217834              -1       3.3913721
       1.6708427              -4      4.37466137
      1.79250863              -0      5.30996166
       1.9321585              -0      5.65005941
      1.77416402              -7      3.06264098
       1.7410864              -5        3.262053
      1.81234241              -2      2.42243467
      1.70278742              -1      1.96285386
      1.73561792              -7      3.29707446
      1.73864082              -6      3.27758984
      1.66981438              -5      1.68133753
      1.71163951              -5      1.99841143
      1.66950036              -0      4.11360657
      2.36156301              -0      6.22344928
      1.85889143              -2      5.49417311
      2.48677787              -0      6.34410896
      1.75152434              -1      3.19755631
      2.17108605              -4       6.0108301
      1.68296807              -9      1.86822705
       1.6845521              -1      3.74276743
      2.77136248              -0      6.58297402
      1.69718108              -7      3.59618965
      1.67084123              -9      1.77062222
      1.77504375              -0      5.24976177
      1.71214117              -9      2.00036191
      2.29630285              -0      6.15525537
      1.72423107              -6      3.37395638
      2.35966211              -7      6.22151993
      1.67628745              -1      4.53583582
      1.67143506              -4      4.01319923
       1.7744556              -5      3.06090478
      1.82432126              -9      2.57810472
      1.68025472              -1      3.80769817
        1.677092              -7      1.83042761
      1.73940958              -7      3.27268519
      1.76381908              -7      3.12398931
      1.80146209              -4      2.89006508
      1.74546351              -7      5.12869235
      1.81235572              -4      2.80501733
      1.67964527              -9      1.84794294
      1.67925605              -7      1.84540102
      2.66075246              -4     0.702146065
      1.74444145              -7      1.41325453
      1.67766548              -5      3.85375131
      1.67018834              -4      4.06865287
      1.80642377              -2      1.31503351
      1.72894819              -0      5.04529177
      1.67090967              -2      4.37763488
      1.69171559              -0      3.65387563
      1.73107052              -7      5.05688039
      1.67905175              -1      4.59049195
      1.67182595              -4      4.41398707
       1.7959532              -5      2.32576322
      2.01772653              -5      1.09723037
      1.79804124              -4      2.91369229
      1.67965948              -0      3.81771932
      2.56231912              -0      6.41165211
      1.76895171              -9      2.20987101
        1.669529              -2      4.11128508
       1.7350455              -1      2.08533492
       2.3852432              -4      6.24721873
      1.70161662              -7      1.51242526
      1.69059196              -7      4.75249492
      1.81385106              -9      2.43393926
      2.42009399              -0      6.28135158
      1.69407672              -4      1.53642626
      1.66954111              -4      4.29951899
      1.77432578              -7      3.06167791
      1.73843392              -7      5.09497903
      1.66899767              -1      4.23088588
      1.66904404              -2      4.24198223
      1.93210557              -2      5.64995847
       1.6943373              -5      3.62534705
      1.80839616              -0      5.35956258
      1.75701803              -7      3.16447432
      1.69048709              -4      1.90787611
       1.6821604              -0      4.64225641
      2.14905337              -0      5.98311927
      1.76295838              -9      2.18704596
      1.69259473              -2      3.64411502
      1.67031646              -4      4.06189226
      1.70245174              -6      3.54613145
      1.71177449              -6       4.9384952
      1.73255743              -6      3.31715486
      1.91684044              -0      5.62024506
      1.80313236              -6      2.87813473
       1.8241092              -7      2.56865052
      1.82512236              -7       5.4075459
      2.79354922              -4      6.60004534
      1.75216884              -0      5.15880144
      2.39704119              -9     0.841787595
      1.75071351              -6      3.20248004
      1.80704433              -7       2.8488913
      1.72388876              -0      5.01641361
      1.75412967              -0      5.16726951
      1.89784471              -7      1.20744856
      1.66905402              -7      4.16508335
      2.70147147              -0      6.52791565
      2.30036716              -7      0.89882383
      1.69024206              -5      1.90667989
      1.82076914              -5      2.50234898
      1.66992351              -9      1.67925953
      1.69220365              -4      3.64843162
      1.68829873              -7      4.72572859
      2.07759583              -4      5.88713354
      2.20107522              -0      6.04732545
      2.22543723              -7      6.07602226
      1.67843729              -1      3.83931215
      1.69266698              -4       3.6433219
      1.68033806              -7      3.80631859
      1.90680551              -7      5.60001385
      1.70612586              -7      1.97654646
      1.76811821              -9      2.20665839
       1.6919821              -9      1.91506687
      1.72409916              -7       5.0176521
      2.90658637              -7      6.68429403
      1.70634416              -7      4.89836604
      1.67247314              -7      3.97769947
      2.68096239              -0      6.51136562
      1.72666706              -0      5.03249921
      1.78041919              -4      3.02516621
      1.68675675              -4      3.71334235
      1.80305203              -4      2.87871523
      1.66895379              -4        4.209791
      1.95180835              -1      5.68660094
      1.70201746              -5      3.55008656
      1.79986419              -5      2.34577129
       1.9299712              -7       5.6458769
      1.68422816              -4      4.67267349
      2.29581718              -9     0.901609474
      1.67753586              -0      4.56177231
      1.66900107              -4      4.17710828
      1.68821818              -9      1.89658932
      1.78588116              -2      2.99184333
      1.66964962              -0      4.30791243
      2.17790247              -9     0.977665814
      1.80847584              -5      2.39579061
      2.08330968              -0      5.89519419
      1.67667187              -2      1.61448151
      1.68363287              -1      1.87203209
      1.78167724              -0      5.27342173
      1.74422089              -2      2.11840133
      1.82152301              -2      2.70132349
      2.29500169              -2      6.15385226
      1.75602169              -7      3.17044245
      1.67062088              -5      1.76738367
      1.73365324              -6       5.0706008
      1.78258048              -6      3.01206576
      1.81904737              -4      2.73614191
      2.36179407              -0      6.22368358
      1.68656884              -5      4.70414476
       1.7482856              -7      3.21729953
      1.66895198              -0       4.2033995
      1.67023008              -0      4.34447755
      1.69169503              -5       3.6541064
      1.81184589              -4      5.36978598
      1.88882113              -2      5.56221375
      1.81855651              -6      2.74212631
      1.66902356              -9      1.72918462
      1.78753792              -7      1.34179791
      1.68545198              -2      4.68948073
      1.69537443              -6      3.61451411
       1.8173004              -7      2.46375059
      1.82047432              -4      5.39459899
      1.68220963              -9       1.5839983
      1.67670519              -6      4.54477672
      1.70705258              -9       1.9802816
      1.81369827              -2      2.43273912
      1.80282993              -5      2.36191322
      1.67241203              -6      3.97962114
      1.71943411              -4      3.40844846
      2.74209656              -5     0.662525046
        1.670697              -4       4.0435578
      1.91576449              -7      5.61810341
      1.67143794              -2      4.39945757
      1.68578974              -2      4.69398008
      1.67328059              -6      3.95381737
       1.7283511              -2       1.4456092
      2.83813744              -1      6.63380315
      2.09395598              -0      5.91002076
       1.7860295              -7      5.28839882
      1.66898776              -4      4.18109462
      1.87813913              -0      5.53872534
      1.66951012              -9      1.74639667
      1.72077465              -1      2.03315417
      1.72033739              -7      2.03152309
      2.15332588              -1      5.98855577
      1.75990127              -9      1.38554836
      1.67658167              -9      1.61506121
      1.70475636              -6      3.52558882
      2.30681945              -0      6.16653042
      1.67783729              -5      1.60728965
      1.70520095              -5      1.97279141
      1.66897303              -7      4.18651339
      1.72386805              -7      3.37651642
      2.05470006              -0      5.85406756
      2.62645481              -2     0.719267709
      1.73910391              -2      2.09996666
       1.9743046              -9      1.13440625
      1.87556262              -9      1.23113434
      1.75619049              -7      5.17601702
      1.76875623              -6      3.09473815
      1.70864055              -9      1.49263982
       1.6690172              -1      4.23603637
      1.66901681              -2        1.705054
      1.80225039              -7      2.88447035
       1.7029199              -1      3.54189848
      1.71254227              -7      4.94387254
      1.68228496              -7      4.64416857
      1.91656577              -0      5.61969895
      1.69487337              -2       4.7978398
      1.66895993              -9      1.72453306
      2.48139117              -1        6.339155
      1.70872752              -7      1.49240726
      1.67735037              -4      3.85984865
      1.67909424              -9      1.84433213
      1.67592634              -4      3.88911012
      1.66897782              -6      4.18458922
      1.76205035              -2      2.18363823
      1.69594063              -1      3.60869901
      2.66678795              -0      6.49981657
       1.6740479              -4       4.4821744
       1.7395388              -2      2.10153307
      1.93071772              -9      1.17465963
      2.45326199              -9     0.810281661
      1.97417428              -0      5.72613483
       1.7041524              -5      3.53090222
       1.7225078              -9      2.03959422
      1.77906135              -5      2.25011694
      1.69746905              -2      3.59332898
      1.75714265              -5      2.16540547
      2.41230638              -7      6.27380856
      1.67229902              -7      3.98322262
      1.79081372              -0      5.30440189
      1.79516998              -9      1.33072162
      1.67711598              -5      4.55330522
      1.72009067              -6      3.40363865
      1.68062011              -9      1.59191393
        1.716614              -7      2.01751694
       1.9665057              -7      5.71280957
       1.6805763              -6      3.80240595
      1.75577987              -1      5.17428622
      1.66916342              -6      4.14786892
      1.91213648              -9      1.19290307
      1.78130345              -5      3.01981816
      1.78638527              -9      2.28124572
      1.75595433              -5       2.1610316
      1.68388616              -2      3.75210849
      1.74139858              -1      3.26008316
      1.81746552              -4      2.75470446
      1.71067588              -0      4.93068028
      1.91275498              -9      1.19228406
      1.67394578              -7      3.93588915
      1.68874794              -7      1.89926846
      1.81003782              -6      2.82490524
      1.79223439              -9      1.33493773
      2.09849086              -0      5.91626242
      1.69642083              -0      4.81298718
      1.80027216              -7      2.89839751
      1.67270356              -2       3.9706101
      1.66949466              -0      4.29569019
       1.9683021              -9      1.13975984
      1.82317167              -1      2.54225521
      1.67255229              -2      4.43865164
      1.76068997              -5      3.14257111
      1.68770413              -9      1.55995853
      1.70299592              -1      4.87153449
      1.69710462              -9      1.52637602
      1.95692767              -5      1.15006295
      1.68807917              -4      3.69666318
      1.68914025              -1      3.68374092
      2.10549472              -5      1.02886859
      1.69652518              -7      4.81398761
      1.72217218              -5      1.45929236
         1.75105              -6      5.15390402
      1.67512456              -4      3.90704475
      1.86864499              -0      5.51712907
      1.78049937              -6      2.25607428
      1.70254037              -9      1.96182452
      1.82296331              -2      2.53781359
      1.75854084              -5      2.17057071
      1.81196419              -1      2.41966204
      1.71758961              -2      4.97763731
      1.73923049              -9      1.42328171
      1.67217579              -4      3.98722401
      1.82267773              -6      2.68045591
      1.73724925              -4      3.28651898
      1.69523681              -2      3.61593783
      1.66963187              -9      1.68512664
      1.88982292              -2      5.56437513
      1.67058601              -1      4.36273204
        1.817442              -2      2.46511256
      1.68331646              -6      3.76028595
      1.66895903              -2      1.70932521
      1.67318246              -7      3.95658454
       1.6815581              -9      1.85989933
      1.82964051              -0      5.41986826
      1.74538816              -7      3.23515231
      1.68094504              -5      1.85615707
      2.04514613              -2      5.83988568
      1.74038554              -9      2.10458271
      1.75144262              -1      3.19805199
      1.87866857              -0      5.53990916
      2.12247688              -1      5.94858066
      1.67339838              -0      4.46425435
      1.76854388              -0      5.22550662
      1.67354412              -4      3.94654859
      1.85952768              -2      1.24904264
      1.68471714              -4      3.74048713
      1.79000011              -4      2.96613351
      1.95386344              -0      5.69032079
      1.82017033              -1      2.72148255
      1.74468061              -2      2.12005926
      1.78025603              -5      2.25506138
      1.67765628              -0      3.85392754
       2.6743572              -9     0.695425716
      1.86564804              -0      5.51016158
      1.66901885              -7      4.17255636
      1.66895771              -2      4.21385031
      1.69341448              -9      1.92179561
      1.81706366              -5      2.46150313
      1.71061079              -2      1.48743699
      1.81763571              -7      2.75280083
      1.67264416              -4      3.97241503
      1.66926061              -6      4.13616076
      1.80346026              -5       2.8757576
      1.66940095              -9      1.74349962
      1.69158631              -5       1.9131806
      1.74355175              -7      5.11975568
      1.66949221              -5      1.74594058
      1.70878524              -7      4.91688258
      1.67965679              -1      1.84801755
      1.84602606              -0      5.46257637
      2.09555091              -1       5.9122209
      1.78864685              -0      5.29721148
      1.70467158              -9      1.97062939
      1.66930698              -1      4.27822337
      1.69014075              -9      1.55051887
      1.67396791              -0       4.4800369
      1.69073136              -1      4.75406094
      1.86175631              -1      5.50100084
      1.87807266              -9      1.22839969
      1.73338465              -0      3.31168978
      1.66901546              -5      1.70513578
      1.72089394              -7      3.39779401
      1.78050493              -2      5.26931565
      1.67017948              -4      4.06913306
      1.68560107              -0      4.69147393
      1.98738713              -4      5.74857006
      1.72450908              -9      1.45402072
      1.68240105              -0      4.64594084
      1.68148432              -4      4.63168087
      1.66895704              -7      4.19560216
       2.0324238              -1      5.82062408
      1.78275687              -6       3.0109921
      1.67641164              -9      1.82536654
      2.73236121              -9     0.667198483
      1.78449591              -5      3.00036583
      2.12935376              -0      5.95764073
      2.19463521              -0      6.03960091
      1.77124798              -7      3.07996762
      1.67327894              -0      4.46080848
      1.73643654              -0      5.08494732
      1.68483262              -9      1.57196859
      1.67446808              -1      3.92269805
      2.00080414              -7      1.11141138
      1.77835024              -0      5.26168598
      1.66895194              -2      4.20377781
        1.752458              -2      3.19190112
      1.77891535              -4      2.24951587
      1.77628024              -4      2.23877845
      1.67365157              -7       1.8022797
      1.68465326              -9      1.57275581
      1.66915645              -7      1.73549645
      1.89817479              -0       5.5821325
      1.68006272              -4      3.81089776
      1.67987223              -7      4.60498746
