10 1
0.18105254
1 -1 1 1
         5.433276269 
    0.90046152350821 
0.12765779
1 -1 1 1
         4.157020211 
    1.51987580992996 
0.10169517
1 -1 1 1
         3.233086235 
    1.46351640399545 
0
1 -1 1 1
                   0 
                   0 
0.13664464
1 -1 1 1
         3.799748411 
    1.58872573684208 
0.098302939
1 -1 1 1
         2.315859323 
     1.0042434225442 
0.064625064
1 -1 1 1
         3.805982834 
   0.847220055385082 
0.13555778
1 -1 1 1
         3.893609417 
     1.5778946512572 
0
1 -1 1 1
                   0 
                   0 
0.15446408
1 -1 1 1
         1.497568456 
   0.567810734032771 
