 0.50614 5.61908e-03
 0.51841 8.22443e-03
 0.53068 2.69679e-03
 0.54295 2.64164e-03
 0.55522 0.00000e+00
 0.56750 0.00000e+00
 0.57977 2.49746e-03
 0.59204 0.00000e+00
 0.60431 2.43900e-03
 0.61658 0.00000e+00
 0.62885 2.31098e-03
 0.64113 0.00000e+00
 0.65340 6.73185e-03
 0.66567 6.62020e-03
 0.67794 2.16664e-03
 0.69021 0.00000e+00
 0.70249 4.20642e-03
 0.71476 2.04600e-03
 0.72703 0.00000e+00
 0.73930 1.99573e-03
 0.75157 3.92449e-03
 0.76385 0.00000e+00
 0.77612 0.00000e+00
 0.78839 5.58948e-03
 0.80066 0.00000e+00
 0.81293 3.62290e-03
 0.82520 1.76035e-03
 0.83748 1.73979e-03
 0.84975 0.00000e+00
 0.86202 5.08404e-03
 0.87429 0.00000e+00
 0.88656 1.63254e-03
 0.89884 4.84849e-03
 0.91111 1.59709e-03
 0.92338 0.00000e+00
 0.93565 1.53652e-03
 0.94792 4.58729e-03
 0.96020 0.00000e+00
 0.97247 1.47433e-03
 0.98474 2.91744e-03
 0.99701 0.00000e+00
 1.00928 2.84273e-03
 1.02155 2.80436e-03
 1.03383 1.38968e-03
 1.04610 0.00000e+00
 1.05837 1.35293e-03
 1.07064 2.67568e-03
 1.08291 0.00000e+00
 1.09519 2.59669e-03
 1.10746 7.72458e-03
 1.11973 2.54994e-03
 1.13200 1.25883e-03
 1.14427 2.50358e-03
 1.15655 1.23818e-03
 1.16882 2.43833e-03
 1.18109 3.61762e-03
 1.19336 0.00000e+00
 1.20563 1.18145e-03
 1.21790 1.16862e-03
 1.23018 8.10840e-03
 1.24245 1.14449e-03
 1.25472 1.14020e-03
 1.26699 1.12759e-03
 1.27926 0.00000e+00
 1.29154 2.21128e-03
 1.30381 3.29770e-03
 1.31608 3.25164e-03
 1.32835 2.15823e-03
 1.34062 1.06851e-03
 1.35290 2.12520e-03
 1.36517 3.15730e-03
 1.37744 2.09538e-03
 1.38971 2.07482e-03
 1.40198 1.02891e-03
 1.41425 3.06291e-03
 1.42653 1.01329e-03
 1.43880 1.00899e-03
 1.45107 5.01626e-03
 1.46334 2.98683e-03
 1.47561 9.88271e-04
 1.48789 9.85512e-04
 1.50016 2.93805e-03
 1.51243 3.89606e-03
 1.52470 2.91066e-03
 1.53697 0.00000e+00
 1.54925 1.91918e-03
 1.56152 0.00000e+00
 1.57379 1.90263e-03
 1.58606 1.89387e-03
 1.59833 2.82638e-03
 1.61060 1.87859e-03
 1.62288 9.36055e-04
 1.63515 0.00000e+00
 1.64742 4.64618e-03
 1.65969 3.70733e-03
 1.67196 9.24348e-04
 1.68424 1.84138e-03
 1.69651 3.66928e-03
 1.70878 9.15251e-04
 1.72105 2.73747e-03
 1.73332 9.09927e-04
 1.74560 9.09056e-04
 1.75787 9.07567e-04
 1.77014 9.05408e-04
 1.78241 1.80646e-03
 1.79468 3.60589e-03
 1.80695 8.99994e-04
 1.81923 1.79768e-03
 1.83150 8.98413e-04
 1.84377 8.97311e-04
 1.85604 2.68777e-03
 1.86831 1.79014e-03
 1.88059 4.47085e-03
 1.89286 8.93664e-04
 1.90513 1.78652e-03
 1.91740 4.46383e-03
 1.92967 3.56938e-03
 1.94195 8.92070e-04
 1.95422 2.67584e-03
 1.96649 8.91837e-04
 1.97876 3.56718e-03
 1.99103 0.00000e+00
 2.00330 1.78394e-03
 2.01558 1.78448e-03
 2.02785 2.67745e-03
 2.04012 8.92617e-04
 2.05239 2.67963e-03
 2.06466 0.00000e+00
 2.07694 8.94172e-04
 2.08921 4.47354e-03
 2.10148 1.79061e-03
 2.11375 1.79191e-03
 2.12602 8.96550e-04
 2.13830 1.79438e-03
 2.15057 5.38743e-03
 2.16284 8.98384e-04
 2.17511 2.69851e-03
 2.18738 9.00169e-04
 2.19965 2.70289e-03
 2.21193 0.00000e+00
 2.22420 4.51393e-03
 2.23647 9.03778e-04
 2.24874 3.61863e-03
 2.26101 9.05492e-04
 2.27329 9.06731e-04
 2.28556 1.81440e-03
 2.29783 0.00000e+00
 2.31010 3.63551e-03
 2.32237 4.54965e-03
 2.33465 0.00000e+00
 2.34692 4.55785e-03
 2.35919 2.73737e-03
 2.37146 1.82645e-03
 2.38373 9.14032e-04
 2.39600 9.14874e-04
 2.40828 1.83022e-03
 2.42055 3.66377e-03
 2.43282 1.83249e-03
 2.44509 9.16873e-04
 2.45736 1.83556e-03
 2.46964 3.67222e-03
 2.48191 1.83728e-03
 2.49418 2.75719e-03
 2.50645 9.19362e-04
 2.51872 9.19565e-04
 2.53100 9.19897e-04
 2.54327 1.83998e-03
 2.55554 0.00000e+00
 2.56781 1.84044e-03
 2.58008 1.84049e-03
 2.59235 9.20177e-04
 2.60463 1.84012e-03
 2.61690 0.00000e+00
 2.62917 2.75933e-03
 2.64144 1.83883e-03
 2.65371 2.75722e-03
 2.66599 0.00000e+00
 2.67826 3.67271e-03
 2.69053 4.58841e-03
 2.70280 4.58488e-03
 2.71507 0.00000e+00
 2.72735 2.74638e-03
 2.73962 9.14898e-04
 2.75189 9.13598e-04
 2.76416 4.56627e-03
 2.77643 1.82456e-03
 2.78870 2.73251e-03
 2.80098 3.64012e-03
 2.81325 0.00000e+00
 2.82552 2.72250e-03
 2.83779 1.81300e-03
 2.85006 4.52454e-03
 2.86234 1.80778e-03
 2.87461 2.70623e-03
 2.88688 2.70143e-03
 2.89915 3.59491e-03
 2.91142 8.97350e-04
 2.92370 8.95202e-04
 2.93597 1.78826e-03
 2.94824 8.92074e-04
 2.96051 2.67337e-03
 2.97278 1.77638e-03
 2.98505 8.87787e-04
 2.99733 1.77105e-03
 3.00960 8.82863e-04
 3.02187 1.76302e-03
 3.03414 1.75714e-03
 3.04641 1.75326e-03
 3.05869 3.50042e-03
 3.07096 8.72568e-04
 3.08323 0.00000e+00
 3.09550 8.69716e-04
 3.10777 1.73416e-03
 3.12005 3.45978e-03
 3.13232 2.58843e-03
 3.14459 2.58135e-03
 3.15686 2.57365e-03
 3.16913 1.71217e-03
 3.18140 2.56069e-03
 3.19368 8.52406e-04
 3.20595 2.54753e-03
 3.21822 1.69619e-03
 3.23049 1.69203e-03
 3.24276 1.68696e-03
 3.25504 8.41633e-04
 3.26731 5.87003e-03
 3.27958 2.50955e-03
 3.29185 1.66792e-03
 3.30412 8.32011e-04
 3.31640 2.48788e-03
 3.32867 0.00000e+00
 3.34094 1.65070e-03
 3.35321 8.23152e-04
 3.36548 0.00000e+00
 3.37775 2.45680e-03
 3.39003 2.45047e-03
 3.40230 2.44524e-03
 3.41457 8.13861e-04
 3.42684 2.43206e-03
 3.43911 1.61764e-03
 3.45139 8.05993e-04
 3.46366 4.02291e-03
 3.47593 3.21362e-03
 3.48820 0.00000e+00
 3.50047 3.19624e-03
 3.51275 7.96582e-04
 3.52502 1.59135e-03
 3.53729 2.38007e-03
 3.54956 2.37697e-03
 3.56183 7.90713e-04
 3.57410 1.57653e-03
 3.58638 4.72013e-03
 3.59865 7.85504e-04
 3.61092 2.34914e-03
 3.62319 1.56340e-03
 3.63546 4.68244e-03
 3.64774 4.67331e-03
 3.66001 7.76838e-04
 3.67228 7.76570e-04
 3.68455 0.00000e+00
 3.69682 2.32005e-03
 3.70910 3.85927e-03
 3.72137 1.54097e-03
 3.73364 2.30814e-03
 3.74591 1.53564e-03
 3.75818 1.53335e-03
 3.77045 3.82755e-03
 3.78273 5.35226e-03
 3.79500 3.05469e-03
 3.80727 2.28599e-03
 3.81954 2.28373e-03
 3.83181 7.60706e-04
 3.84409 1.51835e-03
 3.85636 0.00000e+00
 3.86863 1.51527e-03
 3.88090 3.02724e-03
 3.89317 7.55931e-04
 3.90545 2.26619e-03
 3.91772 3.01930e-03
 3.92999 7.53892e-04
 3.94226 3.76719e-03
 3.95453 0.00000e+00
 3.96680 1.50514e-03
 3.97908 7.52037e-04
 3.99135 3.75675e-03
 4.00362 2.25275e-03
 4.01589 7.50516e-04
 4.02816 1.50034e-03
 4.04044 2.99968e-03
 4.05271 7.49729e-04
 4.06498 1.49891e-03
 4.07725 4.49528e-03
 4.08952 2.24721e-03
 4.10180 7.48911e-04
 4.11407 7.48856e-04
 4.12634 1.49769e-03
 4.13861 2.99536e-03
 4.15088 3.74439e-03
 4.16315 2.24697e-03
 4.17543 2.99629e-03
 4.18770 1.49848e-03
 4.19997 1.49883e-03
 4.21224 7.49528e-04
 4.22451 7.50041e-04
 4.23679 1.50070e-03
 4.24906 1.50107e-03
 4.26133 1.50215e-03
 4.27360 7.51164e-04
 4.28587 2.25571e-03
 4.29815 7.52481e-04
 4.31042 1.50564e-03
 4.32269 5.27356e-03
 4.33496 1.50783e-03
 4.34723 7.54638e-04
 4.35950 7.55357e-04
 4.37178 4.53598e-03
 4.38405 7.56970e-04
 4.39632 7.57888e-04
 4.40859 1.51699e-03
 4.42086 1.51788e-03
 4.43314 7.59735e-04
 4.44541 2.28364e-03
 4.45768 7.61913e-04
 4.46995 3.05141e-03
 4.48222 7.64330e-04
 4.49450 3.06062e-03
 4.50677 7.65690e-04
 4.51904 0.00000e+00
 4.53131 3.07396e-03
 4.54358 3.84887e-03
 4.55585 1.54142e-03
 4.56813 7.72054e-04
 4.58040 3.86757e-03
 4.59267 3.09989e-03
 4.60494 1.55198e-03
 4.61721 2.33278e-03
 4.62949 7.79025e-04
 4.64176 1.56120e-03
 4.65403 7.82214e-04
 4.66630 1.56774e-03
 4.67857 3.14123e-03
 4.69085 0.00000e+00
 4.70312 0.00000e+00
 4.71539 2.37051e-03
 4.72766 3.95839e-03
 4.73993 1.58749e-03
 4.75220 0.00000e+00
 4.76448 0.00000e+00
 4.77675 3.19792e-03
 4.78902 4.80746e-03
 4.80129 2.40931e-03
 4.81356 1.61114e-03
 4.82584 2.42081e-03
 4.83811 2.42688e-03
 4.85038 0.00000e+00
 4.86265 2.44311e-03
 4.87492 2.44663e-03
 4.88720 1.63439e-03
 4.89947 8.21163e-04
 4.91174 2.46612e-03
 4.92401 0.00000e+00
 4.93628 1.65432e-03
 4.94855 8.30130e-04
 4.96083 8.31916e-04
 4.97310 1.66994e-03
 4.98537 0.00000e+00
 4.99764 2.52001e-03
 5.00991 4.21516e-03
 5.02219 2.53465e-03
 5.03446 8.48018e-04
 5.04673 1.70413e-03
 5.05900 8.54894e-04
 5.07127 2.56760e-03
 5.08355 2.57986e-03
 5.09582 1.72498e-03
 5.10809 8.66634e-04
 5.12036 5.21180e-03
 5.13263 8.72178e-04
 5.14490 1.74949e-03
 5.15718 3.51105e-03
 5.16945 1.76298e-03
 5.18172 8.85185e-04
 5.19399 3.55213e-03
 5.20626 2.67882e-03
 5.21854 8.95795e-04
 5.23081 4.49182e-03
 5.24308 9.03946e-04
 5.25535 1.81237e-03
 5.26762 2.73119e-03
 5.27990 2.74348e-03
 5.29217 0.00000e+00
 5.30444 0.00000e+00
 5.31671 0.00000e+00
 5.32898 0.00000e+00
 5.34125 1.87187e-03
 5.35353 2.81246e-03
 5.36580 1.88749e-03
 5.37807 1.89344e-03
 5.39034 0.00000e+00
 5.40261 2.86558e-03
 5.41489 3.84112e-03
 5.42716 0.00000e+00
 5.43943 9.71790e-04
 5.45170 9.74994e-04
 5.46397 2.93946e-03
 5.47625 2.94980e-03
 5.48852 9.90700e-04
 5.50079 2.98169e-03
 5.51306 1.99955e-03
 5.52533 1.00397e-03
 5.53760 3.02943e-03
 5.54988 1.01566e-03
 5.56215 2.04033e-03
 5.57442 1.02589e-03
 5.58669 1.03520e-03
 5.59896 4.16294e-03
 5.61124 4.17628e-03
 5.62351 0.00000e+00
 5.63578 5.29447e-03
 5.64805 2.12911e-03
 5.66032 5.35252e-03
 5.67260 1.07485e-03
 5.68487 1.08208e-03
 5.69714 1.09138e-03
 5.70941 2.18784e-03
 5.72168 0.00000e+00
 5.73395 2.22193e-03
 5.74623 0.00000e+00
 5.75850 3.37579e-03
 5.77077 2.26495e-03
 5.78304 1.14075e-03
 5.79531 1.14611e-03
 5.80759 0.00000e+00
 5.81986 1.16188e-03
 5.83213 0.00000e+00
 5.84440 2.35617e-03
 5.85667 3.56601e-03
 5.86895 0.00000e+00
 5.88122 4.82356e-03
 5.89349 3.64473e-03
 5.90576 2.44221e-03
 5.91803 2.46083e-03
 5.93030 1.23965e-03
 5.94258 3.75371e-03
 5.95485 0.00000e+00
 5.96712 1.27190e-03
 5.97939 0.00000e+00
 5.99166 0.00000e+00
 6.00394 1.29477e-03
 6.01621 5.23790e-03
 6.02848 2.63942e-03
 6.04075 1.33004e-03
 6.05302 1.33961e-03
 6.06530 0.00000e+00
 6.07757 1.36008e-03
 6.08984 0.00000e+00
 6.10211 1.39007e-03
 6.11438 2.80827e-03
 6.12665 2.83417e-03
 6.13893 1.42216e-03
 6.15120 2.87374e-03
 6.16347 2.89727e-03
 6.17574 1.46019e-03
 6.18801 1.47176e-03
 6.20029 1.49679e-03
 6.21256 1.50153e-03
 6.22483 3.03029e-03
 6.23710 4.61435e-03
 6.24937 0.00000e+00
 6.26165 0.00000e+00
 6.27392 3.14642e-03
 6.28619 1.58993e-03
 6.29846 1.60642e-03
 6.31073 0.00000e+00
 6.32300 0.00000e+00
 6.33528 0.00000e+00
 6.34755 1.66902e-03
 6.35982 3.38572e-03
 6.37209 3.40967e-03
 6.38436 1.73144e-03
 6.39664 3.49112e-03
 6.40891 3.51327e-03
 6.42118 3.55156e-03
 6.43345 5.39539e-03
 6.44572 3.61668e-03
 6.45800 0.00000e+00
 6.47027 1.84654e-03
 6.48254 3.76397e-03
 6.49481 0.00000e+00
 6.50708 1.91328e-03
 6.51935 3.87524e-03
 6.53163 0.00000e+00
 6.54390 1.98317e-03
 6.55617 0.00000e+00
 6.56844 4.05214e-03
 6.58071 0.00000e+00
 6.59299 0.00000e+00
 6.60526 0.00000e+00
 6.61753 2.12191e-03
 6.62980 2.15954e-03
 6.64207 2.18761e-03
 6.65435 0.00000e+00
 6.66662 2.22615e-03
 6.67889 0.00000e+00
 6.69116 2.26908e-03
 6.70343 2.32324e-03
 6.71570 0.00000e+00
 6.72798 4.74026e-03
 6.74025 2.41167e-03
 6.75252 2.42610e-03
 6.76479 0.00000e+00
 6.77706 2.49090e-03
