# npar = 1, n_ded = 0
#         weight            chi2        param[0]
#                                     alpha_topo
      2.20086914              -0      6.02565713
      1.78461662              -0      5.12322955
       1.6618838              -0      4.53834687
      1.64720895              -6      4.40233483
      1.82492628              -4       2.8465206
      1.77161492              -6      3.15703646
      1.83804676              -4      2.69821324
      1.98193496              -0      5.63997635
      1.66741858              -5      3.69453779
        1.655917              -1      3.78247378
      1.82508415              -0      5.25228581
      1.81607568              -2      1.83798402
      1.63519225              -0      4.13510356
      1.65150686              -0      4.44786677
      2.04470164              -0      5.76362476
       1.7453278              -0      4.97865922
      1.81642031              -6       5.2260359
      1.96856931              -2       5.6118318
      2.11698397              -0      5.89171261
      1.80540521              -6      2.97996699
      1.63519596              -5      4.13763484
      1.63529347              -4      4.10737326
      1.94534471              -1      5.56117872
      2.05562922              -1      1.24992887
      1.92171788              -1      5.50714719
      1.88459683              -6      5.41640253
      1.85834663              -9      1.62153048
      1.83805375              -2      2.69808551
      2.35475898              -7      6.24169087
      1.63907241              -2      4.28462175
      1.75163797              -7      5.00347619
      1.81138565              -2      2.05139888
      1.83199144              -1      2.34968168
      1.63707898              -7      4.02661598
      1.86381588              -4      1.60420219
        1.760058              -1      3.21214104
      1.66045529              -5      4.52703597
      1.68080168              -2      4.66760938
       1.9184126              -5      1.46918783
      1.82042038              -4      2.20055404
      1.84131294              -4      2.58177838
      1.98825606              -0      5.65304696
      1.63538646              -4       4.1661078
      1.87441513              -4      1.57329692
      1.81002228              -9      1.95554913
       1.8292392              -4       2.3127582
      1.65571294              -7      3.78421727
      2.49847687              -0      6.41892026
      1.83134911              -1      2.78722861
      1.77760694              -6      3.12781715
      1.83814055              -2      1.69788491
      1.83234634              -1      2.77651091
       2.1753206              -9      1.11069176
      1.83548506              -5      2.73822754
      2.13420544              -0       5.9203691
      1.75423126              -0      5.01347848
      1.83806284              -5      1.69823138
       1.6356939              -6      4.07754079
      1.71846197              -4       3.4086788
      1.68391077              -5      3.59025223
      2.55900908              -0      6.48829151
      1.83642787              -6      2.72478967
      1.81257075              -1      2.07916855
      1.83180622              -7      5.27219151
      1.63945801              -6      3.97369284
      2.27660332              -0      6.13605583
      1.93467961              -0      5.53711843
      1.98294687              -1      1.35370087
      1.67398724              -1      3.65076169
      1.64086195              -4      4.31679208
      1.63541454              -4      4.16847264
      1.84128709              -2      2.56522743
      1.84093502              -6      2.53444507
      1.66593231              -0      3.70497741
      2.76209916              -4      0.63487684
      1.67961964              -7      3.61572199
      1.81791788              -2      2.89978214
      1.78436248              -7      5.12236271
      2.53774344              -0      6.46423067
      1.81155842              -4      5.21099787
      1.83995667              -4      2.49559932
       1.8773109              -7      5.39764712
      2.08024757              -9      1.21872191
      1.83197475              -7      2.34944959
      1.84245266              -9      1.67945298
      1.64896159              -7      3.84752331
      1.64884286              -0      3.84875774
      1.82973421              -5      2.80353473
      1.81665558              -9      2.14871007
      1.76921654              -0       5.0692192
      1.63528936              -0      4.15621353
      1.70966063              -4       4.8228144
      1.67880078              -0      4.65532023
      1.79523077              -9      3.03732064
       2.3525252              -9     0.942978142
      1.82344305              -2      5.24736593
      1.81975809              -2      2.88658374
      1.82034239              -9      1.79966498
      1.84057316              -2      2.51726106
      1.83065822              -7      5.26881959
      2.55449536              -0      6.48321149
      2.16866612              -2      1.11772743
      2.59013465              -0      6.52294029
      2.93630919              -4     0.520643436
      1.75513223              -0      5.01692767
      2.13806673              -9      1.15099912
      1.87972399              -0      5.40389587
      2.12288716              -0      5.90160889
      1.65389005              -2      4.47063267
      1.66322593              -7      3.72459262
      1.89719879              -7      1.51556886
      1.82999003              -2      2.32260263
       1.8124757              -9      1.88478065
      1.83910468              -4      2.47230286
      2.07332984              -1      1.22732908
      1.70791012              -0      4.81432103
       1.6574499              -0      4.50220525
       1.7023834              -0       4.7868474
       1.7222488              -7       4.8812766
       2.3555007              -1      6.24265839
      1.72045321              -7       4.8731984
      1.63551024              -7       4.1755844
      1.76098706              -1      3.20775484
      1.63580516              -7      4.07182858
      1.94998752              -0      5.57149101
      2.59769781              -5     0.749958411
      1.80609558              -7      2.97587228
      2.06721454              -2      1.23504068
      1.67757885              -1      3.62818886
      1.70544248              -1      3.47350066
      1.81055555              -9      2.02501748
      1.68510364              -0      3.58333472
      1.91814786              -1      5.49874525
      1.79019043              -0      5.14204761
      1.70113726              -2      4.78050648
      1.71915294              -1      4.86729724
        1.812021              -0      2.93932653
       2.2266999              -9      1.05847322
      1.92838947              -4      5.52267661
      1.80246899              -4      5.18225765
      1.78766597              -0      5.13357014
      1.66102926              -7      4.53161609
      2.09734698              -7      5.85821785
      1.64474439              -1      4.37260236
      1.85216881              -6      1.64251686
       1.8593478              -6      5.34992252
      1.80636122              -0      5.19466708
      1.63539541              -7      4.16687899
      1.77676003              -4      3.13198234
      2.01352517              -2        5.703855
      1.77506136              -4      3.14029954
      1.66168337              -0      4.53677744
      1.63940735              -6      4.29112372
      1.63526115              -1      4.15246459
      2.54828086              -9     0.786419217
      2.93085747              -9     0.524126404
      1.82859182              -7      2.30437188
      1.86632266              -4      5.36871309
      1.74859997              -0      4.99161473
       1.7953542              -1      5.15916045
      1.65997318              -6      3.74935696
      1.68276507              -6      4.67942498
      1.98962623              -1      5.65586046
      1.81998805              -2      2.19487202
      1.84074908              -4      2.62814523
      1.70781913              -2      3.46142768
      1.82631053              -1      2.83483736
       1.6633352              -7      4.54955019
      1.68366092              -5      3.59170965
      1.68574154              -0      3.57966237
      2.54674254              -4     0.787570693
      2.51359111              -7      6.43650079
      1.72828155              -0      4.90784304
      1.76902935              -1      5.06854325
      1.68892521              -2      4.71508545
      1.75699351              -1      3.22657158
      1.67471609              -1      4.62938298
      1.83764146              -4       2.4403318
      1.89581231              -0      5.44463951
      1.63545195              -7      4.09274676
       1.9042883              -1      5.46549386
      1.98571035              -1      5.64780107
      2.66995493              -1     0.698314623
      1.67757153              -6      4.64763913
       1.7011804              -7      3.49547904
      1.72343159              -1      3.38463697
      1.80961004              -5      2.95452247
      2.66582527              -5     0.701217752
      1.81938789              -1      2.88927752
      1.97112918              -9      1.37274872
      2.51057439              -1      6.43300608
      1.97551951              -4       1.3655837
      1.81730309              -9      1.82575535
      1.70229501              -7      4.78639949
      1.64574953              -4       3.8830042
      1.90763046              -4      5.47360665
      1.81080048              -9      1.92102474
       2.3981935              -9      0.90437771
      2.31088578              -7      6.18332678
       1.8222074              -2      2.22360375
      2.26464567              -0      6.11919537
      1.65249093              -1      3.81293033
      1.81140931              -2      1.90541404
      1.83953892              -6      2.48352981
      1.82440756              -4      2.85077995
      1.67136419              -7      4.60714452
      1.82093711              -9      1.79508122
      1.94480838              -7      1.41821139
      1.90181353              -7      1.50497276
      1.65155626              -4      3.82173054
      1.69940875              -1      3.50475118
      1.71227557              -1      4.83532665
       1.8094343              -1      2.95561155
      1.81906075              -9      1.81006725
      1.77916126              -7      3.12013894
      1.67452653              -2      3.64731714
      1.69116704              -1      3.54912295
       1.8204368              -2      1.79892776
      2.08660036              -7      5.83949677
      1.70304189              -6      4.79017563
      1.78483917              -2      3.09166758
      1.77991759              -1        3.116386
      1.78279421              -7      5.11699602
      1.64436857              -1      4.36775586
      1.83563651              -7      2.40439913
      1.75464326              -6      5.01505738
      1.64004892              -2      4.30290654
      2.07542616              -9      1.22470798
      1.64387066              -0      3.90627149
      1.85068912              -9      1.64780134
      1.68016015              -6      3.61246013
      1.66469033              -1      3.71387714
      2.01816133              -5      1.30091106
      2.30486762              -4     0.984974255
      1.78208707              -1      5.11456626
      1.63566415              -1      4.07917342
      1.63546704              -0      4.17252809
      2.00744519              -2      1.31641078
      2.51827063              -1     0.809074973
      1.64192173              -2      3.93322502
      2.17640772              -5      1.10954875
      1.69198038              -1      4.73205788
      1.66888584              -4      4.59007311
       1.8302413              -2      2.32592983
      2.09116781              -7      1.20537415
      2.06818112              -2       1.2338152
      2.00389791              -9      1.32164401
      1.93306057              -0      5.53341937
      1.83207602              -9      1.72677668
      2.12121864              -9       1.1700229
      1.85835581              -0      5.34722226
       1.6715597              -4         3.66653
      1.77278026              -1       5.0819952
      2.95078681              -2     0.511418737
      1.81078132              -1      2.03324895
      1.64155442              -1       3.9387219
      1.83381395              -4      2.75961164
      1.86186054              -0      5.35673111
      1.79478079              -1      5.15727498
      1.96452956              -0      5.60318472
      2.09619593              -1       5.8562262
      2.17575462              -9      1.11023521
      1.82364289              -4       2.8569505
      2.74380053              -7      6.68534459
      1.79310238              -0      5.15173495
       2.9316001              -7     0.523651654
      1.66727011              -4      4.57862446
      1.71433076              -4      3.42892542
      1.82689878              -4      2.82972058
      1.67702254              -1      3.63163057
       1.7499948              -5      4.99708024
      1.81388397              -1      2.10432058
       2.1819239              -9      1.10377609
       1.8290206              -9      2.30991675
      1.82203639              -5      2.86952919
      2.48071955              -2       6.3980322
      1.77481794              -1      5.08922299
      2.26194384              -9      1.02454441
       1.6629604              -0       4.5466837
      1.83853125              -7      2.68900616
      1.99385867              -2      5.66450776
      1.83868124              -4      2.46228211
      1.76529833              -7      3.18731491
      2.32775064              -7      6.20603238
      1.81309606              -5      2.08972316
      1.78411537              -4      5.12151908
      1.83352296              -5      1.71950956
      1.69700259              -1      3.51748489
      1.71165201              -4      4.83236162
      2.12548275              -0      5.90593573
      1.63797088              -4      4.00417383
      1.81104818              -9      1.91414836
      1.82505875              -9      1.76656827
       1.7155041              -7      3.42314831
      2.34271465              -1     0.951471482
      2.02998198              -0      5.73578396
      1.82998303              -9      2.32251012
      1.75742943              -1      3.22452199
      1.83059628              -4      2.79497774
      2.40675892              -5     0.897298481
      1.89814452              -7      1.51337165
      1.81011233              -9       1.9489933
      1.92288047              -9      1.46009874
      1.83587074              -2      1.70823958
      1.77013424              -7      3.16417617
      1.68960755              -7       3.5577805
      1.64149223              -4      4.32689809
      1.84035333              -6      2.50880479
      1.82907972              -9      1.74273591
      1.76765061              -1      5.06354956
      1.81842441              -9      2.17382831
      1.70372664              -4      4.79362039
      2.72470378              -0      6.66586614
      1.96653949              -2      5.60749531
      1.83847428              -9      2.69012891
      1.68299849              -1      3.59558833
      1.67190511              -2      3.66425905
      1.84107396              -1      2.54316186
       1.9906957              -9      1.34160439
      2.46042002              -0      6.37383284
       1.7539602              -0       5.0124382
      1.83372055              -4      2.76073316
      1.69233323              -1       3.5427077
      1.83383532              -2       2.3761996
      1.65598419              -7      3.78190154
      1.83885668              -2      2.46633941
      1.82437851              -4      2.85101665
      2.96406663              -2     0.502987958
      1.80460568              -0      5.18908928
      1.89779086              -2      1.51419172
      1.65646436              -1      3.77783703
      2.71259084              -9       0.6686545
      2.09003546              -7      5.84551187
      1.81030087              -0      5.20707095
      1.63807711              -7      4.00175927
      2.01980069              -5      1.29857923
      1.77304842              -7      5.08294957
      1.82737748              -9      2.28883763
      1.63597412              -4      4.20030003
      2.07538826              -9      1.22475527
      1.79898378              -2      3.01674681
      1.99218954              -7      5.66110538
      1.65153164              -7      4.44811136
       1.6992821              -1      4.77096074
      1.81100316              -5      1.91533481
      2.18666306              -4      1.09885212
      1.81037605              -9      1.93573041
      1.83684531              -2      2.42528894
      1.67465384              -7      3.64650695
      2.19292073              -0      6.01353673
      1.96260905              -0      5.59905033
       1.6464315              -5        3.875071
      1.84876737              -9      1.65483162
      2.11350578              -4      5.88584499
      2.04451342              -9       1.2645789
      1.68292032              -0      4.68034938
      1.82193941              -1      2.22018332
      1.83842389              -2       2.6911123
      1.81379098              -4      2.10266104
       2.8107138              -0      6.75221809
      1.81013542              -4      2.00464011
      1.63680082              -0      4.23003743
       1.6991531              -6      3.50609622
      2.16493842              -1      5.96996447
        1.654662              -1      3.79332962
      1.67519062              -0      3.64310317
      1.64309603              -1      3.91658415
      1.77747829              -0       5.0985768
      1.96501165              -0      5.60422013
      1.63838427              -2       3.9950172
       2.6403146              -2     0.719277275
      1.93482901              -4      5.53745913
      1.64501665              -4      4.37605603
      1.67284185              -7      4.61706233
      1.82475208              -7       2.8479579
      1.70853263              -0      4.81735245
      2.14755212              -0      5.94214224
      2.10788251              -7       5.8763001
      1.82264889              -9       1.7826142
      2.11252193              -0      5.88418027
      1.76473579              -7      3.18999088
      1.70650475              -2      3.46808932
      1.70717947              -5      3.46466501
      2.21711599              -9      1.06795027
       1.6566714              -2      3.77609786
      2.51884158              -4     0.808640069
      1.86014587              -9       1.6157112
      1.82674363              -1      5.25723648
      1.79763205              -4      3.02422618
       2.7238368              -9     0.660921884
      2.73408822              -1     0.653904469
      2.20281211              -1      6.02860333
      1.63667642              -6       4.0385011
       1.6454921              -0      3.88606415
      1.70698678              -2      3.46564195
      1.81454065              -2      1.85535428
      1.76812116              -7      5.06525686
      1.64841981              -4      4.41585909
      1.81038625              -5      2.01791795
      1.63738517              -4      4.24653944
      1.83859058              -2      2.68782474
      2.54508097              -9     0.788815597
      1.93338111              -9        1.439513
      1.83157343              -9      2.34390488
      1.80990578              -1      1.97488326
      1.66762096              -2      3.69313312
      1.67366129              -4      3.65285361
      1.66771266              -0      4.58178669
      1.64811115              -4      4.41247017
      1.91508481              -7      5.49148416
      1.77866388              -2      3.12260086
      1.72371594              -6      3.38327039
      1.67519608              -5      3.64306866
      1.86805139              -6      5.37331847
      1.82325627              -7      2.23690595
      2.11022876              -9      1.18272949
      1.83364817              -7      5.27757838
       1.8108308              -1      2.03491577
      1.81727023              -4      2.15763681
      1.81457377              -5       2.1161998
      1.68727008              -4      3.57093592
      1.66986851              -1      4.59691021
      1.81010162              -9       1.9496832
      1.65632383              -7      4.49249588
      1.68442132              -7      3.58728339
      1.64462242              -6      3.89668995
       1.7812897              -0      5.11181906
      1.75237686              -0      5.00633742
      1.84080606              -4       2.6255457
      1.80990933              -9      1.97926594
      2.62817188              -4      6.56442098
      1.70069318              -6      3.49802058
      1.80991124              -9      1.98011016
      1.64434044              -2      4.36738917
      1.70553009              -0      3.47305344
      1.86674605              -9      1.59533296
       2.0738261              -5      1.22670756
      1.63829752              -7      4.26842933
      1.87872039              -1      5.40130154
      1.92865092              -5      1.44865772
      1.67593046              -1      3.63844353
      1.75317206              -1      5.00940659
      2.83707372              -2      6.77801118
      1.71887085              -4      4.86601124
      2.26305506              -4      6.11693741
      1.70966608              -0      4.82284071
      1.84085358              -5      2.62326332
      2.35470216              -7      6.24161674
      1.80628103              -0      5.19441297
      2.45536564              -0      6.36775248
      1.66572775              -1      4.56743996
      1.81372196              -1      2.92829542
      1.74645921              -4      3.27591776
      2.18276314              -0       5.9978856
      1.63813345              -4      4.26475394
      1.64107854              -7      4.32032392
      1.81160816              -2      2.05719856
       1.7762357              -9      3.13455476
      1.81022179              -1      2.95071228
      1.83347665              -1      2.37088775
      1.72099463              -7      3.39638744
      1.63611716              -0       4.2062914
      1.64051205              -7       4.3109441
      1.65474932              -5      3.79256371
      1.81046161              -9      1.93233177
      2.47338172              -0      6.38932491
      1.86345844              -5      1.60530292
      1.64194232              -0      4.33381579
      2.40846658              -9      0.89589284
      2.11443343              -9       1.1778391
      1.84842519              -9      1.65610419
      1.78811339              -1      3.07489708
       1.6569677              -1      4.49807674
      1.83989928              -4      2.65729974
      2.03898285              -5      5.75288604
      1.63822098              -1      4.26672693
      1.90573664              -1      5.46901709
      2.80474935              -0      6.74634018
      1.80991388              -5      1.98106029
      1.83673732              -2      2.42333737
      1.63574348              -4      4.18934918
      2.69432511              -4      6.63449487
      1.65677297              -0      4.49639722
       1.7064846              -1      3.46819171
      1.79072271              -4      3.06131473
      2.60912449              -0      6.54376386
       1.8375557              -1      2.70686435
      1.98115174              -0       5.6383463
       1.8326431              -7      2.35884421
       2.2727805              -0      6.13068729
      2.76738891              -7      6.70915739
      1.81438415              -0      5.21976555
      2.19444887              -4      6.01587551
      2.18437482              -9      1.10122553
      1.75626507              -0      5.02124592
      1.65357516              -0      4.46770732
      2.27775324              -9      1.00976041
      1.87151503              -5       1.5814431
      1.99661091              -4      5.67009596
       1.6769429              -2      3.63212483
      1.82919251              -1      5.26449814
      1.84005004              -6       2.4985241
      1.88392002              -5      1.54798348
       1.8389177              -9      2.46778053
      2.27433686              -9       1.0129337
      1.73360674              -2      3.33621485
      1.73381979              -4      4.93150263
        2.149697              -9      1.13816785
      2.45259834              -9     0.860192127
      1.79295418              -1      5.15124424
      1.74051914              -4       3.3037203
      1.90210034              -7      5.46014937
      1.87130088              -4      5.38192067
       1.8160317              -5      2.13938093
      1.90697999              -0       5.4720325
      1.72121987              -2      3.39529836
      1.81819066              -2      1.81760117
      1.70492868              -2      4.79962828
      1.67636913              -7       3.6356977
      1.90983454              -5      1.48725672
      1.67305701              -0       4.6184911
      1.84017982              -2      2.64903013
      1.82449275              -7      2.25247689
      1.71114899              -2      3.44470855
      2.31262913              -9     0.978003867
      2.04774025              -1      5.76929136
      1.67981833              -7      3.61452107
      1.63721547              -0      4.24199826
      1.63559358              -6      4.18094645
       2.5732483              -0      6.50422425
       1.8220964              -9      2.22218822
      1.74040492              -2      4.95880069
      1.77961157              -5      3.11790583
      1.74515505              -6      3.28201766
      1.69008476              -7      4.72157917
      2.47819064              -5      0.84000454
      1.66279645              -0      3.72778353
      1.63522334              -0      4.14593934
      1.98206193              -6      5.64024038
      1.81293242              -9      2.08651723
      1.63546628              -4      4.17247286
       1.6352399              -7      4.14910557
      1.63549027              -1      4.08996904
      1.83343307              -4      2.76414316
      1.63852083              -1      3.99212415
      1.79470512              -1      3.04015629
      2.58162414              -0       6.5135315
      1.63936872              -5      4.29038701
      1.73758253              -7      3.31749849
      1.70596816              -7      3.47081962
      1.77127375              -0      3.15868408
      1.86828757              -7      1.59077234
      1.84755533              -9      1.65936875
      1.70518849              -1      3.47479827
      1.71043104              -2      4.82652222
      2.27328142              -0       6.1313919
      1.72463103              -1      3.37887859
      1.84123912              -5      2.59622081
      1.66048747              -5      3.74534551
      2.04364089              -7      5.76164021
      1.97090326              -9      1.37312038
      1.70360411              -0      4.79300515
       1.8412883              -9       2.5654685
      1.66717055              -1      3.69626469
      2.00358243              -1        1.322112
      1.80842444              -2      2.96182418
      1.63520575              -7      4.14148187
      2.01916512              -5      1.29948205
      1.65567193              -0      4.48676253
      1.83213147              -2      2.35163367
      1.81790961              -0      5.23059739
      2.49885947              -4      6.41936752
      1.73721013              -1      3.31924821
      1.85808723              -0      5.34648995
      2.43666197              -0      6.34505515
      2.38812065              -0      6.28461775
      1.83406375              -6      2.75657766
      1.67590123              -1      4.63703276
       1.7055951              -0      4.80293794
      1.81282461              -9      1.87908191
      2.39261326              -9     0.909015884
      1.63521412              -6      4.12023946
      1.81248118              -9       1.8846879
      2.14975025              -0      5.94569299
      1.63606024              -4      4.06043856
      1.92885096              -9      1.44826682
      2.41456668              -9     0.890886901
      2.11997978              -1       5.8967446
      1.78116357              -5      3.11017831
      1.68959346              -6      4.71883569
      1.83762398              -9      2.70569711
      1.81265691              -5      1.88177215
       1.8239272              -2      2.24536431
      1.91262982              -9      1.48127472
       1.6410888              -6      3.94592197
      1.81007989              -9      2.00083726
       1.6374334              -1      4.01716979
      1.74885487              -6      3.26471303
      1.72902885              -1      4.91107493
      1.82148786              -7      2.87371441
      1.66202065              -5      3.73360586
      1.96526632              -1      5.60476673
      1.86674007              -4      5.36982694
      2.48994062              -2       0.8308533
      1.84007213              -4      2.49923078
      1.83549663              -0      5.28295577
      1.82992313              -9      2.32171967
      1.84903963              -9      1.65382366
      1.65531117              -0      3.78767409
      1.91999533              -7      5.50310134
      2.70723987              -0      6.64789072
      1.64791102              -7      4.41025202
      1.67870575              -6      3.62127461
      1.75926833              -7      3.21586477
      1.79263618              -7      3.05121744
      1.63720505              -0      4.24171344
      1.81657201              -2      5.22650147
      1.83579483              -9      2.40702737
       1.8145516              -9      2.11582876
      1.84004079              -1      2.65324418
      1.81063586              -5      1.92616946
       1.9437207              -5      1.42019376
      1.64132443              -7      4.32425765
      1.94700825              -9      1.41422947
      1.66683273              -0      4.57547894
       1.9687476              -0      5.61221189
      1.68310795              -0      4.68146477
      1.81642427              -9      2.14528514
      2.09824237              -1       5.8597649
      1.63521983              -0      4.11888354
       1.7203284              -0      4.87263384
      2.28668966              -7      6.15012463
      1.69379759              -1      3.53472011
      1.65633255              -2      3.77894837
      1.68220209              -7       4.6760607
      1.65694419              -0       4.4978744
      1.70197622              -1      4.78478164
      1.64316581              -0       3.9156352
      1.68825001              -0      4.71127383
      2.44830361              -1      6.35921934
      1.81043219              -4      2.01994686
      1.84576202              -7      1.66623832
      1.63873464              -5      3.98771157
      1.64140191              -0      4.32548115
      1.80309201              -2      2.99347507
      1.72285244              -0      4.88397421
      1.71883337              -2      3.40687095
      1.65124766              -7      3.82468908
      1.76416303              -4      5.05079665
      1.93762805              -9      1.43147067
      1.64395451              -0      3.90518301
      1.80995635              -9      1.96234066
      1.92667805              -7        5.518714
      1.66832061              -6      4.58609795
      1.88228957              -0      5.41049916
      2.81601451              -4     0.598815514
      1.81168794              -2      1.89941756
      1.64876659              -6      4.41962153
      1.84045085              -2      2.63998221
       1.7824453              -4      3.10375828
      1.81611864              -7      2.91225607
      1.76451006              -0      5.05207352
      1.66949432              -7       4.5943176
      1.83065869              -0      2.79434551
      1.79288006              -7      3.04992156
      1.66416367              -6      3.71770232
      1.90420809              -4      1.49959434
      2.02332828              -9      1.29359551
      1.66326109              -1      4.54898481
      1.83272046              -5      2.35994577
      1.81702555              -0      5.22789216
      2.01486427              -5      5.70648604
      1.81240062              -5      1.88606048
      1.82867759              -4      2.30547822
      1.76660612              -6       3.1810821
      1.66794582              -2       4.5834446
      1.64048815              -7       4.3105379
      1.64704041              -6      3.86818503
      1.65091976              -7      3.82786279
       2.0033088              -0      5.68358275
      1.79027155              -5      3.06367803
      1.82109767              -9      1.79386761
      1.64318676              -4      3.91535119
      2.21385043              -9      1.07120552
      1.70494916              -2      4.79973018
       1.6645254              -6      4.55853555
      1.67691801              -1      3.63227941
      1.73825486              -0        4.949983
       1.6920788              -6      3.54410316
      2.48228857              -0      6.39988822
      1.64546822              -1      3.88634988
      1.76163643              -2      3.20468554
      1.83453836              -4       2.3868754
      1.83960081              -4      2.48522807
      1.83857545              -4      2.45989345
      1.95292616              -4      1.40369378
      1.81098713              -9       1.9157633
      1.69165588              -1      4.73027586
       1.8359819              -0      5.28436279
      1.83308062              -7      2.36511643
       2.1726279              -7      1.11353056
      1.63522761              -0       4.1468216
       2.5162773              -7       6.4396067
      1.69019635              -0      4.72220068
      1.97889102              -5      1.36015345
      2.15460699              -9      1.13282059
      1.74785776              -4      3.26937683
      2.91649174              -5     0.533329363
      1.67272778              -0      4.61630326
      1.72568152              -6        3.373848
      1.63598148              -6      4.06375117
       1.8277771              -6      2.82189397
      1.66975631              -1      4.59613419
      1.64599669              -5       4.3881204
      1.81200316              -5      1.89321052
      1.69600779              -1      3.52279974
      1.83882085              -1      2.68311038
      1.79080694              -2      3.06087281
      2.02637758              -9      1.28932407
      1.77551828              -1      5.09169437
      1.83367347              -1      2.76129592
      1.83628887              -5      2.41542511
       2.1483765              -1      5.94347505
      1.63570547              -5      4.07691916
      1.63649715              -7      4.04431331
      2.69760416              -9     0.679016781
      1.74196392              -0      3.29695187
      1.65888222              -6      3.75799689
      1.80547424              -0      5.19185286
       1.8369604              -2      2.42739023
      2.50991534              -4      6.43224166
         1.80261              -1      2.99625095
      1.64122882              -5      3.94372793
       1.8142316              -7      1.85921946
      1.82651819              -4       2.2779567
       1.8824421              -9      1.55179153
      2.39843381              -1      6.29765177
      2.63287677              -4      6.56948906
      1.81792574              -6      2.89972672
      1.68531809              -4      3.58209808
      1.63638486              -4      4.04815968
      1.66195491              -1      3.73410278
      1.64391776              -5      3.90565949
      1.64291119              -7      4.34798318
      1.81964902              -5      2.88737951
      1.64108882              -4      4.32049004
      1.82265005              -7      1.78260604
      1.83034143              -1      2.79754091
      1.74865505              -7       3.2656477
      1.65782363              -6      3.76656023
      1.64964279              -7      4.42892749
      2.04992264              -1      5.77334463
      1.64490616              -6      4.37466006
      2.20964076              -4      6.03890713
      2.73747217              -2     0.651594493
      1.81070253              -5      2.03050238
      1.81149218              -5      2.05422024
       1.8315306              -5      2.34331697
      1.63880037              -1      3.98638191
       1.8337959              -2      2.75982884
      1.79984277              -4      3.01195039
      1.63686149              -2      4.03285922
      1.64017152              -2      3.96098744
      1.72004459              -1      3.40098816
      1.64131902              -4      4.32417197
      2.00101524              -2       1.3259361
      1.81062749              -2      1.92644641
      1.65671794              -5      3.77570799
      2.06651439              -5      1.23592992
      1.84131695              -7      2.57875364
      1.84099505              -2      2.53798049
      2.48798965              -2      6.40661509
      1.65273178              -4      3.81069994
      1.79875749              -0      5.17027678
      2.28709985              -2      6.15069387
      1.71334362              -4      4.84037876
      1.75388108              -1      3.24118116
      2.33835955              -0      6.22013994
      1.96334765              -2      1.38572293
      2.07446841              -0      5.81801304
      1.68461373              -2      3.58616768
      2.29909984              -9     0.990189169
      1.77381886              -7      3.14635376
      2.26296844              -5      1.02357846
      1.63828035              -2      3.99726037
      1.63571936              -6      4.18808177
      1.72079584              -0      4.87474614
      2.33091268              -7      6.21025115
       1.7663783              -7      3.18216911
      2.29347814              -0      6.15951665
      2.35394616              -9     0.941754147
      1.81302807              -1      2.93282858
      2.35204806              -5     0.943389491
      1.63557048              -6       4.0846809
      1.81719386              -2      2.90484982
       1.8139148              -4      1.86334158
      2.14830577              -9      1.13969038
      1.79227001              -5      3.05315923
      1.74614196              -6      3.27740154
      1.99400665              -0      5.66480892
      1.74813271              -7      3.26809088
      1.95902596              -1      5.59129567
      2.37614645              -7      6.26934708
      2.11266745              -7      5.88442664
      1.69167521              -2      3.54632148
       1.6624143              -1      4.54247437
      1.65467285              -6      3.79323435
      1.83909912              -6       2.6771084
      2.12032982              -1      5.89733124
      1.83919809              -5      2.67488219
      2.78587714              -7       6.7276374
      1.82669881              -7      2.28023811
      1.78358341              -0      5.11970044
      1.83859467              -6      2.68774262
      1.76795153              -5      3.17465168
       1.8132378              -5      1.87279153
      1.89503991              -5      1.52063618
      1.68102564              -2      4.66896906
      2.12396444              -9      1.16688577
      1.66491272              -4      3.71227123
      1.85841799              -7      5.34739173
      1.72163635              -4      3.39328626
      2.83970438              -4     0.583186282
      1.65250538              -6       4.4575863
      1.83006333              -5      2.32357141
      1.63785476              -2      4.00686688
       1.7273949              -7      4.90399203
      2.89582748              -5     0.546633049
      1.69270517              -1      3.54067185
       1.8175694              -5      2.90222965
      1.83748801              -9      2.70801105
      2.61543753              -7     0.737106002
      1.83856034              -9      1.69602266
      1.66588683              -2      3.70530042
      2.25378138              -1       6.1037005
      2.19805411              -4      6.02137706
      1.67026698              -6      4.59965665
      1.73694876              -6       3.3204766
      1.63519427              -7      4.12738685
      1.82000687              -5      2.19512039
      1.67574914              -4      3.63958219
      2.71134749              -2     0.669511662
      2.19077686              -0      6.01024869
      2.78886553              -4      6.73060967
      2.23196885              -0      6.07206292
       2.4533875              -4      6.36536671
      1.81859494              -4      2.17616743
      1.81736424              -7      1.82517672
      1.77350989              -2       3.1478556
       1.8167011              -2      2.14937952
      1.81329289              -4      2.09349249
      1.65327845              -2      4.46492903
      2.25349996              -9      1.03254732
      1.82515176              -9      2.26075721
      1.84111088              -7      2.60802349
      1.98101204              -7      5.63805531
      2.11022818              -9      1.18273017
      1.85152401              -5      1.64480637
      1.74828899              -6      3.26735989
      1.69571842              -7       3.5243515
      1.83596504              -6      2.73153461
      1.71924462              -1      4.86771479
      1.66123581              -0      4.53325247
      1.65516808              -6      3.78891311
      1.91676852              -0      5.49548149
      1.92643162              -5      1.45301964
      1.89300711              -5      1.52547533
      1.69304256              -1      4.73785766
      1.83695489              -1      2.42728899
      1.75201682              -0      3.24991571
      1.66344989              -1      4.55042374
      1.79102536              -2      5.14483514
      1.73135514              -7      3.34685632
      2.02932864              -1      5.73453285
      1.69021426              -1      4.72230036
      2.18039202              -9      1.10537469
      1.81114801              -9      1.91160267
      1.82225602              -5      2.22422315
      2.05938322              -5      1.24506347
      1.96635837              -2      5.60710756
       1.9399668              -0      5.54911201
        1.644881              -4      4.37434111
        2.056111              -0      5.78476373
      1.79781946              -0      5.16722548
      1.89453594              -4      1.52182967
      1.65680746              -7      3.77495929
      1.70874759              -6      3.45674377
      2.37894412              -7      6.27292837
      1.82059728              -6      2.88040019
      1.82621561              -1      2.83565419
      1.74281256              -0      4.96856939
      1.83003768              -4      1.73748829
      1.82406483              -1      2.85356113
      2.30299485              -0      6.17258168
      1.64670872              -0      3.87191395
      1.64318259              -1      3.91540769
      1.87461697              -4       1.5727379
      1.89910421              -0      5.45278727
      1.81852323              -9      2.17518535
       2.5173992              -0      6.44090226
      2.45327881              -4     0.859650674
      1.81522713              -2      2.12686402
      1.75453124              -7      3.23813247
      1.86387447              -9      1.60402217
      1.81703777              -7      2.15428873
      2.12935208              -7      5.91235855
      1.63673599              -4      4.03664866
      1.74823735              -6      3.26760143
      1.81319985              -9      2.09172202
      1.82742111              -9       2.8250942
       1.8391354              -1      2.67629836
       1.9931015              -0      5.66296559
      1.82455665              -5      2.25327993
      1.83775206              -9       1.6996225
      1.65804917              -0      3.76472027
      1.82229726              -9      2.22474834
      1.65420619              -4      4.47354613
      1.81333163              -9      2.09422387
      1.92498334              -9      1.45589169
      1.63520174              -5      4.14012851
      1.88617874              -0      5.42043106
      1.89926446              -5      1.51078709
      1.83663796              -5      2.42155829
       1.8411179              -1       2.6074981
      1.90465956              -7      1.49858908
      1.65859341              -2      3.76031507
      2.16603756              -9      1.12052539
       1.6526271              -0      3.81166747
      1.97217847              -9      1.37102641
      1.64196746              -4      4.33419539
      1.70140288              -2      4.78186282
      1.75622029              -4      5.02107564
      1.77052918              -1      3.16227453
      2.21680501              -0      6.04963365
      1.64016233              -6      3.96114521
      2.44988487              -9     0.862353871
      1.66592097              -5      3.70505789
      1.74374752              -4      3.28860278
      1.65207494              -0        3.816818
      1.64386335              -0       4.3610865
      1.83545913              -2      2.40148752
      1.72981374              -4      3.35416234
      1.63596355              -6      4.19983641
      1.83883968              -9      2.46594066
      1.94343518              -1      5.55690931
      2.06080357              -4       5.7933507
      1.81831598              -4      5.23183844
      2.01187477              -0       5.7006041
      1.63753072              -7      4.25029807
      1.82312264              -4      2.86107898
      1.75957496              -1      5.03374651
      1.76019898              -6      3.21147585
      1.63561774              -0       4.0818261
      2.13925618              -0      5.92865227
      1.88251856              -7      5.41108653
      1.83110537              -7      2.78976757
      1.63570014              -7      4.07720485
      1.70071112              -1      4.77832512
      2.59933764              -7     0.748765344
      1.64101868              -7      3.94703046
      2.72640548              -4     0.659160762
      1.65171934              -7       4.4499583
      1.95895506              -9      1.39321085
      1.71334353              -4      3.43380378
      1.91878922              -7      1.46841351
      1.81584809              -2      2.13657666
      1.72808067              -6      4.90697212
      1.71382962              -0      3.43139974
       1.8170581              -5      2.15458289
      1.63664863              -7      4.03937813
      1.81480666              -5      1.85213913
      1.74861943              -0      3.26581433
      1.81021696              -1      1.94304383
      1.73551937              -0      4.93863196
      1.81171987              -4      5.21150091
      1.64170975              -4      3.93637859
      1.82993091              -4       2.8016101
       1.8328925              -2      2.77039321
      2.67674579              -4      6.61611597
      1.84113519              -9       1.6849277
      1.65653585              -0      3.77723561
      2.34151778              -1      6.22431421
      1.80562252              -2      2.97868138
      1.92944976              -5      1.44709899
      1.84941233              -4      1.65245036
      1.82393837              -2        2.245505
      2.48766545              -7      6.40623328
       1.9873399              -9      1.34680672
       1.8403719              -2      2.64275063
      1.85138424              -5      1.64530534
      1.69382901              -7      4.74211963
      1.83590747              -2      2.73235277
      1.82744004              -9      1.75207554
      1.83294984              -9      1.72235676
      2.00012716              -5      1.32726565
      1.81925511              -1      2.18511454
      1.90805152              -0      5.47462442
      1.81654323              -9      2.14705133
      2.29661911              -7      6.16384172
      1.98210583              -0      5.64033166
