10 1
0.17120187
1 -1 1 1
         5.287254197 
    1.06383523640898 
0.13606812
1 -1 1 1
          4.29803415 
    1.73356902446077 
0.10676437
1 -1 1 1
         3.159039044 
    1.67252005016789 
0
1 -1 1 1
                   0 
                   0 
0.14772906
1 -1 1 1
         3.879354827 
    1.96179000037009 
0.095503693
1 -1 1 1
         2.338471493 
    1.19987601375547 
0.074958611
1 -1 1 1
         3.877754477 
   0.795869681363871 
0.14589858
1 -1 1 1
          4.00733053 
    1.90491570814817 
0
1 -1 1 1
                   0 
                   0 
0.1218757
1 -1 1 1
         1.594354947 
   0.668073184084988 
