 0.50614 3.00504e-03
 0.51841 0.00000e+00
 0.53068 2.87437e-03
 0.54295 5.40208e-03
 0.55522 2.63306e-03
 0.56750 2.58007e-03
 0.57977 7.47037e-03
 0.59204 2.38716e-03
 0.60431 2.35706e-03
 0.61658 2.27960e-03
 0.62885 6.53996e-03
 0.64113 2.14233e-03
 0.65340 2.02996e-03
 0.66567 5.97036e-03
 0.67794 3.90169e-03
 0.69021 5.65530e-03
 0.70249 1.83170e-03
 0.71476 3.52903e-03
 0.72703 0.00000e+00
 0.73930 3.33591e-03
 0.75157 1.63369e-03
 0.76385 3.19402e-03
 0.77612 0.00000e+00
 0.78839 3.00554e-03
 0.80066 0.00000e+00
 0.81293 2.87792e-03
 0.82520 4.23755e-03
 0.83748 2.76463e-03
 0.84975 0.00000e+00
 0.86202 0.00000e+00
 0.87429 0.00000e+00
 0.88656 1.26666e-03
 0.89884 3.71766e-03
 0.91111 1.19880e-03
 0.92338 1.18000e-03
 0.93565 0.00000e+00
 0.94792 1.14656e-03
 0.96020 1.10969e-03
 0.97247 5.47111e-03
 0.98474 2.15930e-03
 0.99701 3.19978e-03
 1.00928 1.04029e-03
 1.02155 0.00000e+00
 1.03383 0.00000e+00
 1.04610 1.99597e-03
 1.05837 1.94767e-03
 1.07064 2.89546e-03
 1.08291 9.57007e-04
 1.09519 0.00000e+00
 1.10746 1.85430e-03
 1.11973 3.65899e-03
 1.13200 9.07771e-04
 1.14427 1.78452e-03
 1.15655 2.65154e-03
 1.16882 1.75443e-03
 1.18109 8.63948e-04
 1.19336 2.56753e-03
 1.20563 1.70095e-03
 1.21790 0.00000e+00
 1.23018 8.31797e-04
 1.24245 4.95639e-03
 1.25472 0.00000e+00
 1.26699 2.43724e-03
 1.27926 1.61522e-03
 1.29154 8.01026e-04
 1.30381 7.98381e-04
 1.31608 1.58655e-03
 1.32835 0.00000e+00
 1.34062 2.35637e-03
 1.35290 1.56340e-03
 1.36517 3.11168e-03
 1.37744 7.75224e-04
 1.38971 1.54538e-03
 1.40198 7.71015e-04
 1.41425 2.30507e-03
 1.42653 2.30064e-03
 1.43880 3.05862e-03
 1.45107 2.29044e-03
 1.46334 3.05024e-03
 1.47561 7.62033e-04
 1.48789 1.52296e-03
 1.50016 1.52260e-03
 1.51243 7.61382e-04
 1.52470 2.28480e-03
 1.53697 7.62124e-04
 1.54925 7.62603e-04
 1.56152 0.00000e+00
 1.57379 3.06072e-03
 1.58606 1.53300e-03
 1.59833 2.30306e-03
 1.61060 3.84923e-03
 1.62288 7.72168e-04
 1.63515 2.32354e-03
 1.64742 2.32805e-03
 1.65969 7.78737e-04
 1.67196 4.69068e-03
 1.68424 3.14014e-03
 1.69651 7.87829e-04
 1.70878 7.90669e-04
 1.72105 7.94199e-04
 1.73332 3.19061e-03
 1.74560 2.40374e-03
 1.75787 8.07023e-04
 1.77014 2.42385e-03
 1.78241 8.14555e-04
 1.79468 3.26985e-03
 1.80695 1.64751e-03
 1.81923 1.65490e-03
 1.83150 2.49232e-03
 1.84377 0.00000e+00
 1.85604 8.41530e-04
 1.86831 8.45960e-04
 1.88059 2.54875e-03
 1.89286 1.70929e-03
 1.90513 3.43841e-03
 1.91740 2.58997e-03
 1.92967 3.47185e-03
 1.94195 8.75848e-04
 1.95422 1.75584e-03
 1.96649 2.65245e-03
 1.97876 2.66743e-03
 1.99103 2.68062e-03
 2.00330 3.59160e-03
 2.01558 0.00000e+00
 2.02785 9.09173e-04
 2.04012 3.65392e-03
 2.05239 0.00000e+00
 2.06466 2.76488e-03
 2.07694 2.77880e-03
 2.08921 2.79282e-03
 2.10148 1.87067e-03
 2.11375 0.00000e+00
 2.12602 1.88768e-03
 2.13830 1.89331e-03
 2.15057 1.90136e-03
 2.16284 1.90995e-03
 2.17511 1.91489e-03
 2.18738 3.84595e-03
 2.19965 4.82212e-03
 2.21193 2.90228e-03
 2.22420 1.94160e-03
 2.23647 1.94485e-03
 2.24874 2.92640e-03
 2.26101 5.86901e-03
 2.27329 2.94105e-03
 2.28556 2.94568e-03
 2.29783 9.83080e-04
 2.31010 9.85259e-04
 2.32237 9.87784e-04
 2.33465 1.97791e-03
 2.34692 9.89367e-04
 2.35919 1.98181e-03
 2.37146 2.97481e-03
 2.38373 0.00000e+00
 2.39600 9.93456e-04
 2.40828 9.93895e-04
 2.42055 0.00000e+00
 2.43282 9.94356e-04
 2.44509 2.98325e-03
 2.45736 9.94268e-04
 2.46964 1.98828e-03
 2.48191 1.98777e-03
 2.49418 0.00000e+00
 2.50645 0.00000e+00
 2.51872 2.97590e-03
 2.53100 3.96576e-03
 2.54327 9.90796e-04
 2.55554 0.00000e+00
 2.56781 3.95365e-03
 2.58008 9.87475e-04
 2.59235 9.86436e-04
 2.60463 2.95511e-03
 2.61690 1.96672e-03
 2.62917 9.81595e-04
 2.64144 2.94187e-03
 2.65371 1.95726e-03
 2.66599 2.93210e-03
 2.67826 0.00000e+00
 2.69053 3.89599e-03
 2.70280 9.72017e-04
 2.71507 2.91130e-03
 2.72735 2.90806e-03
 2.73962 2.90276e-03
 2.75189 9.65601e-04
 2.76416 1.92842e-03
 2.77643 4.81093e-03
 2.78870 1.92085e-03
 2.80098 0.00000e+00
 2.81325 9.57718e-04
 2.82552 1.91111e-03
 2.83779 9.53494e-04
 2.85006 2.85415e-03
 2.86234 1.89923e-03
 2.87461 2.84395e-03
 2.88688 9.46065e-04
 2.89915 9.45164e-04
 2.91142 0.00000e+00
 2.92370 9.41309e-04
 2.93597 1.88016e-03
 2.94824 1.87691e-03
 2.96051 3.74831e-03
 2.97278 3.73988e-03
 2.98505 0.00000e+00
 2.99733 9.32313e-04
 3.00960 1.86139e-03
 3.02187 1.85875e-03
 3.03414 2.78482e-03
 3.04641 0.00000e+00
 3.05869 2.77635e-03
 3.07096 1.84898e-03
 3.08323 9.22849e-04
 3.09550 1.84302e-03
 3.10777 1.84025e-03
 3.12005 9.19058e-04
 3.13232 5.50906e-03
 3.14459 0.00000e+00
 3.15686 2.74837e-03
 3.16913 1.83114e-03
 3.18140 9.14605e-04
 3.19368 0.00000e+00
 3.20595 2.73876e-03
 3.21822 2.73653e-03
 3.23049 1.82315e-03
 3.24276 2.73225e-03
 3.25504 3.64109e-03
 3.26731 2.72945e-03
 3.27958 2.72762e-03
 3.29185 9.08611e-04
 3.30412 2.72483e-03
 3.31640 1.81567e-03
 3.32867 9.07651e-04
 3.34094 3.62899e-03
 3.35321 2.72074e-03
 3.36548 1.81345e-03
 3.37775 9.06640e-04
 3.39003 2.71949e-03
 3.40230 1.81289e-03
 3.41457 2.71930e-03
 3.42684 1.81294e-03
 3.43911 0.00000e+00
 3.45139 0.00000e+00
 3.46366 2.72052e-03
 3.47593 9.06958e-04
 3.48820 9.07325e-04
 3.50047 9.07700e-04
 3.51275 2.72395e-03
 3.52502 9.08420e-04
 3.53729 9.08880e-04
 3.54956 1.81855e-03
 3.56183 2.72984e-03
 3.57410 3.64197e-03
 3.58638 1.82222e-03
 3.59865 3.64706e-03
 3.61092 0.00000e+00
 3.62319 2.73905e-03
 3.63546 9.14144e-04
 3.64774 0.00000e+00
 3.66001 9.15832e-04
 3.67228 3.66695e-03
 3.68455 1.83529e-03
 3.69682 9.19041e-04
 3.70910 1.83965e-03
 3.72137 9.20567e-04
 3.73364 9.22603e-04
 3.74591 2.77071e-03
 3.75818 0.00000e+00
 3.77045 4.63136e-03
 3.78273 9.27049e-04
 3.79500 1.85669e-03
 3.80727 0.00000e+00
 3.81954 4.65626e-03
 3.83181 9.33566e-04
 3.84409 2.80405e-03
 3.85636 4.67856e-03
 3.86863 1.87533e-03
 3.88090 1.87835e-03
 3.89317 2.82400e-03
 3.90545 0.00000e+00
 3.91772 3.77966e-03
 3.92999 1.89082e-03
 3.94226 9.48205e-04
 3.95453 9.49080e-04
 3.96680 1.90286e-03
 3.97908 1.90696e-03
 3.99135 2.86652e-03
 4.00362 0.00000e+00
 4.01589 2.87662e-03
 4.02816 2.88256e-03
 4.04044 2.88931e-03
 4.05271 0.00000e+00
 4.06498 2.89776e-03
 4.07725 9.68623e-04
 4.08952 3.88148e-03
 4.10180 1.94463e-03
 4.11407 2.92284e-03
 4.12634 1.95341e-03
 4.13861 2.93523e-03
 4.15088 1.95950e-03
 4.16315 9.81473e-04
 4.17543 3.93623e-03
 4.18770 3.94381e-03
 4.19997 1.97644e-03
 4.21224 9.89730e-04
 4.22451 9.92150e-04
 4.23679 1.98683e-03
 4.24906 9.94401e-04
 4.26133 9.96082e-04
 4.27360 1.99722e-03
 4.28587 2.00034e-03
 4.29815 0.00000e+00
 4.31042 1.00400e-03
 4.32269 1.00468e-03
 4.33496 2.01209e-03
 4.34723 0.00000e+00
 4.35950 4.03722e-03
 4.37178 3.03186e-03
 4.38405 1.01201e-03
 4.39632 1.01272e-03
 4.40859 1.01354e-03
 4.42086 0.00000e+00
 4.43314 0.00000e+00
 4.44541 0.00000e+00
 4.45768 2.03398e-03
 4.46995 1.01765e-03
 4.48222 5.08937e-03
 4.49450 1.01812e-03
 4.50677 1.01858e-03
 4.51904 3.05604e-03
 4.53131 8.14962e-03
 4.54358 2.03727e-03
 4.55585 2.03689e-03
 4.56813 3.05412e-03
 4.58040 1.01780e-03
 4.59267 4.06826e-03
 4.60494 1.01648e-03
 4.61721 3.04728e-03
 4.62949 2.02961e-03
 4.64176 3.04018e-03
 4.65403 3.03701e-03
 4.66630 1.01141e-03
 4.67857 3.02885e-03
 4.69085 0.00000e+00
 4.70312 3.01980e-03
 4.71539 1.00539e-03
 4.72766 2.00553e-03
 4.73993 1.00138e-03
 4.75220 1.99906e-03
 4.76448 9.95068e-04
 4.77675 9.94015e-04
 4.78902 1.98310e-03
 4.80129 2.96498e-03
 4.81356 9.87216e-04
 4.82584 3.93228e-03
 4.83811 0.00000e+00
 4.85038 3.90801e-03
 4.86265 9.73394e-04
 4.87492 9.72080e-04
 4.88720 6.77362e-03
 4.89947 3.85827e-03
 4.91174 9.61723e-04
 4.92401 9.55734e-04
 4.93628 2.85998e-03
 4.94855 0.00000e+00
 4.96083 2.83711e-03
 4.97310 2.82465e-03
 4.98537 9.37409e-04
 4.99764 2.80192e-03
 5.00991 1.85972e-03
 5.02219 1.84958e-03
 5.03446 2.77061e-03
 5.04673 3.67463e-03
 5.05900 2.74178e-03
 5.07127 1.82278e-03
 5.08355 2.71907e-03
 5.09582 2.70384e-03
 5.10809 2.69344e-03
 5.12036 4.47520e-03
 5.13263 1.78059e-03
 5.14490 2.65513e-03
 5.15718 0.00000e+00
 5.16945 8.77566e-04
 5.18172 6.99248e-03
 5.19399 1.74286e-03
 5.20626 2.60126e-03
 5.21854 2.58553e-03
 5.23081 1.71730e-03
 5.24308 0.00000e+00
 5.25535 1.70561e-03
 5.26762 2.54579e-03
 5.27990 8.46904e-04
 5.29217 4.21084e-03
 5.30444 8.40311e-04
 5.31671 1.66986e-03
 5.32898 2.49852e-03
 5.34125 8.28876e-04
 5.35353 1.65352e-03
 5.36580 0.00000e+00
 5.37807 8.20764e-04
 5.39034 8.20162e-04
 5.40261 0.00000e+00
 5.41489 2.44322e-03
 5.42716 4.06235e-03
 5.43943 8.09789e-04
 5.45170 8.08852e-04
 5.46397 1.61373e-03
 5.47625 4.83207e-03
 5.48852 3.21306e-03
 5.50079 2.40700e-03
 5.51306 0.00000e+00
 5.52533 2.39933e-03
 5.53760 4.79522e-03
 5.54988 2.39454e-03
 5.56215 1.59534e-03
 5.57442 0.00000e+00
 5.58669 0.00000e+00
 5.59896 2.39030e-03
 5.61124 3.18723e-03
 5.62351 1.59375e-03
 5.63578 2.39217e-03
 5.64805 7.97598e-04
 5.66032 1.59660e-03
 5.67260 1.59874e-03
 5.68487 0.00000e+00
 5.69714 1.60414e-03
 5.70941 0.00000e+00
 5.72168 3.21974e-03
 5.73395 1.61416e-03
 5.74623 5.66054e-03
 5.75850 3.24441e-03
 5.77077 4.06464e-03
 5.78304 1.63185e-03
 5.79531 0.00000e+00
 5.80759 0.00000e+00
 5.81986 2.47797e-03
 5.83213 2.49009e-03
 5.84440 0.00000e+00
 5.85667 3.34515e-03
 5.86895 0.00000e+00
 5.88122 8.45089e-04
 5.89349 0.00000e+00
 5.90576 8.55914e-04
 5.91803 1.71857e-03
 5.93030 1.73127e-03
 5.94258 8.70070e-04
 5.95485 0.00000e+00
 5.96712 2.65187e-03
 5.97939 1.78184e-03
 5.99166 1.79540e-03
 6.00394 9.03330e-04
 6.01621 3.65521e-03
 6.02848 1.84735e-03
 6.04075 1.85406e-03
 6.05302 0.00000e+00
 6.06530 0.00000e+00
 6.07757 9.60186e-04
 6.08984 0.00000e+00
 6.10211 1.96151e-03
 6.11438 2.96576e-03
 6.12665 9.95568e-04
 6.13893 3.01884e-03
 6.15120 0.00000e+00
 6.16347 3.11186e-03
 6.17574 2.09261e-03
 6.18801 2.11365e-03
 6.20029 2.14560e-03
 6.21256 1.08505e-03
 6.22483 4.39538e-03
 6.23710 3.35466e-03
 6.24937 3.40349e-03
 6.26165 3.44555e-03
 6.27392 1.16493e-03
 6.28619 2.37001e-03
 6.29846 1.20446e-03
 6.31073 2.44004e-03
 6.32300 3.72069e-03
 6.33528 0.00000e+00
 6.34755 1.27087e-03
 6.35982 1.30578e-03
 6.37209 0.00000e+00
 6.38436 4.03205e-03
 6.39664 0.00000e+00
 6.40891 1.40576e-03
 6.42118 1.42817e-03
 6.43345 0.00000e+00
 6.44572 0.00000e+00
 6.45800 3.00420e-03
 6.47027 3.04773e-03
 6.48254 4.69805e-03
 6.49481 1.60633e-03
 6.50708 0.00000e+00
 6.51935 1.65716e-03
 6.53163 1.71197e-03
 6.54390 0.00000e+00
 6.55617 5.34492e-03
 6.56844 0.00000e+00
 6.58071 0.00000e+00
 6.59299 1.91300e-03
 6.60526 1.93168e-03
 6.61753 0.00000e+00
 6.62980 0.00000e+00
 6.64207 2.06144e-03
 6.65435 6.40521e-03
 6.66662 2.18766e-03
 6.67889 0.00000e+00
 6.69116 2.29731e-03
 6.70343 2.34121e-03
 6.71570 2.40731e-03
 6.72798 4.98096e-03
 6.74025 0.00000e+00
 6.75252 5.20626e-03
 6.76479 8.03729e-03
 6.77706 0.00000e+00
