# npar = 1, n_ded = 0
#         weight            chi2        param[0]
#                                     alpha_topo
      1.69565539              -1       5.8237329
       1.8724014              -1      4.18956572
      1.82136672              -1      2.95578726
      1.67643184              -0      5.75731356
      1.87490025              -4      2.56386795
      1.87732044              -4      2.53311426
      2.84106609              -0      6.75018406
      1.81157891              -4      3.79047365
      1.84659381              -2      4.03093663
       1.8988145              -4      4.39739996
      1.82004189              -7      3.85629758
      1.90194121              -4      4.61393465
      1.65870675              -5       1.7278125
       1.8689758              -5      2.29118442
      1.95295956              -9     0.990876047
      1.73993124              -9      1.18188907
      1.70815154              -0      5.85706487
      1.85179202              -9       1.0695779
      1.85116989              -4      2.75303842
       2.3087817              -1      6.46631535
      1.74108926              -0      5.92756547
      1.61918292              -5      1.57901061
      1.67403487              -1      5.44960042
      2.15297327              -0      6.36149248
      1.82153832              -1      4.98716275
      1.84106866              -7      2.82022089
       1.7882939              -0      5.08155413
      1.85400813              -0      4.88304799
      1.73707258              -0      5.22392516
      1.83651061              -7      3.96800696
      1.70791254              -0       5.8564727
      1.79356669              -2      3.59441645
      1.77913689              -9      2.00383579
      1.75172606              -0      5.18233404
      1.76196213              -9      1.15647027
      1.87418372              -7      4.20103318
      1.72235246              -0       5.2675713
      1.79210034              -6         3.56877
      1.61629469              -9      1.45205167
      1.71258886              -0      5.29813342
      1.66908129              -0      5.72141117
      1.86353456              -5      2.66550223
      1.66567668              -7      5.69999522
      2.79660295              -0      6.72933981
      1.89245492              -1      4.70455058
      1.62612675              -7      1.39694937
      1.79825225              -7      3.65958542
      1.67779494              -0      5.43048785
       2.3278828              -4       6.4782222
      1.84919518              -5      2.76629239
      2.85432118              -9     0.557558023
      1.62219353              -9       1.4145604
      1.89490909              -7      4.35638694
      1.97133435              -9      0.97799693
      1.81042511              -1      3.78077923
      1.89230509              -0      6.13548164
      2.54979037              -9     0.676294534
      1.67121525              -0      5.46536938
      1.61370241              -9      1.51987884
      1.68162369              -0      5.77799908
      1.65897104              -0      5.59768819
       1.8530428              -5      2.74035619
      1.78851514              -4      3.47058626
      1.77748712              -1      5.11126884
      1.80797237              -0      5.02651829
      1.81913992              -4      3.84964908
      1.86608801              -9      2.27406717
      1.88632632              -1      4.28485158
      1.62102697              -9      1.42055231
      1.72425019              -5      1.88281812
      1.66080028              -0      5.65460686
      1.82935655              -1      3.92133341
      1.86746477              -5      2.28197932
      1.78963457              -7      3.51208731
      1.73058849              -4      5.90707043
      1.81771116              -4      3.83896055
      1.81508898              -1      3.81879039
      1.90343132              -2      4.58718316
      1.78760472              -4      5.08345525
      1.85779197              -4      2.70748219
       2.6535554              -9     0.633942042
      1.92427853              -0      6.16875463
      1.62339147              -2      1.40882469
      1.84714512              -1      4.90676142
      2.45462136              -9     0.717267285
      1.89557358              -2      4.36279726
      1.79335629              -7       3.2330005
      1.87742351              -2       2.5316127
      1.80052608              -1      3.13769432
      1.84554624              -0      6.08209051
      2.35461141              -9     0.762954298
      1.82148261              -5      2.95493472
      1.86683861              -1      6.10719606
       2.5165244              -9     0.690366212
      1.67319979              -2      5.74275507
      1.90110707              -4      4.62560339
      1.80478834              -5      2.06535486
      1.80881238              -0      6.03487502
      1.72295664              -0       5.2657291
      1.95646683              -9     0.988389675
       1.7931642              -2      5.06808199
      1.62264953              -9      1.59976045
      2.02294349              -9      0.94359476
      1.64352308              -5      1.68294151
      1.99025235              -4     0.965098783
      1.82389004              -4      2.93744102
      1.82585882              -2      3.89759361
      1.66002384              -0      5.64254716
      1.88007936              -2       2.4775396
      1.94141543              -0      6.18571076
      1.63696944              -9      1.35974767
      2.01085783              -1      6.24936316
      2.87834001              -9      0.54883675
      1.90062969              -4      4.63165766
      1.79538299              -2       3.6219909
      1.69177018              -2      1.81024645
      1.73801745              -9      1.91276977
      1.73773289              -1      5.22201842
      1.81513862              -9      1.10245133
       1.7927039              -1      3.57979014
      1.89224373              -4      4.33226519
      1.72298539              -9      1.20310731
      2.39566683              -9     0.743839614
      1.85464267              -5      2.72941276
       1.8248833              -7       4.9771915
      1.90367212              -1      4.47547974
      1.67266328              -9      1.76434626
      1.73406759              -0      5.23265057
      1.82870656              -4      4.96563457
      1.84904474              -7      2.19753525
      1.78833468              -5       3.4606996
       1.8569175              -6      4.09379114
      1.81947516              -1      3.85212879
      1.67193073              -0      5.46122599
      1.79360996              -0      5.06684522
       1.7334939              -0      5.23432577
      1.66050825              -1       5.5554189
      1.88173214              -1      6.12394888
       1.8966985              -2      4.37410701
      1.63609211              -6      1.65766421
      1.80643558              -0      5.03088705
      1.80692482              -6      3.74994456
      1.79496264              -4      3.20795829
      1.78933321              -6      3.50279346
       1.8151839              -4       3.8195341
      1.79686119              -0      6.01819766
       1.6589726              -1      5.60942769
      1.83855195              -5      2.83691538
      1.64770024              -1      1.69602185
      1.69469648              -7      1.24289965
      1.78853318              -5      3.35266409
      1.90469231              -2      4.53643645
      1.84825343              -0      4.90301245
      1.88000628              -2      2.47999825
       1.7892787              -6      3.32311067
      1.79640723              -4      3.63610077
      2.83399153              -9     0.565003619
      1.90299318              -0       4.5962191
      1.86895836              -2      4.82604356
      2.28670916              -0      6.45232865
      1.89597643              -0      4.67781502
       1.6610071              -4      5.65735347
      1.85025857              -7      2.75916802
      1.85785697              -4      4.86916702
      1.80100909              -7      3.13237165
      1.89577263              -1      4.67949837
      1.66204373              -0      5.53543355
      1.86097505              -1      2.24768779
      1.83835331              -6      4.93557322
      1.63549424              -4      1.36417849
      1.90465601              -6      4.51706834
      1.69685594              -1      5.35172142
      1.66235409              -7      5.53204055
      1.81927476              -7      3.85064776
      1.79990391              -7      3.67895512
      1.77433582              -1      1.99287879
      1.80907677              -1      3.05387648
      1.70328009              -0       5.3290296
      1.85859473              -5      2.23664027
      1.80947488              -4      3.77263169
      1.80283714              -2      3.11300541
      1.71889146              -5      1.87109791
      2.07220165              -1      6.30024046
      1.70426329              -0      5.32566613
      1.62089757              -9      1.42124557
      1.90443107              -4      4.55659571
      1.84334354              -7      4.01090913
      1.84417297              -2      4.01603835
      1.69864052              -0      5.83218439
      2.60957846              -7      6.63690892
      1.79283531              -1      3.58209688
      1.86660179              -5      2.64144185
      1.67740125              -0       5.7613993
      1.74444953              -9      1.92675713
       1.6242503              -9      1.60808658
       1.8486104              -7       4.0432789
      1.83576433              -5      2.15196063
      1.87354006              -4       4.8064897
      1.70586243              -0      5.85132861
      1.95608531              -0      6.19979603
      1.88025527              -5      2.47077522
      1.85637045              -1      2.71745345
      1.87356983              -7       2.5783587
      1.86759811              -2      2.63327205
      1.66554726              -0      5.69908048
      1.71219059              -0       5.2994159
      1.65912859              -0       5.6195656
      1.89928608              -0      4.64696194
      1.81455821              -1      3.81461182
      2.75627679              -7     0.594037015
      1.84647394              -2      2.18807202
      1.78827985              -1      3.36688712
      1.89987799              -0      4.64049312
       1.6698283              -0      5.72557981
      1.69236527              -9      1.24649005
      1.84256941              -4      2.17434679
      1.70605623              -1      5.31959852
      1.79445261              -7      3.21557642
      1.84502027              -2      4.02126439
      1.86260408              -7      4.12844802
      1.89811526              -1      4.38935552
      1.79205223              -7      3.56785879
      1.61452827              -9      1.53612889
      1.89155343              -4      4.71073803
      1.79083235              -2       3.2813709
      1.78891916              -6      3.48820791
      1.86664323              -0       6.1069721
      1.90408272              -4      4.57003653
      1.85048601              -1      4.89537012
      1.77949333              -0      5.10576352
      1.79309485              -9       2.0365748
       1.8509092              -4      4.89390728
      2.33412027              -2      6.48207228
      1.65902023              -0        5.613665
      2.86627187              -0       6.7618308
      2.17726219              -0      6.37886579
      1.85628003              -9      2.22647415
      1.98231268              -9     0.970469167
      1.87785746              -1      2.52503619
      1.88055988              -4      4.24351477
      1.61468573              -9      1.46916792
      2.01150926              -0      6.24992709
      1.79189435              -1      3.56483116
      1.81802976              -5      2.10006946
      1.77815667              -7      5.10943177
      1.87484777              -0      6.11628185
      1.79536975              -1      3.20206733
      1.76933009              -0      5.97656234
      1.86443501              -7       4.1396913
      1.85674397              -6      4.09273717
      1.90400763              -6      4.48515561
      1.85989378              -2      4.11189325
      1.76570212              -1      5.97067741
      1.79656833              -9      1.12033517
      1.89880816              -6      4.65192393
      1.85412631              -7      4.88262853
      1.63237837              -9      1.64371646
      1.85529236              -4      4.08392314
      1.80174937              -4       3.6991576
       1.7845063              -0      6.00012225
      1.85959919              -2      2.69459917
      1.61383222              -9      1.48377638
      1.65356094              -9      1.31758418
      1.87725728              -5      2.36020143
      1.86090113              -7      4.11803607
      1.83624547              -1       2.8522881
       1.6134715              -9      1.49638574
      1.77721099              -9       1.9994246
      1.86004374              -9      1.06255847
       1.8717982              -1      6.11284391
      1.68865481              -7      5.38296466
      1.67942366              -0      5.76957465
      1.83674406              -5      2.84895711
      1.99928166              -0      6.23924838
      1.85281895              -0      4.88724661
      1.89838064              -6      4.65619012
      1.86260232              -1      4.12843724
      1.90470729              -2       4.5260634
      1.83479774              -7       2.8619899
      1.79404001              -1      3.60197514
      1.83025177              -7      3.92730079
      1.63367557              -9      1.36986153
      1.76060561              -0      5.96222663
      1.70547442              -0      5.32155836
      1.66602645              -0      5.49958652
      1.78139038              -0      5.10055471
      2.94200916              -5     0.526095467
      1.61721735              -9      1.44450195
      1.69326074              -9      1.24510427
      1.67735384              -0      5.43263742
      1.88981375              -1      4.72209925
      1.83968492              -7      2.16464206
      1.84684919              -5      2.78192626
      1.86482011              -2      2.26712297
       1.7178603              -0      5.87994128
      1.68264964              -7       1.7887856
      1.85400542              -0       4.8830576
       1.7688819              -0      5.13488063
      2.46218249              -0      6.55741799
      1.80667552              -4      2.07014712
      1.66220221              -9      1.73728831
      1.75361125              -5      1.94676325
      1.74769987              -0      5.19362956
       1.8204652              -2      3.85939279
      1.79157915              -7      3.26542734
      1.87114761              -4      2.60217645
      1.83795448              -7      3.97718465
      1.85110295              -1      2.20539198
      1.77625718              -9      1.99724801
      1.86416222              -0      4.13801246
      2.57170485              -9     0.667161651
      1.79675189              -5      2.04542111
      1.85871137              -0      4.10469475
      1.84966802              -5       2.1998867
      1.66202903              -0      5.53559827
      1.67938276              -0      5.76941367
      2.06749628              -9     0.915701312
      1.80220715              -9      2.05887217
      1.61806589              -9      1.57111352
      1.79435122              -6      3.21712482
      1.78793298              -2      3.40937769
      1.61635538              -5      1.45151984
      1.79691136              -4      3.18105576
      1.61825523              -7      1.57251086
      1.77629239              -9      1.14101078
      1.85533266              -4        2.724656
      1.78816463              -4      3.37511933
      1.79621372              -2      1.12068591
      1.63901411              -9      1.35384197
      1.63971648              -7      1.67036446
      1.87084364              -5      2.60498906
      1.86689268              -5      2.27864092
      1.90412913              -0       4.4892015
      1.78952854              -4      3.31519193
      2.64806636              -9     0.636128104
      1.81935102              -1      2.97078322
      2.29612836              -9     0.791148796
      1.78801164              -2      3.39043579
      1.70763831              -0      5.85579133
      2.25937254              -9      0.80951126
      1.74415177              -9      1.92610891
      1.81247589              -5      3.02488414
      1.80097883              -1      3.13270245
      1.76188436              -9       1.1565563
      1.79353493              -4      3.59389842
      1.97209297              -9     0.977472841
      1.88570572              -4      4.74652468
      1.73574245              -0       5.9173168
      1.74979979              -0      5.18772787
      1.90470568              -7      4.53316884
      1.87488197              -5      2.33532415
      1.79598188              -5      2.04354769
      1.87130114              -2      2.60074291
      2.05146951              -0      6.28352191
      1.87717968              -7       4.7899713
      2.54456547              -7      6.60267651
      1.67361113              -9      1.27771563
      1.67519263              -0      5.44351223
      1.87771181              -5      2.52729266
      1.66021692              -0      5.56018918
      1.87090309              -0      4.18003006
      1.73767327              -0      5.22219044
      1.61355368              -9      1.51475583
       1.8472079              -7      2.77954186
      1.83307073              -4       2.8736318
      1.64474923              -9      1.68685245
      1.67478941              -0      5.75011008
      1.66198498              -0      5.53609396
      1.89443767              -0      6.13777381
      1.89016386              -0      4.31481557
      1.65906639              -0      5.61651251
       1.7922373              -6      3.25266788
      1.66077325              -0      5.55144521
      1.79688688              -5      2.04575014
      1.86371574              -7      4.84705551
      1.82982275              -1      3.92444618
       1.6736534              -0      5.74489587
      1.78291528              -0      5.09636473
      1.82155263              -5      3.86727391
      1.69665242              -9      1.82147488
      1.75239636              -0      5.18046126
      1.73217292              -9      1.19140108
      1.85313481              -1      4.88613532
      1.73329051              -0      5.91248954
      1.76519975              -4       1.9723511
      1.85161924              -7      4.06161227
      1.81895324              -0      4.99478789
      1.63105885              -5      1.63847992
      1.84907196              -1      4.04609679
       1.6792191              -9      1.26789156
      1.79487075              -2      3.20931055
      1.66929029              -0      5.47709806
      1.62098413              -9      1.59035397
      1.86660276              -6      2.64143402
      1.69995089              -9      1.82897651
      2.23576392              -9      0.82159263
      1.96911753              -9       0.9795318
      1.81125201              -9      2.08196911
      1.81199093              -4      3.02891332
      1.89752247              -4      4.66432758
      1.75418507              -9      1.16519651
       1.8592822              -9      1.06320096
      1.81585264              -7      2.09417131
      1.80799684              -0      5.02644861
      1.84297254              -4      2.80761769
      1.78943577              -6      3.31805506
      1.87585066              -4      4.21189859
      1.85319518              -7      2.21366633
       1.7206963              -0      5.27264771
      1.68675549              -9      1.79853357
      1.80296689              -6      3.71179994
      1.89055377              -0      6.13359089
      1.66871566              -1      5.71931238
      1.79007886              -7      3.29968445
      1.85338812              -5      2.73800354
      1.79214684              -7      3.25436181
      1.67289029              -2      1.76491512
        1.801714              -0         5.04422
      2.42381707              -0      6.53553591
      1.70041683              -0      5.83705403
      1.90292744              -7      4.59746766
      1.78834972              -4      3.46159909
      1.71514124              -0      5.28998661
      1.72124458              -5      1.87625141
      1.76318485              -0      5.15055237
      1.82815231              -9      2.12873357
      1.69281919              -9      1.81267263
      1.61515584              -5      1.54445264
      1.82390516              -4      3.88400277
      1.61341918              -4      1.50282543
      1.88123019              -2       4.7703021
      1.61387581              -9      1.52433938
      2.98646476              -9     0.510523494
      1.76436487              -7      5.14730149
      1.83814476              -0      4.93623871
      1.78941112              -9       1.1274863
      1.66513032              -9      1.74504361
      1.67919713              -0      5.42379548
      1.93187017              -4      6.17633598
      1.66431237              -9      1.29514975
      1.63133108              -1       1.6395739
      1.80764825              -1      3.06664665
      1.90400268              -0      4.48499845
      1.89215896              -4      4.33153324
      1.65562149              -9      1.31305702
      1.86984926              -6      4.17337363
      1.87910721              -2      4.23359658
      1.92120432              -0      6.16565177
      1.79332602              -4      3.59045405
      1.90468413              -7      4.53783815
       1.6155911              -5      1.45869584
      1.88545471              -5      1.04169775
      2.84470978              -0      6.75187511
      1.76003561              -5      1.96089781
      2.29932585              -0      6.46035403
      1.78956838              -1      3.51012122
      1.85168773              -4      4.06202877
      1.69848999              -0      5.34582228
      1.87803409              -4      2.52222555
      1.90458688              -7      4.51090032
      1.79170787              -6      3.26284794
      1.63883128              -9       1.6673342
      1.92567144              -9      1.01070659
       1.8574856              -7       4.0972425
      1.80174204              -7      5.04414118
      1.80920738              -7      2.07665084
      1.82236729              -7      2.94845952
      1.84035365              -6      2.82495812
      2.20522798              -9     0.837577909
      1.79004155              -1       3.3006683
      1.89682648              -6      4.37543468
      1.89669266              -1      4.37404663
      2.10601342              -9     0.892729493
      1.66880233              -0      5.48022609
      1.83308355              -5      2.87354505
      1.67648081              -0      5.75752275
       1.8463465              -9      2.18761225
      1.86447889              -9      2.26530457
      1.90471015              -7       4.5276313
       1.8362545              -1      3.96637165
      1.90384573              -1       4.4802599
      1.72555701              -7      5.25785649
       1.7642537              -9        1.153946
      1.82569024              -6      2.92460349
      1.67314789              -0      5.74250788
      1.79406444              -7       3.6023574
       1.8041596              -2      3.09966654
      1.81182702              -4      3.03028264
       1.6780359              -9       1.2699259
      1.80076631              -2      3.13503533
      1.85119723              -7      4.05904534
      1.86941018              -7      4.82416903
      1.87525844              -4      2.33883823
      1.88635951              -7      4.28510077
      1.79095459              -9      2.03145493
      1.66333629              -9      1.74031063
      1.80588439              -2      3.08298529
      1.77005952              -5      1.98322294
      1.80655261              -1       5.0305549
      1.64076913              -9      1.34896879
      1.79382671              -2      3.22533202
      1.81830553              -4      2.97869592
      1.86478029              -9      2.26690971
       1.8082787              -9      2.07425506
       1.8120645              -2      3.79449256
      1.82734869              -0      4.96975983
       1.6597035              -0      5.63626324
      1.72543681              -9      1.19993393
      1.67694191              -0      5.75947777
      1.64516004              -2      1.68814893
      1.80608148              -2      3.74214552
      1.78886316              -2      3.33811986
      2.65155596              -0      6.65839058
      1.98048579              -0      6.22242899
      1.80767309              -1      3.06642121
      1.66000526              -0      5.56400154
       1.7958267              -0      5.06068403
      1.79146837              -1      3.55635176
      2.30606544              -0      6.46460754
      1.81530973              -1      2.09271335
      1.82943502              -7      3.92185815
      1.67831808              -0      5.76516099
      1.80689996              -7      5.02956852
      1.82072745              -1      2.96050809
      1.62834981              -9      1.38825466
      1.84751421              -5      2.19185723
      2.35400366              -9     0.763241282
      1.79425886              -0      6.01446482
      1.82487354              -2      2.93040366
      1.81394034              -4      3.01290909
      1.85215212              -9      2.20950288
      1.73464763              -5       1.9054475
      1.74267963              -0      5.93054465
      1.84637986              -4      2.78504341
       1.8119997              -4       6.0392015
      2.39127817              -0      6.51653318
      1.79459137              -4      5.06411975
      1.79782531              -7      3.16941138
      1.86942067              -0      4.17067733
      1.65895633              -7      5.59999192
      1.82560154              -0      4.97503396
      1.61536261              -9      1.46108609
      1.77529305              -1      5.11728762
      1.61952498              -9      1.58128068
      2.66564814              -9     0.629146108
      1.63914892              -9      1.66842653
      2.88128104              -5     0.547774358
      1.87152013              -2      4.18394637
      1.88033799              -4      2.46696007
      1.86483662              -1      2.65546744
      1.66546779              -7      5.50388915
      2.08534888              -0      6.31061422
      1.98256767              -5     0.970295745
      1.73570743              -4      1.90775036
      1.68019606              -0      5.41914898
      1.78846679              -6      3.46810807
      1.82061586              -7      2.10718884
      1.84806007              -6       4.0399159
      1.66909441              -0      5.72148574
      2.05168937              -5     0.925424971
      2.64003226              -0       6.6525394
      2.02273527              -0      6.25955974
      2.66900869              -0      6.66718806
      2.12587232              -0        6.341571
      1.81141276              -5      3.03376081
      1.84098922              -1       3.9962681
      1.79921494              -7       3.6710401
      1.99614247              -0      6.23647418
      1.66701703              -7      5.49233015
      1.87781684              -2      2.36735233
       1.9045938              -7      4.54702072
      1.90382657              -4      4.47971078
      1.85935174              -7      2.69637836
      1.75557098              -0       5.1716179
      1.81743103              -6       3.8368411
      1.61839292              -9      1.43614622
      1.74109683              -1      5.21235884
      1.86340558              -7      2.25971256
      1.90395347              -1      4.57398391
      1.66996842              -0      5.47286106
      1.80470953              -2      3.09426516
      1.62956917              -9      1.63235682
      1.82955504              -2      3.92266007
      1.80982471              -7      3.77564913
      1.80223795              -5       3.7042907
      1.79875144              -1      3.15812225
      1.87682214              -5      2.35506971
      1.83602278              -7      2.85377744
      2.24257001              -1      6.42357315
      2.79494456              -9     0.579474887
      1.62393693              -9       1.6065036
      1.85218837              -7       1.0692378
      1.66738114              -0      5.48976811
      1.82977756              -4       2.8960936
      1.61800228              -9       1.4387972
      1.62824434              -9      1.38865116
      2.23047683              -9     0.824330681
      1.78797671              -2      3.39584263
      1.88224877              -7      4.25526682
      1.88426807              -2       4.2696797
      1.88755797              -6      4.73587711
      1.79895464              -1      3.66799031
      1.95015886              -9     0.992871329
      1.62130543              -9      1.59223836
      1.78129912              -2      2.00881548
      1.75615972              -9      1.16295685
      1.78793615              -7      3.40699189
      1.63234799              -9       1.6435977
      1.77060696              -5      1.98445411
      1.78793785              -4      3.41807738
      1.90160895              -0      4.61877428
      1.90469178              -1       4.5365355
      1.87829325              -1      4.22810802
      1.87448536              -5      2.56852326
       1.8635276              -0      4.84778635
      1.71386506              -0      5.29404466
       1.7925172              -1      3.24753406
      1.78793488              -7      3.41638156
      1.66266983              -7      5.52873768
      1.70178915              -9      1.83313099
      1.97656355              -0      6.21885395
      1.79102406              -4      3.27710168
       1.9018857              -0      4.61476317
       1.6826679              -9      1.78882928
      1.84664911              -1      4.03127578
       1.8713166              -7      4.18265301
      2.56603959              -9     0.669512514
      1.65991276              -0      5.64049211
      2.02155044              -4      6.25855057
      1.67346044              -4      5.74398946
      1.61476339              -9      1.46814348
      1.88051385              -9      2.43187851
      1.77622288              -4      5.11473706
      1.82860181              -5      2.13006054
      1.85382458              -1      2.21621746
      1.90411938              -1      4.56884298
      1.69840251              -9      1.23730353
      1.86610758              -6      4.15001793
        1.801809              -9      1.11519348
      1.85920748              -0      4.86418214
      1.78891978              -4      3.33590192
       1.6797168              -1      5.42136627
      1.71413219              -1      5.29319276
      1.61775818              -5      1.44051325
      1.66222794              -0      5.67127087
       1.8059116              -9      1.11122164
      2.12255654              -9      0.88315381
       1.8030191              -4       3.1111391
      1.69481324              -4      5.82128321
      1.89580947              -1      4.36511862
      1.67842253              -0      5.42746678
      2.45347886              -5     0.717773052
      1.66312477              -6      5.52420591
      1.61627097              -9       1.4522611
      1.87388307              -5      2.32655594
      1.64571027              -9      1.33607616
      1.80233997              -0      5.04245957
      1.79506219              -6      3.61738076
      2.37701814              -9     0.752456734
      1.78972926              -5      3.51483546
      1.73050623              -9      1.89644486
      1.66100484              -9      1.30175701
      1.80055705              -7      3.68626228
      1.68792058              -0      5.38591968
      2.17982081              -0      6.38067089
      1.74571897              -5       1.9295217
      2.87456622              -0      6.76563745
      2.73684148              -1       6.7006835
      1.77566499              -1       5.1162674
      1.81516362              -1      5.00585078
      1.86301926              -1      2.25774462
      1.87403923              -4      2.57338592
      1.65906258              -0      5.61630149
      1.77334625              -0      5.12262785
      1.78823118              -1      3.37016742
      1.81945763              -4      2.96998175
      1.84726724              -9      2.19095333
      2.51639351              -9     0.690422091
      1.79012519              -6      3.52561347
      1.82116738              -2      2.95725591
      1.88286047              -9      1.04377837
      1.87835047              -2      2.51696012
      1.76389415              -2      1.96944657
      1.78795049              -7      3.42257438
      1.66632947              -0      5.49731922
      1.84040511              -6      3.99261484
      1.80814233              -1      3.06218594
      1.76803854              -9      1.14982148
      1.77657945              -0      5.98801917
      1.75752624              -9      1.95536357
       2.3601278              -0      6.49793126
      1.62421465              -4      1.60790755
       1.8454781              -1      4.02408279
      1.83863236              -0       4.9346816
      1.97271778              -9     0.977041638
      1.62032068              -7      1.42441468
       1.7995301              -4      5.05034611
        1.661629              -0      5.54023449
      1.86974821              -5       2.6148665
      1.68385165              -6      5.78610222
      1.87132333              -9      2.30684408
      1.94880866              -9     0.993836403
      1.72834021              -0      5.24952474
      1.80176846              -1      3.12418452
      2.71017205              -9     0.611719108
      1.81338488              -2      3.01741833
      2.87410306              -1      6.76542522
      1.80340909              -1      3.71627326
      1.86661679              -4      2.64132034
      1.83061324              -7      4.95980121
      1.87548398              -2      2.34100682
      1.79255723              -2      3.57717832
      1.67177142              -5      1.76210458
      1.71626601              -1      5.28643437
      1.90446694              -0      4.55480138
      1.77992618              -0      5.99318076
      1.61440924              -9       1.4731028
      2.55906151              -9     0.672417815
      1.77280283              -5      1.98940685
       1.8644424              -2      4.13973685
      2.67713449              -9     0.624615906
      1.86068852              -1       2.2463225
      2.10414011              -0      6.32515323
      1.62145121              -9      1.59308154
      1.65892608              -5      1.72841459
      1.83298952              -1      3.94530992
      1.65967494              -0      5.63564199
       1.8163638              -0      5.00236116
      1.78879531              -7      3.34086847
      1.83415189              -6      2.86633411
      1.69688062              -9      1.82199592
      1.75226238              -1      5.18083543
      1.87692708              -7      2.53866041
       1.8607775              -2      2.68605354
      1.89260105              -2      4.70352608
      1.90252354              -1      4.60466787
      1.84089817              -1      4.92738995
      1.79438383              -0      6.01464495
      1.74427735              -4      5.20330235
      1.86802564              -2      4.82987926
      1.77369534              -5      1.99142674
      1.79507749              -7       3.6176029
      2.46926433              -0      6.56139847
      1.67304437              -0      5.74201339
       1.7986255              -1      6.02070704
      2.80161238              -7     0.576987442
      1.90294396              -7      4.45870797
      1.73700929              -9      1.91057912
      1.85429438              -2      4.07786449
      1.84827995              -2      2.77240357
       1.8800324              -1       4.2398943
      2.34207761              -0      6.48695744
       1.6945323              -0      5.82045922
      1.81174426              -0      5.01572694
      1.78765249              -7      5.08332351
      1.87819553              -6      4.78517745
       1.7923555              -2      3.25048044
      1.64042948              -5      1.67277451
      1.85782648              -9      2.23320775
      1.69496096              -9      1.24249581
      1.61393992              -1      1.52576763
      1.86904291              -1      2.62103469
      1.75189783              -0      5.18185393
      1.90310136              -7      4.46200156
      1.85622903              -5      2.71843853
      1.87251688              -5      2.58905265
      1.79190836              -2      3.25891504
       1.7917021              -5       3.2629626
      1.82580211              -6       3.8972026
      1.72399554              -5      1.88226235
      1.79395251              -2      3.22333236
      1.86410312              -5      2.26332524
       1.8088706              -4       3.7673683
      1.66690405              -4      5.49313597
      1.92286473              -4      6.16733004
      1.66711166              -7      5.49165917
      2.45965111              -0      6.55599084
      1.81267215              -2      2.08569978
       1.7981102              -4      3.16588738
      1.80561789              -6      3.73778862
      1.83211581              -5      2.88010642
      1.90377328              -2      4.47821348
      2.59419161              -9     0.657898525
      1.89927205              -2      4.64711079
      1.87794426              -7       2.5236656
      1.62462446              -9      1.60994951
      1.76535817              -9      1.97270398
      2.09949043              -5     0.896551578
      1.64591607              -5      1.33556269
      2.02962846              -0      6.26539679
      2.79895147              -2     0.577979282
      1.87743203              -0      6.11917499
      1.84520926              -4      2.79280757
      1.86233683              -5      2.25432271
      1.74529949              -7      5.20040609
      1.62601634              -9      1.61664313
      1.78876249              -7      3.34223668
      1.79033585              -7      3.29312563
      1.67138776              -9      1.28174544
      1.93101118              -0      6.17548382
      1.88057217              -4      2.44083215
      1.83543234              -9      2.15091127
      2.53484867              -0      6.59745271
      1.85679965              -6      2.22871153
      1.78802943              -2      3.38814606
      1.82294053              -1      2.94429335
      1.84972962              -5      2.20012039
      1.80101095              -4      3.13235132
      1.85019924              -5      2.20190958
      1.89084008              -7      4.32037895
      1.63157108              -9      1.37678417
      1.79089774              -4      3.54415825
      1.65129818              -4      1.70679144
      1.79111416              -1      3.27514047
       2.0964429              -9     0.898346487
      1.86532724              -1      4.14519268
      1.72000633              -0      5.27477449
      1.62242834              -9      1.41340544
      1.87769615              -4      2.36574977
      2.10593952              -0      6.32652838
      2.03883763              -0      6.27310614
      1.76461544              -0      5.14661156
      1.83089882              -4      2.13692396
      1.90381725              -1      4.57778759
      1.87771325              -1      2.36597464
      1.67005446              -7      5.47233209
       1.8595565              -2      4.10983874
      1.80651305              -0      6.03172326
      2.71791476              -0      6.69144536
       1.6751803              -0      5.75185873
      1.85323598              -2      2.73904068
      1.79841963              -2      3.16211225
      1.62762108              -5      1.62395779
      1.81524669              -4      3.82002543
      1.88017098              -7      4.77559461
      1.84785652              -5      2.77522533
      1.80989097              -7      3.77621831
      1.63305831              -9      1.64635274
      1.75442158              -6      1.94854027
      1.73111151              -9      1.19272804
       1.6968516              -9      1.23962918
      1.85543216              -1      4.08477187
      1.61861067              -7      1.57506554
      1.70059221              -9      1.83042794
       1.7375198              -7       1.9116884
      2.39987669              -9     0.741908934
      1.90471078              -7      4.53037882
      1.77106313              -4      5.12889224
      1.87960821              -7      2.39789454
      1.75029146              -0      5.18634938
       1.7439471              -5      1.92566341
      1.66973846              -6      5.47428416
      2.24072862              -9     0.819032524
      1.67320594              -5      1.76570497
      1.99831451              -1      6.23839513
      1.86910941              -9      2.29202807
      1.78844159              -1      3.35737868
      1.87523089              -0      4.79893663
      1.85958382              -2      2.69470988
      1.82970706              -7      3.92367476
      1.78800526              -1      3.43285027
      1.67028205              -6      5.47094186
      1.90303348              -1      4.59544151
      1.65901433              -0       5.5936549
      1.79853825              -7      3.16067916
       1.8558885              -5      2.72080583
      1.85248717              -1      4.88841091
      2.06034994              -0      6.29073882
      1.82206747              -6      3.87097131
       1.7998331              -6      3.67815178
      2.58526521              -9     0.661562774
      1.80704006              -0      6.03244795
       2.0147221              -7      6.25270029
      1.73218839              -5       1.9001026
      1.67888865              -0      5.76745488
      1.88042529              -5       2.4621342
      1.81466679              -2      3.81546947
      1.85517277              -5      2.72576045
      1.65910387              -0      5.61842801
      1.83171652              -1      4.95640305
      1.79365429              -9      1.12322832
      1.81937072              -2      3.85135742
      1.81903042              -6      3.84883686
       1.7897842              -7      3.30770372
      1.66216816              -0      5.53405451
      2.52750697              -9     0.685692076
      1.71364092              -5      1.85954955
      1.77201667              -0      5.98085384
      1.68641829              -9      1.79773867
      1.70200693              -9      1.23198486
      1.84222963              -7      1.07787685
       1.8728717              -0      4.19257781
      1.72770114              -9      1.89034043
      1.83911891              -2       3.9845381
      1.86600096              -2      2.27358051
       1.6135297              -9      1.49322209
      1.68076177              -0      5.41655904
      2.08473041              -0      6.31013003
      1.67203557              -4      5.73709162
      1.86264662              -0      4.85118905
      1.87446358              -6      4.20284736
      1.78239532              -1      5.09779378
      2.22838909              -9     0.825415227
      2.09429211              -0      6.31757487
        1.792254              -7      3.57164622
      1.88057499              -5      2.44245147
      1.84280441              -5      2.17515284
      1.66097718              -0      5.54857534
      1.66053495              -9       1.7327998
      2.18839569              -0      6.38668691
       2.6423941              -0      6.65374141
      1.84058471              -0      3.99373912
      1.79895424              -6      3.66798557
      1.86747368              -4      4.15850015
      1.72823227              -5      1.19636031
      1.80887385              -2      3.05566731
      1.74940722              -7      5.18882937
      1.86277546              -2      2.67124777
      1.89319967              -6      4.69926221
      1.90469154              -0      4.52201544
      1.85074878              -0      4.89446236
      1.88529985              -2       4.2772187
      1.81861535              -7      2.97634085
      1.63402705              -9      1.36874288
      1.90470139              -1      4.53444934
      1.81475781              -1       3.0063421
      1.74699204              -0      5.93847398
      1.66245802              -1      5.53093774
      1.85251623              -6      4.88830904
      1.89545543              -7      4.36164387
      1.87330745              -7       4.8075135
      2.49142018              -9      0.70115949
      1.86352788              -5      2.66555308
      1.87452756              -1      4.80210269
      1.84793622              -2      2.77469447
      1.69501045              -0      5.35850135
      1.82293208              -5      3.87713402
      1.80698691              -4       3.7505125
      1.79123513              -6      3.55149458
      1.80986822              -1      3.77602295
      1.66226069              -4      5.67160365
      1.74207965              -5      1.92160033
      1.79247026              -7      3.24838414
      1.75015924              -4      5.18671995
      1.89962824              -6      4.40730845
       1.8981195              -6      4.65872331
      1.80055727              -2      3.13734777
      1.87464622              -2      2.56673442
      1.81608746              -5      2.99582582
      1.83073066              -2       2.8895525
      1.63988962              -9      1.67095214
      1.64315596              -9      1.68175805
      2.76468314              -0      6.71412866
      1.67802882              -9      1.26993813
      1.98274814              -0      6.22448055
      1.88805338              -1      4.73293309
      1.66528974              -2      1.74546144
      1.65575252              -9      1.71959606
      1.79063158              -4      3.53807385
       1.8856991              -0      4.74656178
      1.75399779              -6      5.17599501
      1.88005034              -5      2.40975146
      1.67928968              -0      5.76904657
      1.83391245              -6      3.95130616
      1.68106096              -9      1.78497106
      2.74358761              -9     0.598868074
       1.9414745              -0      6.18576825
      1.83180547              -5       2.1396726
      1.86430757              -5       2.6595738
      1.90469791              -7      4.52331509
       1.9568114              -0      6.20048348
       1.7005827              -0      5.83750307
      1.84051879              -5       2.1674128
      1.64242232              -9      1.34452742
      1.77590974              -0      5.11559603
      2.21461521              -9     0.832619016
      1.84813137              -9      1.07273346
      1.98192481              -0      6.22373482
      1.96780459              -4       6.2107848
      1.89548909              -0      4.68180797
      2.22674909              -7      6.41299245
      2.29083139              -5     0.793762956
      1.86726659              -1      2.28081435
      1.78842694              -2      3.35817121
      1.64194031              -6      1.67779618
      1.68167627              -4      5.41243196
      1.76217032              -0      5.96484478
      2.80069328              -0      6.73127381
      1.90471119              -4      4.52919029
      1.82549263              -5      3.89506549
      1.88057382              -5      2.44161225
      1.81828667              -7      4.99674338
      1.79808731              -1      5.05438077
      1.67164352              -1      5.73512555
      1.78795883              -2      3.39947856
      1.87023611              -1      4.17581257
      1.86173754              -1       4.8546674
      1.70223643              -0      5.33262944
      1.79307712              -2      3.23770539
      1.86999739              -0       4.8217162
