10 1
0.22765572
1 -1 1 1
         5.781591805 
   0.649930469025702 
0.11113595
1 -1 1 1
         4.070031233 
    1.32742231141701 
0.089243272
1 -1 1 1
         3.300818803 
    1.27827365884958 
0
1 -1 1 1
                   0 
                   0 
0.11895151
1 -1 1 1
          3.77604782 
    1.36042332953892 
0.098467044
1 -1 1 1
         2.310800355 
   0.823474365988449 
0.052792022
1 -1 1 1
         3.685238417 
   0.900514594878052 
0.118027
1 -1 1 1
         3.846843416 
    1.35725194257426 
0
1 -1 1 1
                   0 
                   0 
0.18372749
1 -1 1 1
         1.347606099 
   0.519399405035559 
