 0.50614 3.44860e-03
 0.51841 0.00000e+00
 0.53068 3.08170e-03
 0.54295 8.96309e-03
 0.55522 0.00000e+00
 0.56750 2.71990e-03
 0.57977 0.00000e+00
 0.59204 0.00000e+00
 0.60431 2.38385e-03
 0.61658 0.00000e+00
 0.62885 6.72411e-03
 0.64113 4.32335e-03
 0.65340 2.12143e-03
 0.66567 2.03625e-03
 0.67794 3.89858e-03
 0.69021 3.73775e-03
 0.70249 5.45394e-03
 0.71476 0.00000e+00
 0.72703 1.70966e-03
 0.73930 4.91843e-03
 0.75157 1.60666e-03
 0.76385 3.04602e-03
 0.77612 2.95812e-03
 0.78839 2.90865e-03
 0.80066 0.00000e+00
 0.81293 1.36043e-03
 0.82520 1.32885e-03
 0.83748 0.00000e+00
 0.84975 0.00000e+00
 0.86202 0.00000e+00
 0.87429 2.40360e-03
 0.88656 1.18668e-03
 0.89884 2.30556e-03
 0.91111 2.25249e-03
 0.92338 2.17750e-03
 0.93565 2.16269e-03
 0.94792 2.10637e-03
 0.96020 2.07090e-03
 0.97247 2.03271e-03
 0.98474 2.97853e-03
 0.99701 9.80466e-04
 1.00928 9.71274e-04
 1.02155 1.89943e-03
 1.03383 9.40828e-04
 1.04610 3.68797e-03
 1.05837 1.82420e-03
 1.07064 2.69208e-03
 1.08291 5.32543e-03
 1.09519 1.75330e-03
 1.10746 2.60116e-03
 1.11973 8.61474e-04
 1.13200 4.26260e-03
 1.14427 4.22401e-03
 1.15655 3.35519e-03
 1.16882 1.66493e-03
 1.18109 0.00000e+00
 1.19336 8.22254e-04
 1.20563 1.63572e-03
 1.21790 4.88414e-03
 1.23018 1.62089e-03
 1.24245 1.61595e-03
 1.25472 8.04523e-04
 1.26699 3.21594e-03
 1.27926 8.02227e-04
 1.29154 3.20580e-03
 1.30381 3.20389e-03
 1.31608 8.00992e-04
 1.32835 2.40478e-03
 1.34062 2.40806e-03
 1.35290 2.41130e-03
 1.36517 3.22454e-03
 1.37744 2.42107e-03
 1.38971 1.61934e-03
 1.40198 8.13397e-04
 1.41425 0.00000e+00
 1.42653 1.64101e-03
 1.43880 2.47605e-03
 1.45107 3.31452e-03
 1.46334 4.16885e-03
 1.47561 1.67911e-03
 1.48789 1.69205e-03
 1.50016 0.00000e+00
 1.51243 8.58603e-04
 1.52470 2.59062e-03
 1.53697 0.00000e+00
 1.54925 0.00000e+00
 1.56152 8.86577e-04
 1.57379 5.36214e-03
 1.58606 9.00908e-04
 1.59833 9.05998e-04
 1.61060 9.18509e-04
 1.62288 0.00000e+00
 1.63515 2.79700e-03
 1.64742 4.71746e-03
 1.65969 2.86813e-03
 1.67196 1.92788e-03
 1.68424 1.93924e-03
 1.69651 3.93005e-03
 1.70878 9.86385e-04
 1.72105 2.00099e-03
 1.73332 0.00000e+00
 1.74560 4.06569e-03
 1.75787 2.05694e-03
 1.77014 1.03301e-03
 1.78241 1.04423e-03
 1.79468 0.00000e+00
 1.80695 1.06743e-03
 1.81923 0.00000e+00
 1.83150 2.15881e-03
 1.84377 3.26602e-03
 1.85604 0.00000e+00
 1.86831 0.00000e+00
 1.88059 3.33593e-03
 1.89286 0.00000e+00
 1.90513 1.12448e-03
 1.91740 2.26054e-03
 1.92967 2.27140e-03
 1.94195 1.14313e-03
 1.95422 0.00000e+00
 1.96649 1.14997e-03
 1.97876 0.00000e+00
 1.99103 1.16043e-03
 2.00330 2.32375e-03
 2.01558 1.16447e-03
 2.02785 3.50145e-03
 2.04012 1.16842e-03
 2.05239 0.00000e+00
 2.06466 0.00000e+00
 2.07694 2.34403e-03
 2.08921 1.17212e-03
 2.10148 2.34375e-03
 2.11375 0.00000e+00
 2.12602 1.17048e-03
 2.13830 1.16804e-03
 2.15057 2.33381e-03
 2.16284 3.49667e-03
 2.17511 1.16233e-03
 2.18738 1.15924e-03
 2.19965 4.62850e-03
 2.21193 3.46048e-03
 2.22420 0.00000e+00
 2.23647 4.58836e-03
 2.24874 2.28501e-03
 2.26101 0.00000e+00
 2.27329 0.00000e+00
 2.28556 3.39165e-03
 2.29783 2.24994e-03
 2.31010 1.12181e-03
 2.32237 2.22966e-03
 2.33465 1.11044e-03
 2.34692 3.32113e-03
 2.35919 1.10036e-03
 2.37146 3.29306e-03
 2.38373 4.37198e-03
 2.39600 2.17196e-03
 2.40828 1.08321e-03
 2.42055 4.31032e-03
 2.43282 1.07464e-03
 2.44509 6.40271e-03
 2.45736 2.12288e-03
 2.46964 1.05695e-03
 2.48191 3.15540e-03
 2.49418 2.09945e-03
 2.50645 0.00000e+00
 2.51872 2.07719e-03
 2.53100 1.03439e-03
 2.54327 4.11382e-03
 2.55554 4.09951e-03
 2.56781 2.03792e-03
 2.58008 2.03412e-03
 2.59235 1.01087e-03
 2.60463 1.00538e-03
 2.61690 2.00626e-03
 2.62917 2.99936e-03
 2.64144 4.97298e-03
 2.65371 9.91687e-04
 2.66599 0.00000e+00
 2.67826 1.96552e-03
 2.69053 9.81860e-04
 2.70280 9.77570e-04
 2.71507 4.86564e-03
 2.72735 0.00000e+00
 2.73962 1.93441e-03
 2.75189 0.00000e+00
 2.76416 1.91699e-03
 2.77643 1.91382e-03
 2.78870 3.81414e-03
 2.80098 2.85276e-03
 2.81325 2.84267e-03
 2.82552 2.83620e-03
 2.83779 0.00000e+00
 2.85006 2.81797e-03
 2.86234 2.81011e-03
 2.87461 2.80489e-03
 2.88688 0.00000e+00
 2.89915 1.86010e-03
 2.91142 9.27969e-04
 2.92370 9.25787e-04
 2.93597 3.69363e-03
 2.94824 1.84255e-03
 2.96051 2.75953e-03
 2.97278 1.83559e-03
 2.98505 9.14750e-04
 2.99733 5.48424e-03
 3.00960 9.11954e-04
 3.02187 2.73099e-03
 3.03414 3.63438e-03
 3.04641 6.34847e-03
 3.05869 1.80957e-03
 3.07096 1.80807e-03
 3.08323 9.03020e-04
 3.09550 0.00000e+00
 3.10777 1.80073e-03
 3.12005 2.69455e-03
 3.13232 1.79409e-03
 3.14459 8.96255e-04
 3.15686 3.58083e-03
 3.16913 2.68235e-03
 3.18140 8.93353e-04
 3.19368 0.00000e+00
 3.20595 1.78273e-03
 3.21822 0.00000e+00
 3.23049 1.77864e-03
 3.24276 8.88616e-04
 3.25504 3.55186e-03
 3.26731 0.00000e+00
 3.27958 0.00000e+00
 3.29185 4.42945e-03
 3.30412 8.85265e-04
 3.31640 3.53924e-03
 3.32867 8.84492e-04
 3.34094 6.18782e-03
 3.35321 4.41807e-03
 3.36548 1.76622e-03
 3.37775 2.64889e-03
 3.39003 2.64810e-03
 3.40230 3.52982e-03
 3.41457 1.76480e-03
 3.42684 1.76453e-03
 3.43911 3.52884e-03
 3.45139 1.76440e-03
 3.46366 4.41125e-03
 3.47593 4.41167e-03
 3.48820 8.82540e-04
 3.50047 2.64806e-03
 3.51275 2.64886e-03
 3.52502 8.83322e-04
 3.53729 8.83530e-04
 3.54956 8.83926e-04
 3.56183 8.84541e-04
 3.57410 8.85047e-04
 3.58638 4.42725e-03
 3.59865 0.00000e+00
 3.61092 1.77284e-03
 3.62319 0.00000e+00
 3.63546 3.55236e-03
 3.64774 1.77799e-03
 3.66001 4.44831e-03
 3.67228 3.56300e-03
 3.68455 3.56603e-03
 3.69682 1.78471e-03
 3.70910 4.47073e-03
 3.72137 8.94866e-04
 3.73364 1.79294e-03
 3.74591 2.69245e-03
 3.75818 2.69796e-03
 3.77045 2.70249e-03
 3.78273 1.80417e-03
 3.79500 1.80538e-03
 3.80727 1.80953e-03
 3.81954 0.00000e+00
 3.83181 9.07803e-04
 3.84409 2.73029e-03
 3.85636 2.73580e-03
 3.86863 2.74316e-03
 3.88090 9.16748e-04
 3.89317 0.00000e+00
 3.90545 9.20999e-04
 3.91772 1.84411e-03
 3.92999 3.69856e-03
 3.94226 2.78262e-03
 3.95453 3.71897e-03
 3.96680 5.59701e-03
 3.97908 9.33475e-04
 3.99135 1.87651e-03
 4.00362 1.87936e-03
 4.01589 9.43924e-04
 4.02816 9.45510e-04
 4.04044 3.79794e-03
 4.05271 3.80516e-03
 4.06498 9.56384e-04
 4.07725 1.91737e-03
 4.08952 3.84522e-03
 4.10180 1.92914e-03
 4.11407 2.90570e-03
 4.12634 9.71982e-04
 4.13861 1.94841e-03
 4.15088 2.93661e-03
 4.16315 1.96560e-03
 4.17543 3.94694e-03
 4.18770 1.97911e-03
 4.19997 9.93677e-04
 4.21224 1.99300e-03
 4.22451 1.00290e-03
 4.23679 0.00000e+00
 4.24906 3.03034e-03
 4.26133 0.00000e+00
 4.27360 2.03426e-03
 4.28587 2.04798e-03
 4.29815 1.02850e-03
 4.31042 0.00000e+00
 4.32269 1.03823e-03
 4.33496 1.03933e-03
 4.34723 2.09243e-03
 4.35950 2.10042e-03
 4.37178 4.21854e-03
 4.38405 2.12069e-03
 4.39632 3.18862e-03
 4.40859 3.20667e-03
 4.42086 2.14671e-03
 4.43314 2.15461e-03
 4.44541 2.16905e-03
 4.45768 2.17433e-03
 4.46995 2.18727e-03
 4.48222 2.19333e-03
 4.49450 1.10144e-03
 4.50677 2.21078e-03
 4.51904 1.10826e-03
 4.53131 2.22627e-03
 4.54358 3.35708e-03
 4.55585 0.00000e+00
 4.56813 1.12648e-03
 4.58040 2.26048e-03
 4.59267 1.13713e-03
 4.60494 2.27889e-03
 4.61721 0.00000e+00
 4.62949 3.43603e-03
 4.64176 2.29832e-03
 4.65403 3.45741e-03
 4.66630 1.15456e-03
 4.67857 2.31810e-03
 4.69085 2.32107e-03
 4.70312 1.16432e-03
 4.71539 2.33316e-03
 4.72766 1.16710e-03
 4.73993 1.16872e-03
 4.75220 5.85437e-03
 4.76448 0.00000e+00
 4.77675 1.17237e-03
 4.78902 0.00000e+00
 4.80129 3.52021e-03
 4.81356 1.17334e-03
 4.82584 2.34603e-03
 4.83811 0.00000e+00
 4.85038 1.17136e-03
 4.86265 3.50917e-03
 4.87492 2.33540e-03
 4.88720 0.00000e+00
 4.89947 2.32612e-03
 4.91174 2.32099e-03
 4.92401 0.00000e+00
 4.93628 3.46089e-03
 4.94855 3.45098e-03
 4.96083 1.14353e-03
 4.97310 0.00000e+00
 4.98537 3.40770e-03
 4.99764 5.65789e-03
 5.00991 2.25232e-03
 5.02219 1.12151e-03
 5.03446 0.00000e+00
 5.04673 2.21254e-03
 5.05900 3.29419e-03
 5.07127 2.19135e-03
 5.08355 2.16801e-03
 5.09582 1.07959e-03
 5.10809 1.07316e-03
 5.12036 2.12225e-03
 5.13263 1.05875e-03
 5.14490 3.14415e-03
 5.15718 3.11639e-03
 5.16945 0.00000e+00
 5.18172 2.05242e-03
 5.19399 1.01498e-03
 5.20626 3.02295e-03
 5.21854 9.97536e-04
 5.23081 3.95248e-03
 5.24308 3.92000e-03
 5.25535 1.93686e-03
 5.26762 2.88325e-03
 5.27990 5.72495e-03
 5.29217 9.41424e-04
 5.30444 1.86623e-03
 5.31671 2.77772e-03
 5.32898 0.00000e+00
 5.34125 9.06745e-04
 5.35353 3.60493e-03
 5.36580 2.68112e-03
 5.37807 8.82764e-04
 5.39034 1.74577e-03
 5.40261 3.47000e-03
 5.41489 2.58005e-03
 5.42716 0.00000e+00
 5.43943 0.00000e+00
 5.45170 1.67424e-03
 5.46397 0.00000e+00
 5.47625 0.00000e+00
 5.48852 8.18341e-04
 5.50079 1.62122e-03
 5.51306 2.41279e-03
 5.52533 2.39740e-03
 5.53760 3.16784e-03
 5.54988 1.57434e-03
 5.56215 1.56081e-03
 5.57442 3.87518e-03
 5.58669 1.54356e-03
 5.59896 1.52772e-03
 5.61124 1.51843e-03
 5.62351 0.00000e+00
 5.63578 3.00941e-03
 5.64805 0.00000e+00
 5.66032 1.49069e-03
 5.67260 7.42538e-04
 5.68487 2.21470e-03
 5.69714 2.20497e-03
 5.70941 1.46455e-03
 5.72168 1.46225e-03
 5.73395 2.18395e-03
 5.74623 2.90523e-03
 5.75850 2.17512e-03
 5.77077 7.23717e-04
 5.78304 2.88966e-03
 5.79531 2.88645e-03
 5.80759 7.20925e-04
 5.81986 2.88310e-03
 5.83213 7.20743e-04
 5.84440 2.16359e-03
 5.85667 2.88637e-03
 5.86895 0.00000e+00
 5.88122 1.44746e-03
 5.89349 1.45017e-03
 5.90576 1.45333e-03
 5.91803 1.45822e-03
 5.93030 1.46291e-03
 5.94258 2.93689e-03
 5.95485 2.20978e-03
 5.96712 1.48384e-03
 5.97939 7.44201e-04
 5.99166 1.49581e-03
 6.00394 0.00000e+00
 6.01621 7.56404e-04
 6.02848 7.63437e-04
 6.04075 1.53436e-03
 6.05302 1.54581e-03
 6.06530 3.12290e-03
 6.07757 7.84866e-04
 6.08984 4.76560e-03
 6.10211 7.97345e-04
 6.11438 0.00000e+00
 6.12665 1.62981e-03
 6.13893 0.00000e+00
 6.15120 1.66673e-03
 6.16347 8.41956e-04
 6.17574 3.42959e-03
 6.18801 8.71935e-04
 6.20029 8.83503e-04
 6.21256 3.55302e-03
 6.22483 9.02660e-04
 6.23710 1.83360e-03
 6.24937 5.58717e-03
 6.26165 4.70934e-03
 6.27392 2.87597e-03
 6.28619 2.92137e-03
 6.29846 9.97957e-04
 6.31073 2.02937e-03
 6.32300 2.04749e-03
 6.33528 2.08774e-03
 6.34755 1.07312e-03
 6.35982 2.17166e-03
 6.37209 3.31070e-03
 6.38436 2.24465e-03
 6.39664 2.30612e-03
 6.40891 0.00000e+00
 6.42118 1.20381e-03
 6.43345 1.23550e-03
 6.44572 3.78118e-03
 6.45800 0.00000e+00
 6.47027 1.33319e-03
 6.48254 2.72423e-03
 6.49481 1.39793e-03
 6.50708 1.42166e-03
 6.51935 1.45100e-03
 6.53163 0.00000e+00
 6.54390 0.00000e+00
 6.55617 0.00000e+00
 6.56844 3.22252e-03
 6.58071 3.32724e-03
 6.59299 1.72839e-03
 6.60526 0.00000e+00
 6.61753 0.00000e+00
 6.62980 1.86434e-03
 6.64207 1.90941e-03
 6.65435 0.00000e+00
 6.66662 0.00000e+00
 6.67889 2.12398e-03
 6.69116 2.19734e-03
 6.70343 4.51725e-03
 6.71570 0.00000e+00
 6.72798 0.00000e+00
 6.74025 5.03625e-03
 6.75252 0.00000e+00
 6.76479 0.00000e+00
 6.77706 0.00000e+00
