# npar = 1, n_ded = 0
#         weight            chi2        param[0]
#                                     alpha_topo
      1.69577388              -2      3.13590949
      1.82158379              -1      1.74456462
      1.78471742              -9     0.997278795
      1.95749098              -5      2.15994486
      1.55768041              -0      5.56055783
      1.71227893              -2      3.00993654
      1.58658334              -9      1.26160715
      1.58334118              -9      1.32987464
       1.4779926              -0       5.7966255
      1.85843158              -7      4.37385643
      1.68061453              -6      3.53669133
      1.92708723              -4      4.57744394
      1.94656889              -4      4.65308774
      1.67913049              -5      3.43457263
      1.72306203              -6      2.94590148
      1.56651077              -0      5.54527324
      1.62236335              -9      1.46141291
      1.52861774              -0      5.61653442
      1.93272589              -7      1.93021624
      1.50060182              -1       5.9584411
      1.55189263              -0      5.57093661
      1.93077036              -0       4.9890487
      1.75672512              -9      1.01876702
      1.94900291              -9     0.894625861
      1.95976885              -7        2.143146
      1.80691752              -9      1.72518105
      1.86957285              -7      2.44517373
       1.9044872              -0      6.37102411
      1.69035311              -0       6.2149967
      1.95487324              -5      2.17580626
      1.80197781              -6      5.21713448
       1.7591393              -0      5.27530697
      1.95143059              -9      2.19362042
      1.75863889              -7      6.27115191
      1.85209412              -4      4.35615024
      3.04241336              -9     0.504828714
      1.62058478              -5       1.4577529
       1.6797326              -6      3.38645795
      1.73455361              -0      5.30777643
      1.91187511              -1       4.5278958
      1.96035373              -2      4.73445145
       1.6278524              -9      1.15716447
      1.68107353              -7      3.34014686
      1.86429057              -4      4.39021443
      1.59675877              -7      5.49674251
      2.02774999              -0      6.44226304
      1.94624364              -0      4.94053746
      1.68066949              -2      3.35170905
      1.78649191              -4      5.23850352
      1.85477603              -2      4.36364731
      1.74143696              -2      2.85481201
      1.56220292              -0      6.07471924
      1.49655853              -0       5.9467176
      1.85582728              -7      2.48174574
      1.73691912              -0      6.25414357
      1.66303756              -1      5.40237663
      1.95364877              -2      4.90938165
      1.70771752              -1      3.82764613
      1.94418345              -5       1.9623943
      1.76500172              -9       1.6711459
      2.67316067              -9      0.61034683
      1.94504586              -4      4.94490862
      1.47703893              -0      5.81656027
      1.71497577              -6      3.87107389
      1.81547357              -4      4.25159264
      1.68287552              -4      3.58863832
      1.68037971              -5      3.52938053
      1.71944154              -9        1.612094
      1.48315749              -0      5.75501706
      1.79798688              -7      2.64647639
      1.77866808              -5      2.70964494
      1.68748685              -5       1.5684345
      1.74516525              -5      1.64567452
      1.90698772              -2      2.34419989
      1.75927672              -6      2.78036472
      1.58522509              -9      1.34693237
      2.80503821              -9      0.57087068
      1.73426584              -1      3.96743419
      1.92354644              -1      4.56543075
      1.76438236              -0      5.26832322
      1.68106335              -4      3.54919477
      1.93959164              -0      4.62350554
      1.68731476              -1      3.65487925
       1.7944918              -9     0.990147856
      1.69581391              -1      3.13553765
      1.75229922              -1      4.04234355
      1.72851131              -9      1.04235327
      1.75454314              -4      4.05096879
      1.95383323              -5      1.99859452
      1.62977289              -9      1.15409141
      1.86940835              -5      2.44561009
      2.21758487              -9     0.769973522
      1.75851496              -0      5.27613683
      2.18234859              -5     0.784501029
      1.79481198              -1      5.22708212
      2.11051079              -0      6.48555704
      1.73819825              -0      6.25516519
      1.70210894              -4      3.78981614
      1.95925172              -2      4.87701695
       1.9418276              -5      2.23420333
      1.95917706              -5      2.02819959
      1.65531614              -6      1.52021015
      1.54924841              -0      5.57578543
       1.6986778              -7      3.76416379
      1.76205439              -7      2.76967398
       1.5732132              -0      6.08993264
      1.72987935              -1      3.94734228
       1.4770671              -0      5.81538981
       1.4782685              -0       5.8573445
      1.69371282              -1       3.1557181
      1.94986835              -2      2.20095461
      1.76843175              -6      4.10174668
      1.73195088              -4      2.89955312
      1.68323415              -1      3.29226095
      1.74032804              -0       6.2568605
      1.64236033              -9      1.13539002
       1.7468419              -4       2.8310762
      1.68635513              -1      3.24184352
       1.8307033              -2      2.55024302
      1.58246348              -9      1.30756599
       1.6039688              -0      5.48584113
      2.09202233              -0       6.4761495
      1.71883833              -5      2.96980373
      1.72526078              -2       1.0452195
      1.94549763              -7      4.94327661
      1.95532501              -0      6.40154163
      1.92191548              -4      5.01172506
      1.89520114              -1      6.36525106
      1.68589537              -7      3.63638625
      1.57359872              -0      6.09044851
      1.90440753              -1      4.50509225
      1.67970579              -7      3.50328482
      1.91742488              -0       6.3789605
      1.48330188              -2      5.75419421
      1.92651094              -5      2.28655941
       1.6796239              -5      3.39189397
      1.67436292              -9      1.09559299
      1.73665459              -5       2.8768335
         1.96186              -7        2.122002
      1.81525541              -5      2.59436399
      1.89897316              -5      2.36642605
      1.88437476              -2      2.40584021
      1.87764717              -7      4.42765478
      1.90106109              -7      4.49509792
      2.30361269              -0      6.57646706
      1.58450835              -0      5.51579278
      1.74894591              -7      2.82213569
      2.62821982              -0      6.70766483
      1.49974062              -0      5.68889559
      1.69460822              -0      5.36027015
      1.63241753              -0        6.159447
       1.6876292              -7      3.65874238
      1.68559054              -2      3.63215649
      1.77529871              -9      1.00432369
      1.65393357              -0      6.18116215
      1.67943848              -6      3.40269781
       1.9576178              -4      2.15910114
      1.50900049              -0      5.97986489
      1.76656368              -4      4.09515203
      1.83370811              -6      2.54187277
       1.9222635              -0      6.38189772
      1.69291218              -6      3.71488583
      1.67915067              -4      3.46128142
      1.77565915              -4      2.72007024
      1.91911652              -7      5.01840067
       1.8981387              -1      4.48646439
      1.90008199              -7      2.36338293
      1.69696064              -1      3.12507663
      1.87501163              -0      6.35246668
      1.82854045              -5      2.55630624
      2.42816377              -9     0.690707571
      1.67941339              -4      3.40437232
      1.69282905              -2      3.71410155
      1.69292562              -7      3.16366124
      1.66252923              -5      1.10930313
       1.4966307              -1      5.69880349
      1.54634746              -0      5.58118902
       1.5293311              -0      5.61502075
      1.79020356              -0      5.23342421
      1.78853791              -7      4.16906394
      1.58998475              -9      1.37269224
      1.61992719              -9      1.45638125
      1.90712066              -0      5.04499441
      1.68002889              -2      3.37366673
      2.47397204              -9      0.67486073
      1.68936479              -6      3.20287362
       1.8890724              -9     0.928552073
      1.95512277              -2      4.90194902
       1.6874251              -6      3.65624359
      1.78175926              -7      2.69911591
      1.90919998              -4       2.3379556
      1.74344987              -9      1.02959314
      1.58116202              -0      5.52112755
      1.94961107              -5      2.20212729
      1.73542053              -2      3.97258177
      1.96321301              -2      2.08043835
      1.58938326              -9      1.37000421
      1.96429833              -4       4.8111198
      1.60732361              -4      1.42765669
      1.77618764              -0      6.28440313
      1.83012431              -0      5.17677759
        1.683532              -2      3.28676899
      1.81784813              -5      1.73958852
      1.61571065              -9      1.44732602
      1.71105988              -7      3.84830322
      1.92632016              -9      0.90709795
       1.6807725              -6      3.34863289
      1.95829641              -7       2.0223221
       1.6941808              -4      3.15109998
      1.48816071              -0      5.91749196
      1.69960752              -4      3.10219619
      1.87023045              -7      4.40682312
       1.6397468              -9      1.13908994
      1.61159969              -9      1.43800034
      1.66305306              -2      1.10867459
      1.96010143              -5      2.03512431
      1.67913879              -6      3.45897088
      1.50093822              -0      5.68525024
      1.67922761              -4      3.47163479
      1.72639003              -7      3.93069332
      1.86843536              -5      2.44819124
      1.68305942              -7      3.59202239
      1.68732371              -0      5.36990378
      1.68082783              -2      3.34701939
      1.97560472              -5      0.88050262
      1.95934337              -5      2.14660275
        1.679108              -7      3.44482581
      1.70572695              -9      1.59370748
      1.78803311              -9      1.70068504
      1.62019162              -5      1.17015495
      1.73746118              -6      2.87304686
      1.76440686              -0      5.26829051
      1.84408787              -9     0.956375478
      1.70852867              -5      3.03488103
      1.65199655              -5      1.51484693
      1.58254098              -9      1.31453236
      1.65533443              -9      1.11816459
      1.70203532              -0      6.22520356
      1.88103009              -0      5.09511237
       1.8046226              -2      2.62604028
      1.62196366              -9      1.16703598
      1.76530694              -4      4.09067747
      1.47976802              -0      5.77811452
      1.67910812              -7        3.444533
      1.74155102              -6      3.99902993
      2.17561539              -9     0.787326874
      1.71502845              -5      2.99262081
      1.57583527              -0      6.09342046
      1.73430856              -4      3.96762564
      1.72050352              -7      6.24079372
      1.81220599              -7       5.2027292
      1.82229476              -4      2.57401271
      1.80148317              -4       4.2095898
      1.70706657              -2      3.04507405
      1.89529614              -1      4.47814126
      1.67934828              -1      3.40906948
      1.69178706              -9      1.07699703
      1.90815763              -9      1.87719345
      1.94292324              -2      4.95232842
      1.50624219              -0      5.97318777
       1.5933337              -9      1.38607814
      1.72149387              -1      2.95461784
      1.88083272              -5      1.82991286
      1.93821624              -9      1.94470198
      1.55531724              -0      5.56475831
      1.85543909              -5      2.48278408
      1.95856205              -1       4.7200149
      1.88533737              -4       5.0873788
      1.84954757              -0      6.33585473
      1.82383886              -5      2.56960643
      1.49811913              -0      5.95137756
      1.94126171              -7      4.63025089
      2.90765395              -9     0.541606088
      1.95174434              -7      4.67826258
      1.59945765              -0      6.12289403
      1.68918174              -6      3.67679707
       1.4780208              -0      5.85422484
      1.93090055              -0      4.98869457
      1.67122978              -9      1.09912806
      1.80981529              -5       2.6104182
       1.6820392              -7      3.31657451
       1.9551304              -2      2.00474304
      1.57369443              -0      5.53326346
      1.85909868              -1      4.37571884
       1.9470089              -0      4.93766712
      1.94356884              -6         4.63989
      1.78115903              -0      6.28808341
      1.83444701              -9     0.962658175
      1.56805524              -1      5.54266114
      2.27725795              -0      6.56475046
      1.57444172              -0      5.53203377
      1.86286493              -0      5.12602911
      1.47845256              -0      5.79088287
      1.59932988              -9      1.21503083
      1.67931839              -1      3.48001131
      2.55653359              -9     0.647314015
      1.80731122              -7      2.61791343
      1.72968832              -7      2.91089805
       1.9629742              -5      2.10235481
      1.69631202              -4      3.74503565
      1.77044404              -1       4.1087776
      1.71537235              -2      3.87330368
      1.47722454              -0      5.81044652
      1.87368456              -7      4.41650772
      1.68117215              -1      3.33750876
      1.71464922              -0      6.23592029
      2.61167717              -9     0.629571453
      1.59471215              -9      1.22855466
      1.69586155              -1      3.74123663
      1.69048529              -7      3.69084633
      1.59846712              -5      1.21739658
      1.83389189              -0       6.3253487
       1.6805436              -7       3.3556082
      1.67920728              -2      3.46934878
      1.86339963              -7       4.3877263
      1.50676347              -0      5.66860973
      1.94882172              -1      4.93059783
      1.74162842              -0      6.25789211
      1.87893967              -5      2.42031591
      1.73545119              -2       3.9727177
       1.7239622              -0      5.32168396
      1.76049296              -1      1.66537043
      1.57453773              -0      6.09170058
      1.67925981              -7      3.47488571
      1.47848605              -0      5.85984942
      1.96312589              -5      2.07595245
      1.70343272              -1      3.07172716
      2.42735195              -0      6.62910316
      1.68210685              -1      3.31507946
      1.47831068              -0       5.7925486
      2.89290532              -7     0.545741123
      1.91123774              -9      1.88311777
      1.62491424              -0      5.45522704
      1.85429591              -1      5.13983294
      1.68773919              -7      3.66007588
      1.61409969              -9      1.44373558
      1.93833412              -0      6.39153687
      1.48513402              -0      5.90423496
      1.92731847              -7      4.99820204
      1.74896195              -9      1.02504306
      1.68876856              -5      3.67214492
      1.62152256              -0      6.14785385
      1.92176211              -9      1.90470611
      1.72391305              -4      3.91847405
      1.68652148              -1      3.64477214
      1.48495087              -0      5.74537128
      1.92207425              -2      2.30026944
      1.92799645              -4      4.99643861
      1.58986891              -9      1.37218275
      1.69232337              -1      3.16989591
      1.82990861              -6      2.55246695
      1.73062236              -0      6.24907597
      1.70388017              -4      3.80225295
      1.59218787              -0      5.50376779
      2.04291353              -0      6.45043322
      1.87052217              -5      2.44265572
      2.55773481              -0      6.68094443
      1.75558487              -2      2.79491166
      1.71503635              -5      2.99257208
      2.28564666              -0      6.56850083
      1.68405812              -9      1.56354991
      1.74290826              -6      4.00470012
      1.94206412              -2       2.2333046
      1.51098944              -1       5.6574593
      1.87677909              -7      4.42520886
      1.77743996              -7      2.71387851
      1.67938432              -7      3.40640131
      1.71848956              -4       2.9718401
      1.87830721              -0      6.35457599
      1.70050253              -0      5.35249905
      1.79810198              -6      4.19917783
       1.5830299              -9      1.32556633
      2.51555671              -9      0.66083092
      1.84244813              -2      2.51783902
      1.77360536              -6      4.11967785
      1.69421944              -9      1.07452869
      1.76171144              -2      4.07769893
      1.49142739              -7       5.7172072
       2.3231724              -0      6.58504067
      1.70845099              -2      3.03541554
      1.84520565              -0      6.33296426
       1.5357901              -0      5.60169838
      2.40844878              -9     0.697662563
      1.78226038              -7      4.14869222
      1.58623476              -4        1.263595
      1.70655118              -4       5.3445413
      1.83254478              -2      4.30102908
      1.80152725              -4      2.63550362
      1.95848055              -0      4.71941152
      1.65767005              -0      5.40965283
      1.70009314              -9      1.58601554
      1.49112357              -0      5.71837189
      1.68867147              -9      1.08020122
      1.79505753              -4      4.18970279
      1.77043427              -4      2.73861737
      1.95313892              -0      4.68576672
       1.4909457              -0      5.92814586
      1.51892258              -0      5.63809997
      1.64280327              -0      6.17011148
       2.3407398              -9      0.72222041
      1.80295597              -5      1.72000708
      1.71427194              -1      2.99730969
      1.77290898              -4      1.68127137
       1.4968452              -0      5.69809757
      1.63719393              -4      1.48962867
      1.63728276              -9      1.48978746
      1.48109004              -0      5.76802542
       1.7620553              -1      2.76967052
      1.71205016              -6      3.85419754
      1.62227539              -9      1.46123356
      1.96242683              -1      4.75582995
      1.71194788              -5      3.85359319
      1.75484351              -7      4.05211355
      1.87071849              -7      4.40819001
      1.72024427              -2      2.96169494
      1.57763752              -0      6.09579003
      1.62928543              -4      1.15486515
      1.83692435              -9       1.7653531
      2.15627079              -0      6.50825392
       1.9370384              -5      2.25167579
      1.78437755              -7      5.24138625
      1.75096732              -4       2.8136928
      1.89414277              -1      4.47478317
      1.51212353              -0      5.98707677
      1.96260942              -4      4.84668275
      1.69534454              -2      3.73680829
      1.72545536              -4      3.92612351
      1.63779517              -9      1.14191078
      1.67961485              -5      3.49876191
      1.79150054              -0      5.23164342
      1.79894079              -1      2.64350371
      1.70368263              -7      3.06982843
      1.95351586              -1      4.68786352
      1.64516522              -9      1.13151202
      1.72947667              -4      3.94545262
      1.79073632              -5      1.70416907
      1.99043297              -9     0.872846427
      1.77804307              -1      4.13469834
      1.54084188              -0      6.04196649
      1.70090597              -7      3.78107273
      1.62297529              -5      1.46265603
      1.82119068              -4      4.26833558
      1.70843388              -4      3.03553339
      1.47875414              -0      5.78758104
      1.54677409              -0      6.05156827
      1.95587808              -7      4.89790264
      1.75335021              -4      4.04639968
       1.9523464              -7      4.68145574
       1.7153406              -4      2.99070204
      1.58718833              -1      5.51156302
      1.68126229              -5      3.33515122
      1.83178013              -5      2.54723643
      1.69720908              -5      3.12285678
      1.91938526              -5      2.30836971
      1.58322819              -9      1.28791533
       1.6597867              -9      1.11262968
      1.87802532              -4     0.935174856
      1.98994061              -0      6.42137318
      1.92460192              -1      5.00511365
      1.61469276              -9      1.44506651
      1.59673258              -9      1.22236105
      1.75633545              -1      2.79192165
      1.75328713              -4      4.04615704
       1.7272729              -6      3.93496593
      1.89840912              -0      5.06269496
      1.96435427              -0      4.80149647
       1.5889482              -9      1.36798942
      1.67910847              -1      3.44773852
      1.75343906              -7      4.04674123
      1.77697604              -5      2.71548543
      2.43139636              -9     0.689575133
      1.70013092              -6       3.7753013
      1.91803378              -7      4.54735759
      1.52231668              -0      5.63032312
      1.58600669              -9      1.35215579
      1.73878785              -4      2.86688406
      1.77042464              -5      1.67808975
      1.86485567              -1       4.3917929
      1.75521263              -7      4.05351719
      1.77150135              -0      5.25879315
      1.78565026              -4      4.15975772
       1.6533496              -0      5.41554243
      1.81288754              -4      4.24394611
      1.73967334              -6      2.86281483
      1.92587244              -9      1.91383492
      1.91314516              -5      2.32667451
      1.91235391              -5      1.88530412
       1.9625218              -4      4.75702844
      1.70607076              -6      3.05218259
      1.73747459              -7      2.87298416
      1.78961635              -6       4.1725126
      1.72733347              -1       2.9230196
      1.89798805              -0      5.06352249
      1.51820008              -0      5.63979098
      1.67913419              -6      3.45795756
      1.68326717              -5      3.29164272
      1.68103773              -9       1.0882671
      2.19372716              -9     0.779762648
      1.79228348              -1      4.18098145
      1.58693937              -9      1.25966355
      1.64905205              -9      1.12628535
      1.86536052              -1      2.45635254
        1.563756              -4      5.54997575
      1.85357755              -6      2.48776945
      1.61551293              -9      1.44688953
      1.94338234              -4       4.6390957
      1.58647899              -9      1.26219296
      1.73431391              -0      6.25205471
      1.86877876              -4       2.4472802
      1.69176964              -2      3.70387522
      1.75882575              -9      1.66323359
      1.91616766              -1      4.54138755
       1.5840809              -9      1.27883254
      1.68282605              -2      3.58771349
      1.70435379              -1      3.06477963
      2.89622219              -9      0.54480918
      1.58246829              -9      1.30638059
       1.8419602              -4      4.32771151
      1.82189391              -0      6.31713487
      1.88037564              -5      2.41649734
      1.56859907              -0      5.54174542
      2.08875902              -9     0.825387906
      1.63341958              -9       1.1484305
      2.73367835              -7      6.74616395
      1.65299051              -0       6.1802401
      1.96114127              -4      4.86198427
      1.48660209              -0      5.73738105
      1.88547669              -4      4.44984546
      1.69936851              -7      3.10419609
       1.6996553              -4      3.77170279
      1.75653817              -6      2.79111701
      1.68701226              -5      3.23272786
      1.75759779              -0      5.27735527
      2.27860347              -9     0.745768969
      1.94059592              -9      2.23882427
      1.73077637              -0      5.31273896
      1.82907472              -1      4.29110619
      1.94220344              -4      2.23277342
      1.49745403              -0      5.94941388
      1.67919687              -4      3.46808734
      1.69454082              -9      1.57834012
      1.89023785              -2      1.84530294
      1.94423397              -9     0.897213785
      1.65259191              -0       6.1798496
      1.83985341              -0      5.16221677
      1.70485444              -6      3.80889005
      1.47775823              -0      5.85049259
      1.49350836              -0       5.7095228
      1.79283535              -1      4.18272337
      2.39287734              -9      0.70321607
      1.68381195              -6      3.60508314
      1.75921448              -0      5.27520703
      1.80783234              -7      2.61634786
      1.71084943              -7      3.01925293
      1.67924146              -2      3.47308122
      1.89338697              -5      2.38163323
      1.94816332              -2      4.66047078
      1.73500447              -7      3.97073342
      2.59169451              -0      6.69392372
      2.59775183              -9      0.63400558
      1.68754575              -7      3.65772455
      1.68567414              -4      6.21082746
      1.93393715              -7       4.9802315
      1.68080079              -1      3.34780463
      1.70655232              -4      3.04872761
      1.76466988              -6      4.08839729
      1.88088094              -2       1.8299899
      1.91650804              -4      4.54247144
      1.89614897              -5      2.37413836
      1.58349985              -9      1.33177609
      1.71277634              -4      3.85845941
      1.72525293              -1      3.92512732
      1.88016951              -2      4.43477637
      1.79038232              -1      4.17495341
       1.9473728              -5      2.21196929
      1.80316564              -2      2.63047997
      1.85634179              -7      4.36802112
       1.7008935              -0      5.35198422
      2.23262564              -9     0.763899546
       2.7222079              -0      6.74205638
      1.66740504              -0      6.19406489
      2.45123711              -0      6.63885603
      1.50561783              -0      5.97163194
      1.66776484              -0      5.39600237
      1.81931698              -1      5.19254982
      1.96347094              -4      4.77125556
      1.94645095              -1      4.65255269
      1.75037758              -0       6.2647656
      1.84954113              -1      4.34900483
      1.48638857              -0      5.73837501
      1.78028995              -0      5.24693865
      1.49613814              -0      5.94543006
      1.69397972              -5      3.15307511
      1.68568013              -6      3.25164825
      1.73137172              -7      3.95427732
      1.82538974              -9      1.74966607
      1.86359588              -9     0.944024006
      1.69549678              -9      1.57966883
      1.95897029              -7      4.72309766
      1.84217617              -1      2.51858056
      2.13943726              -0      6.49999818
      2.61010119              -0      6.70087611
      1.67967017              -2      3.38951651
      1.76831083              -1      4.10132181
      1.68555491              -7      3.25352144
      1.64988715              -0       5.4202853
      1.59790839              -9       1.4015116
      1.69491482              -1       3.1440028
      1.89456687              -7      2.37843681
      1.89706183              -4      5.06533447
      1.81284247              -0       5.2018239
      1.83825432              -5       2.5293173
        1.755122              -0      5.28064065
      1.62503792              -9      1.46678865
      2.17670005              -0      6.51813397
      1.73930318              -0      6.25604561
      1.60873958              -9      1.19247577
      1.58471242              -5       1.3431019
      1.48886234              -0       5.9202929
      1.78579546              -0      5.23945389
      1.49615907              -1      5.70036843
      1.88616598              -2      1.83854588
      1.61178965              -5      1.43844356
      1.71101585              -2      3.01815662
      1.77323119              -1      5.25646819
      1.89375689              -5      4.47366198
      1.78668921              -7      2.68267891
      1.82055292              -0       6.3162077
      1.71362141              -7      3.00138664
      1.51008086              -0      5.65980089
      1.76545822              -0      5.26688668
      1.88487761              -0      5.08821281
      1.73079209              -2      3.95159639
      1.55089831              -0      5.57275166
      1.68175899              -4      3.56594829
      1.85256932              -1      2.49047407
      1.89391432              -7      2.38020553
      1.93959438              -0      4.62351645
      1.79882826              -4      2.64385378
      1.63565896              -9      1.14505873
      1.69310563              -1       3.1618248
      1.85337981              -2      2.48829965
      1.60231424              -9      1.20729667
      1.77176306              -7      2.73384464
      1.83051005              -0      5.17620723
      2.55722494              -9     0.647088464
      1.68943595              -6      3.67960936
      2.46984366              -9     0.676271594
      1.77427861              -5      1.68302586
      1.68255453              -7      3.58252008
      1.69682871              -0      5.35734043
      1.67966046              -7      3.50107724
      1.95658064              -2      4.70629043
      1.75777143              -0      6.27048593
      1.69167174              -5      3.17680765
      1.48498632              -0      5.74519182
      1.62772474              -9      1.15737114
      1.48030793              -0      5.87613367
      1.79345015              -1      5.22896055
      1.47795468              -0      5.79715021
      1.68170257              -5      3.32428113
      1.81114716              -4       5.2042328
      1.69425766              -6      5.36073296
      1.90487594              -1      4.50650124
      1.47756005              -0      5.84725273
      1.72443115              -7      2.93843453
      1.87657052              -5      2.42660929
      1.68656064              -0      6.21162108
      1.72093755              -5      2.95775381
      1.65638828              -9        1.521923
      1.87224494              -7      4.41246823
       1.6894059              -2      3.67927882
      1.77858028              -4      4.13649561
      1.76152255              -5      2.77170471
      1.63231762              -9      1.15011814
      1.80240004              -0      6.30346754
      1.67982867              -2      3.38203316
      1.68257647              -6      3.30513132
      1.68114849              -7      3.33813587
       1.5596907              -0      6.07110742
      1.49250802              -0      5.93364873
      1.84488102              -0      5.15453766
       1.7244467              -7      2.93835044
      1.68920984              -9      1.57087121
      1.72823233              -0      6.24713542
       2.2902008              -9     0.741294079
      1.56981188              -6      6.08533397
      1.77020788              -0      6.27993414
      1.74388572              -4      1.64402322
      1.72267405              -1      3.91222645
      1.81516093              -6      4.25067077
      1.51580926              -4      5.99517536
      1.96312642              -1      2.09725749
      1.72567894              -2       2.9317402
      1.48399162              -0        5.750383
      1.75107211              -0      6.26530632
        1.597567              -9      1.21993612
      1.87642619              -4      2.42699247
      1.52013204              -4      5.63529789
      1.88075785              -5      2.41548032
      1.68703891              -6      3.65142547
      1.85176166              -2      5.14383558
      1.68325633              -4      3.29184546
      1.78906742              -5      1.70201743
      1.94603542              -6      4.65067878
      1.68614608              -7      3.63979103
      1.72831744              -1      3.93996747
      1.68232993              -5      3.57806213
      1.88987802              -9      0.92807403
      1.62891251              -9      1.47433063
      1.69247632              -2      3.71074501
      1.68826973              -4      3.66638584
      1.69702703              -2      3.12448184
      1.59028477              -9      1.24430834
      1.92666686              -2      4.57599889
      1.95782416              -2      2.15770949
      1.82167129              -4      4.26973364
      1.86711852              -4      4.39811637
      1.79207641              -2      4.18032692
      1.81763482              -9     0.973923879
      1.66922369              -0       5.3940412
      1.84278428              -7      5.15775392
      1.86969747              -2      1.81256913
      1.68261441              -4      3.58368327
       1.8697193              -1      2.44478527
      1.82723105              -5      4.28581091
      1.67917041              -2       3.4271091
       1.7404805              -4      3.99451238
      1.68058381              -0      6.20623619
      1.47697291              -0      5.82025948
      1.75267447              -4      2.80666958
      2.03688523              -1      6.44719877
      1.58783388              -9      1.36250994
      1.75916225              -9      1.66366494
      1.75149652              -7      4.03922588
      1.60006952              -0      6.12361629
      1.59215513              -9      1.23720546
      1.74258351              -1      2.84967971
      1.96400459              -6       4.8227872
      1.64238002              -9      1.13536248
      2.30562033              -9     0.735402451
      1.74873559              -9      1.65027517
      1.69280277              -2      3.71385305
      1.70189128              -4      3.78825269
      1.69467955              -9      1.57853314
      1.58676477              -9      1.35670776
      1.93829533              -5      2.24721247
      1.73228685              -4      3.95847821
      1.96230371              -4      4.75431755
      1.69085354              -9      1.57318517
      1.81809535              -2      1.73991692
      1.68964797              -1      3.68192689
      1.80039161              -1      4.20624078
       1.7099351              -4      3.84148769
      1.71441598              -6      2.99641264
      1.53436241              -0      5.60458697
       1.4790531              -0      5.78456596
       1.8646877              -7       5.1230348
      1.69375717              -9       1.0749956
       1.9073486              -5      2.34318492
      1.55186087              -0      6.05946997
      1.93856284              -0       4.9664816
      1.68071445              -9      1.08861581
      1.80734063              -7      4.22737302
      1.64546404              -9      1.13110429
      1.74152499              -1        2.854416
      1.96325592              -4       2.0871827
      1.80490784              -7      2.62517408
      1.84806344              -0      5.14961673
      1.92233073              -2      2.29948914
      1.73588006              -6      5.30603272
      1.58438581              -9      1.34043397
      1.78741495              -1      2.68029415
      1.72080997              -9      1.04920032
      1.82943059              -5      1.75512067
      1.67910994              -2      3.44927648
      1.68555228              -2      3.25356106
      1.68196523              -2      3.31822874
      1.88725866              -9     0.929630731
      1.73346291              -5      1.63050967
      1.88588726              -1      2.40179872
      1.74910479              -5      2.82146699
      1.77602714              -2      4.12791407
       1.5833852              -9      1.28595559
      1.67974766              -0      5.37996713
      1.73543575              -4      1.63307713
      1.68012886              -2      3.36982875
      1.84887936              -9     0.953298179
      1.70684858              -5       3.0466183
       1.7843515              -1      4.15553668
      1.92792839              -5      1.91858281
      1.58814968              -0      5.51005464
      1.88569693              -4      4.45047369
      1.94665363              -5      2.21500934
       1.9274058              -7      2.28373479
      1.67935739              -4      3.40837696
      1.86268275              -1      4.38572457
      1.76279245              -7      4.08162935
      1.74873713              -9      1.65027715
      1.83102458              -9      2.54934514
      1.69827689              -7      3.76101332
      1.68005873              -2      3.37250059
      1.96200915              -4      4.75086664
      1.70442432              -1      3.06425322
      1.83559542              -9      1.76352659
      1.86153033              -7      5.12820802
      1.89180471              -2      1.84794477
      1.53798103              -0      6.03717084
      1.47697247              -1      5.83043347
      1.49218593              -0      5.71434899
      1.96435586              -6      4.80222985
      1.71752175              -4      3.88516679
      1.70764766              -7      3.04098914
      1.88914117              -1      4.46033285
      1.93515046              -4      4.60635492
      1.93066357              -5      1.92511296
      1.68214013              -4      3.31435026
      1.67949351              -2      3.49202943
      1.75775415              -7      2.78631595
      1.96404003              -7      4.82177416
      1.90407374              -5      2.35234702
      1.67995615              -1      3.51418141
      1.75984909              -1      4.07086825
      1.68570465              -1      3.25128351
      1.86278264              -2       2.4632027
       1.7356038              -2       3.9733937
      1.96161773              -1      4.85750992
      1.62279669              -0      6.14923254
      1.73870693              -6      2.86725766
       1.4822894              -0      5.76017363
      1.72447992              -6      2.93817089
      2.59311146              -9     0.635490006
      1.91314487              -4      2.32667537
      1.72763993              -0      5.31685707
      1.50216768              -0      5.68159483
      1.95220652              -9       2.1898255
      1.68727993              -5      3.22912403
      1.78264935              -1      4.14996997
      2.35163778              -0      6.59734036
      1.95825315              -5      2.15473695
      1.60020787              -9      1.21268672
      1.90723566              -1      4.51364022
      1.48517267              -1      5.90441875
       1.8269129              -5      2.56089122
      2.11224751              -9     0.814780991
      1.70044853              -9      1.06833331
      1.59330271              -9      1.38596409
      1.58959362              -9      1.37095656
      1.73424149              -5       1.6315235
      1.68014447              -2      3.36924617
      1.67912768              -7      3.43529608
      1.68992454              -1      3.68491326
      1.73062074              -4      6.24907466
      1.92753302              -9      2.28333148
      1.55945561              -0      6.07076653
      1.78587361              -9      1.69790569
      1.66005997              -0      5.40640771
      1.74093709              -6      3.99644414
      1.70202357              -4      3.78920384
      1.68127381              -6       3.3348537
      1.48294433              -0      5.89298594
      1.95671108              -5      2.01296587
      1.68440472              -9      1.08467048
      1.79784358              -5        2.646924
      1.95323734              -7      1.99591663
       1.5345205              -0      6.03121166
       1.8236923              -9     0.969817521
      1.69232369              -5      3.16989256
      1.92034218              -9     0.910456117
      2.92992758              -9      0.53540424
      1.90024999              -0      6.36839799
      1.79724099              -9     0.988173448
      1.55662586              -0      6.06662318
       1.6854157              -1      3.62968329
       1.7002357              -4      3.77608816
      1.48472467              -0       5.7465257
      1.71447631              -4      3.86824672
      1.70357952              -0      5.34844907
      1.60589771              -9       1.4240326
      1.52526542              -4      6.01429597
      1.58486759              -9      1.34430266
      1.69062415              -4      3.69229143
       2.1979746              -9     0.778005593
      1.70894691              -2      3.03201616
      1.58578426              -9       1.2663084
      1.67919882              -1      3.42324647
      1.68394744              -4      3.60731606
      1.47699312              -0      5.81889928
      1.71698524              -9      1.05267529
      1.48791317              -0      5.73149624
      1.59383886              -2       1.2313943
      1.68879908              -2      3.67249206
      1.58296038              -9      1.29180305
      1.70972065              -1      3.84017312
       2.6249833              -9     0.625362753
      1.93482264              -4       4.6051286
       1.7772797              -6      2.71443316
      1.54443616              -7      5.58480006
      1.72183465              -6      2.95270834
      1.59975942              -9      1.21387634
      1.48301829              -0      5.89339716
      1.69667665              -1      3.74807193
      1.67993987              -7       3.5135272
      1.62840008              -7      5.45026097
      1.65898044              -0      5.40787245
      1.68118967              -0      6.20678575
      1.68441497              -9      1.08465964
      1.73190476              -4      2.89978158
      1.79609695              -2      2.65240243
      1.75410083              -4      2.80087396
      1.96087844              -7      4.86430717
      2.40512105              -9     0.698844852
      1.70243392              -4      3.07942174
       1.7633867              -7      4.08377946
       1.7568296              -6       2.7899624
      1.58259588              -9       1.2996411
      1.96435336              -0      4.80120329
      1.87505563              -4      5.10556302
      1.47782992              -0      5.85156499
      1.49486379              -0      5.94143602
       1.6980284              -1      3.75904286
      1.80004964              -5     0.986169995
      1.70666077              -7      3.04795409
      1.84772867              -9      1.78041959
      1.63020521              -9      1.47678807
      1.75007567              -2      2.81739969
      1.85668199              -1      4.36897122
      1.47749248              -0      5.84603091
      1.74408313              -0      5.29523353
      1.70962382              -1      3.02742543
      1.67932476              -2      3.41091959
      1.88689129              -4        4.453885
      1.48191269              -0       5.8869564
      1.77629924              -0      6.28448609
      1.59026927              -9       1.3739278
      1.93295027              -6      4.59821579
      1.81749354              -0       6.3140854
      1.72214849              -4      3.90954769
      1.54691923              -0      6.05179779
      1.82261634              -7      2.57309342
      1.83349394              -2      2.54246739
      1.96171555              -1      4.74762735
      1.85983438              -5      2.47105009
       1.8430183              -2      4.33069189
      1.69496415              -7      3.73350175
      1.58287507              -9      1.29325758
      1.70639836              -2      3.04982866
      1.73505934              -4      3.97097763
      1.67999297              -2      3.51563746
      1.74673543              -1      4.02036203
      1.47957539              -0      5.77976504
      2.30058044              -5     0.737320957
      1.71829511              -9      1.05147943
      1.74841452              -1      4.02708966
      1.66147312              -5      1.52992741
      1.68952482              -6      3.20097508
      1.67924877              -4       3.4738137
      1.57880036              -0      5.52492994
      1.90423091              -4      6.37086564
      1.69336377              -5       3.7191033
      1.78613881              -7      2.68449333
      1.58253744              -9      1.30175574
      1.70787196              -5      1.06117045
      1.75068221              -5      2.81487517
      1.82042622              -7      2.57937162
      1.78422648              -5      1.69578788
      1.68312754              -5       3.2942743
      1.95955835              -5      2.03094658
      1.54722411              -0      5.57954649
      1.77346884              -7      4.11921067
      1.91137288              -7      4.52633729
      1.88797009              -2       2.3962211
      2.11644855              -0      6.48854847
      1.68076639              -4      3.34881267
      1.74485012              -9      1.64526797
       1.9597134              -2      4.87365321
      1.89159871              -6      2.38646389
       1.5487243              -0      5.57675503
      1.49445173              -0      5.94011358
      1.58068569              -0      5.52189191
      1.94769499              -5       2.2105893
      1.89456731              -4      5.07015939
      1.92984969              -4      4.99153379
      1.90375242              -4      5.05197611
      1.66712477              -7      5.39686369
      1.89757835              -2      5.06432539
      1.95062611              -6      2.19744495
      1.95293674              -7      4.91278307
      1.73193523              -7      3.95686863
      1.98609402              -9     0.875071475
      2.01592124              -1      6.43580911
      1.75552298              -1       5.2801089
      1.57797726              -0      6.09623423
      1.68106377              -7      3.34041134
      1.92704392              -0      4.99891164
      1.84970682              -7      4.34946889
      1.92807613              -0      4.99623031
      1.60445053              -5      1.20212481
      1.71501119              -4      2.99272716
      1.89782955              -5      2.36955543
