10 1
0.24767089
1 -1 1 1
         5.907718266 
   0.539700343001325 
0.10909928
1 -1 1 1
         4.011002942 
    1.15647481665285 
0.086928337
1 -1 1 1
         3.378542452 
    1.15055334584157 
0
1 -1 1 1
                   0 
                   0 
0.11646478
1 -1 1 1
         3.771579772 
    1.19193460348517 
0.10062784
1 -1 1 1
         2.345820826 
   0.710006110813187 
0.051871853
1 -1 1 1
         3.706918574 
   0.956476221145969 
0.11563815
1 -1 1 1
         3.826753959 
    1.18748881408697 
0
1 -1 1 1
                   0 
                   0 
0.17169887
1 -1 1 1
         1.222752262 
   0.430053535379621 
