 0.50614 2.81102e-03
 0.51841 0.00000e+00
 0.53068 1.03972e-02
 0.54295 0.00000e+00
 0.55522 2.46606e-03
 0.56750 0.00000e+00
 0.57977 6.77887e-03
 0.59204 6.59223e-03
 0.60431 4.21388e-03
 0.61658 4.08325e-03
 0.62885 0.00000e+00
 0.64113 3.78722e-03
 0.65340 0.00000e+00
 0.66567 0.00000e+00
 0.67794 1.72945e-03
 0.69021 0.00000e+00
 0.70249 0.00000e+00
 0.71476 0.00000e+00
 0.72703 6.07083e-03
 0.73930 2.94876e-03
 0.75157 2.85291e-03
 0.76385 1.37891e-03
 0.77612 0.00000e+00
 0.78839 1.33628e-03
 0.80066 0.00000e+00
 0.81293 2.51950e-03
 0.82520 4.87181e-03
 0.83748 0.00000e+00
 0.84975 3.49091e-03
 0.86202 1.13552e-03
 0.87429 0.00000e+00
 0.88656 0.00000e+00
 0.89884 1.07177e-03
 0.91111 3.15766e-03
 0.92338 2.06117e-03
 0.93565 4.04832e-03
 0.94792 9.99945e-04
 0.96020 9.79862e-04
 0.97247 9.63708e-04
 0.98474 9.52695e-04
 0.99701 1.85961e-03
 1.00928 2.76480e-03
 1.02155 5.45886e-03
 1.03383 2.69097e-03
 1.04610 2.66272e-03
 1.05837 8.75410e-04
 1.07064 8.64767e-04
 1.08291 1.71423e-03
 1.09519 3.40223e-03
 1.10746 2.52783e-03
 1.11973 0.00000e+00
 1.13200 2.48743e-03
 1.14427 1.64565e-03
 1.15655 0.00000e+00
 1.16882 2.43524e-03
 1.18109 8.05801e-04
 1.19336 2.41240e-03
 1.20563 7.98413e-04
 1.21790 1.59374e-03
 1.23018 3.97010e-03
 1.24245 3.16757e-03
 1.25472 3.16228e-03
 1.26699 3.94548e-03
 1.27926 7.88227e-04
 1.29154 1.57529e-03
 1.30381 1.57516e-03
 1.31608 1.57562e-03
 1.32835 2.36631e-03
 1.34062 1.57923e-03
 1.35290 1.58230e-03
 1.36517 0.00000e+00
 1.37744 1.58954e-03
 1.38971 7.98108e-04
 1.40198 2.40084e-03
 1.41425 1.60815e-03
 1.42653 8.06667e-04
 1.43880 8.11519e-04
 1.45107 2.44495e-03
 1.46334 3.28048e-03
 1.47561 5.77233e-03
 1.48789 1.65792e-03
 1.50016 1.66654e-03
 1.51243 2.51965e-03
 1.52470 2.54126e-03
 1.53697 4.26148e-03
 1.54925 1.71706e-03
 1.56152 3.45598e-03
 1.57379 1.74760e-03
 1.58606 3.51673e-03
 1.59833 0.00000e+00
 1.61060 1.78975e-03
 1.62288 2.70419e-03
 1.63515 4.54737e-03
 1.64742 1.83886e-03
 1.65969 2.76694e-03
 1.67196 1.86305e-03
 1.68424 9.37140e-04
 1.69651 9.48358e-04
 1.70878 1.91854e-03
 1.72105 1.93141e-03
 1.73332 2.91927e-03
 1.74560 1.96297e-03
 1.75787 4.94409e-03
 1.77014 2.98568e-03
 1.78241 1.00384e-03
 1.79468 0.00000e+00
 1.80695 6.10253e-03
 1.81923 3.08282e-03
 1.83150 0.00000e+00
 1.84377 2.07993e-03
 1.85604 4.18241e-03
 1.86831 2.10568e-03
 1.88059 2.11338e-03
 1.89286 2.12557e-03
 1.90513 1.06925e-03
 1.91740 3.21588e-03
 1.92967 2.15528e-03
 1.94195 1.08069e-03
 1.95422 1.08490e-03
 1.96649 0.00000e+00
 1.97876 1.09119e-03
 1.99103 0.00000e+00
 2.00330 2.19341e-03
 2.01558 1.09844e-03
 2.02785 0.00000e+00
 2.04012 4.40435e-03
 2.05239 1.10193e-03
 2.06466 1.10210e-03
 2.07694 1.10192e-03
 2.08921 1.10167e-03
 2.10148 2.20183e-03
 2.11375 0.00000e+00
 2.12602 0.00000e+00
 2.13830 1.09660e-03
 2.15057 1.09420e-03
 2.16284 0.00000e+00
 2.17511 1.08986e-03
 2.18738 2.17065e-03
 2.19965 0.00000e+00
 2.21193 0.00000e+00
 2.22420 1.07760e-03
 2.23647 2.14355e-03
 2.24874 1.06689e-03
 2.26101 2.12812e-03
 2.27329 1.05720e-03
 2.28556 1.05357e-03
 2.29783 0.00000e+00
 2.31010 1.04568e-03
 2.32237 1.04203e-03
 2.33465 3.10623e-03
 2.34692 3.09310e-03
 2.35919 3.07260e-03
 2.37146 3.06060e-03
 2.38373 1.01385e-03
 2.39600 1.00942e-03
 2.40828 0.00000e+00
 2.42055 3.99933e-03
 2.43282 1.98920e-03
 2.44509 9.88443e-04
 2.45736 0.00000e+00
 2.46964 9.79333e-04
 2.48191 9.72885e-04
 2.49418 2.91089e-03
 2.50645 6.74844e-03
 2.51872 9.59514e-04
 2.53100 2.86620e-03
 2.54327 2.84851e-03
 2.55554 9.45296e-04
 2.56781 0.00000e+00
 2.58008 1.87285e-03
 2.59235 0.00000e+00
 2.60463 9.25070e-04
 2.61690 1.84352e-03
 2.62917 2.75607e-03
 2.64144 2.74301e-03
 2.65371 2.72756e-03
 2.66599 9.06746e-04
 2.67826 3.60921e-03
 2.69053 0.00000e+00
 2.70280 3.57387e-03
 2.71507 8.91976e-04
 2.72735 8.85020e-04
 2.73962 4.41661e-03
 2.75189 3.51617e-03
 2.76416 8.76438e-04
 2.77643 2.61600e-03
 2.78870 3.48064e-03
 2.80098 1.73315e-03
 2.81325 3.45535e-03
 2.82552 8.60460e-04
 2.83779 1.71476e-03
 2.85006 1.71117e-03
 2.86234 3.40949e-03
 2.87461 3.39692e-03
 2.88688 2.53738e-03
 2.89915 0.00000e+00
 2.91142 1.68421e-03
 2.92370 1.67776e-03
 2.93597 1.67439e-03
 2.94824 1.66981e-03
 2.96051 4.99626e-03
 2.97278 8.31452e-04
 2.98505 8.28956e-04
 2.99733 8.26251e-04
 3.00960 8.25753e-04
 3.02187 2.46925e-03
 3.03414 8.21447e-04
 3.04641 1.64026e-03
 3.05869 1.63746e-03
 3.07096 4.08387e-03
 3.08323 3.26170e-03
 3.09550 2.44193e-03
 3.10777 8.13299e-04
 3.12005 3.24666e-03
 3.13232 8.10250e-04
 3.14459 0.00000e+00
 3.15686 1.61644e-03
 3.16913 1.61449e-03
 3.18140 8.06692e-04
 3.19368 3.22198e-03
 3.20595 8.04632e-04
 3.21822 2.41152e-03
 3.23049 8.03174e-04
 3.24276 2.40758e-03
 3.25504 2.40654e-03
 3.26731 2.40496e-03
 3.27958 1.60228e-03
 3.29185 3.20265e-03
 3.30412 8.00539e-04
 3.31640 8.00246e-04
 3.32867 3.19970e-03
 3.34094 1.59952e-03
 3.35321 7.99721e-04
 3.36548 7.99684e-04
 3.37775 2.39915e-03
 3.39003 2.39936e-03
 3.40230 7.99888e-04
 3.41457 0.00000e+00
 3.42684 2.40149e-03
 3.43911 1.60125e-03
 3.45139 0.00000e+00
 3.46366 3.20640e-03
 3.47593 1.60409e-03
 3.48820 2.40807e-03
 3.50047 1.60701e-03
 3.51275 0.00000e+00
 3.52502 1.60897e-03
 3.53729 3.22249e-03
 3.54956 8.06431e-04
 3.56183 0.00000e+00
 3.57410 8.08652e-04
 3.58638 4.85573e-03
 3.59865 1.62026e-03
 3.61092 1.62315e-03
 3.62319 1.62541e-03
 3.63546 0.00000e+00
 3.64774 8.14945e-04
 3.66001 0.00000e+00
 3.67228 8.17932e-04
 3.68455 4.09780e-03
 3.69682 0.00000e+00
 3.70910 0.00000e+00
 3.72137 2.47524e-03
 3.73364 1.65239e-03
 3.74591 1.65719e-03
 3.75818 1.66290e-03
 3.77045 8.32393e-04
 3.78273 1.66944e-03
 3.79500 2.51205e-03
 3.80727 0.00000e+00
 3.81954 3.36705e-03
 3.83181 1.68786e-03
 3.84409 1.69391e-03
 3.85636 0.00000e+00
 3.86863 1.70437e-03
 3.88090 8.54699e-04
 3.89317 8.55460e-04
 3.90545 0.00000e+00
 3.91772 1.72526e-03
 3.92999 8.64890e-04
 3.94226 1.73462e-03
 3.95453 1.74210e-03
 3.96680 1.74904e-03
 3.97908 2.63046e-03
 3.99135 2.64111e-03
 4.00362 3.53678e-03
 4.01589 2.66594e-03
 4.02816 3.56631e-03
 4.04044 0.00000e+00
 4.05271 6.29029e-03
 4.06498 3.60827e-03
 4.07725 1.81370e-03
 4.08952 1.82073e-03
 4.10180 9.12547e-04
 4.11407 0.00000e+00
 4.12634 0.00000e+00
 4.13861 2.77761e-03
 4.15088 2.78986e-03
 4.16315 3.73968e-03
 4.17543 3.75175e-03
 4.18770 0.00000e+00
 4.19997 2.84612e-03
 4.21224 2.85597e-03
 4.22451 9.59085e-04
 4.23679 9.62041e-04
 4.24906 1.93012e-03
 4.26133 2.91471e-03
 4.27360 1.95032e-03
 4.28587 2.94405e-03
 4.29815 2.95786e-03
 4.31042 1.98075e-03
 4.32269 1.99208e-03
 4.33496 0.00000e+00
 4.34723 1.00783e-03
 4.35950 0.00000e+00
 4.37178 3.04674e-03
 4.38405 5.10014e-03
 4.39632 3.07575e-03
 4.40859 4.12164e-03
 4.42086 0.00000e+00
 4.43314 1.03939e-03
 4.44541 1.04498e-03
 4.45768 5.25679e-03
 4.46995 1.05593e-03
 4.48222 1.06005e-03
 4.49450 4.26685e-03
 4.50677 3.21599e-03
 4.51904 3.23001e-03
 4.53131 1.07836e-03
 4.54358 2.16798e-03
 4.55585 2.18118e-03
 4.56813 1.09199e-03
 4.58040 1.09814e-03
 4.59267 0.00000e+00
 4.60494 3.32118e-03
 4.61721 1.11086e-03
 4.62949 0.00000e+00
 4.64176 2.23877e-03
 4.65403 4.49008e-03
 4.66630 2.24982e-03
 4.67857 1.12833e-03
 4.69085 2.26347e-03
 4.70312 5.67071e-03
 4.71539 1.13745e-03
 4.72766 0.00000e+00
 4.73993 3.42380e-03
 4.75220 2.28730e-03
 4.76448 0.00000e+00
 4.77675 2.29310e-03
 4.78902 1.14804e-03
 4.80129 1.14883e-03
 4.81356 0.00000e+00
 4.82584 2.29991e-03
 4.83811 2.30020e-03
 4.85038 1.15000e-03
 4.86265 0.00000e+00
 4.87492 0.00000e+00
 4.88720 3.44312e-03
 4.89947 2.29437e-03
 4.91174 0.00000e+00
 4.92401 2.28700e-03
 4.93628 2.28434e-03
 4.94855 2.27639e-03
 4.96083 2.27300e-03
 4.97310 1.13352e-03
 4.98537 4.52035e-03
 4.99764 1.12841e-03
 5.00991 2.24470e-03
 5.02219 3.36090e-03
 5.03446 1.11696e-03
 5.04673 1.11336e-03
 5.05900 1.10822e-03
 5.07127 4.41278e-03
 5.08355 2.19322e-03
 5.09582 1.09130e-03
 5.10809 0.00000e+00
 5.12036 3.24333e-03
 5.13263 2.14880e-03
 5.14490 3.20956e-03
 5.15718 5.32134e-03
 5.16945 1.06050e-03
 5.18172 1.05489e-03
 5.19399 3.13159e-03
 5.20626 3.12129e-03
 5.21854 2.07244e-03
 5.23081 1.02854e-03
 5.24308 3.05601e-03
 5.25535 3.04320e-03
 5.26762 2.01423e-03
 5.27990 3.00652e-03
 5.29217 9.93600e-04
 5.30444 2.96970e-03
 5.31671 9.81501e-04
 5.32898 1.94881e-03
 5.34125 9.68167e-04
 5.35353 2.89643e-03
 5.36580 4.78597e-03
 5.37807 2.85564e-03
 5.39034 4.73699e-03
 5.40261 0.00000e+00
 5.41489 9.34270e-04
 5.42716 1.85578e-03
 5.43943 9.23867e-04
 5.45170 3.67258e-03
 5.46397 3.64945e-03
 5.47625 1.81243e-03
 5.48852 1.80768e-03
 5.50079 0.00000e+00
 5.51306 3.57243e-03
 5.52533 1.77602e-03
 5.53760 2.65225e-03
 5.54988 1.76174e-03
 5.56215 1.75239e-03
 5.57442 8.74284e-04
 5.58669 2.60743e-03
 5.59896 2.59718e-03
 5.61124 1.72724e-03
 5.62351 2.58381e-03
 5.63578 4.28931e-03
 5.64805 1.71040e-03
 5.66032 1.70669e-03
 5.67260 8.52171e-04
 5.68487 0.00000e+00
 5.69714 8.47970e-04
 5.70941 1.69379e-03
 5.72168 2.53740e-03
 5.73395 1.69052e-03
 5.74623 2.53408e-03
 5.75850 4.22157e-03
 5.77077 8.44311e-04
 5.78304 1.68896e-03
 5.79531 8.44800e-04
 5.80759 8.45645e-04
 5.81986 8.46357e-04
 5.83213 2.54358e-03
 5.84440 3.39947e-03
 5.85667 0.00000e+00
 5.86895 1.70735e-03
 5.88122 5.99068e-03
 5.89349 3.43895e-03
 5.90576 1.72611e-03
 5.91803 2.59635e-03
 5.93030 2.60941e-03
 5.94258 1.74697e-03
 5.95485 2.63179e-03
 5.96712 8.83251e-04
 5.97939 1.77364e-03
 5.99166 2.68250e-03
 6.00394 2.69244e-03
 6.01621 2.71496e-03
 6.02848 0.00000e+00
 6.04075 9.15649e-04
 6.05302 2.76998e-03
 6.06530 1.86587e-03
 6.07757 1.88913e-03
 6.08984 9.50324e-04
 6.10211 9.61188e-04
 6.11438 9.64107e-04
 6.12665 4.88799e-03
 6.13893 3.95485e-03
 6.15120 0.00000e+00
 6.16347 1.00659e-03
 6.17574 4.09648e-03
 6.18801 3.10112e-03
 6.20029 3.15422e-03
 6.21256 4.24603e-03
 6.22483 3.22867e-03
 6.23710 0.00000e+00
 6.24937 4.43793e-03
 6.26165 1.11703e-03
 6.27392 1.14535e-03
 6.28619 0.00000e+00
 6.29846 1.17206e-03
 6.31073 0.00000e+00
 6.32300 1.21571e-03
 6.33528 6.21345e-03
 6.34755 2.53576e-03
 6.35982 2.57819e-03
 6.37209 3.92237e-03
 6.38436 0.00000e+00
 6.39664 4.07069e-03
 6.40891 2.76896e-03
 6.42118 1.40649e-03
 6.43345 4.32256e-03
 6.44572 0.00000e+00
 6.45800 1.49690e-03
 6.47027 1.52605e-03
 6.48254 0.00000e+00
 6.49481 1.59881e-03
 6.50708 1.62671e-03
 6.51935 1.69791e-03
 6.53163 1.70513e-03
 6.54390 3.51926e-03
 6.55617 3.60922e-03
 6.56844 0.00000e+00
 6.58071 3.81365e-03
 6.59299 3.88132e-03
 6.60526 1.98570e-03
 6.61753 4.09835e-03
 6.62980 0.00000e+00
 6.64207 0.00000e+00
 6.65435 0.00000e+00
 6.66662 0.00000e+00
 6.67889 0.00000e+00
 6.69116 0.00000e+00
 6.70343 2.48160e-03
 6.71570 2.56125e-03
 6.72798 5.34643e-03
 6.74025 0.00000e+00
 6.75252 2.79754e-03
 6.76479 0.00000e+00
 6.77706 9.08973e-03
