# npar = 1, n_ded = 0
#         weight            chi2        param[0]
#                                     alpha_topo
       1.9774288              -0      4.75743939
      1.74709257              -5      1.63528173
      1.93996916              -5      2.07014417
      1.93904245              -9      2.09710171
      1.91102654              -4      1.91188974
      1.68419948              -0      5.86734415
      1.95734602              -0      4.65254218
      1.78972451              -5      1.69700514
      1.66516263              -2      2.93527112
      1.72387336              -4      5.98108749
      1.72987474              -7      2.70558559
      1.83141064              -0       6.1387978
        1.620371              -1       3.4337751
      1.84830059              -0      5.27227999
      1.60403402              -9      1.29312561
      1.91082222              -6      5.14396173
      1.62062009              -1      3.28826688
      1.60933135              -9      1.24395882
      1.60579655              -9      1.26699022
      1.62400907              -7      3.50510721
      1.60477831              -9      1.27785152
      1.90830615              -1      4.49906492
      2.19438682              -9     0.754227239
      1.68991221              -2       5.6347821
      1.67864841              -5      2.87778197
      1.95336188              -7      5.03058359
      1.89673176              -9     0.909614438
      1.79179477              -0      6.09055354
      1.62533157              -9      1.41720875
      1.87182964              -4      4.40522524
       1.8565012              -5       2.3879852
       1.7391589              -4      1.62369004
       1.7516514              -9      1.01871494
       1.8852184              -0      5.19913827
      1.77154104              -7      4.15342556
      1.87342194              -1      4.40919311
      1.62638685              -2      3.53636866
      1.60690349              -9      1.34242074
      1.70098921              -1      3.94083742
      1.85911874              -2      4.37376374
      1.76540309              -6       4.1368784
       1.8937605              -9      1.87054783
      1.60910227              -9       1.2451487
      1.63400664              -6      3.61098666
       1.7405558              -4      2.67514909
      2.22421599              -9     0.741225337
      1.79428703              -9     0.982327477
      1.97651401              -1      4.75031644
      1.69823914              -0      5.91838129
      2.31200711              -0      6.49268965
       1.8240756              -0      5.31865799
      1.85658333              -9     0.936202378
      1.65128822              -5      3.00464315
      1.81039711              -4      5.34483923
      1.68403842              -6      2.85674406
      2.00403683              -9     0.846797875
      1.76013067              -9      1.65418775
      1.65250991              -9      1.13553929
      2.95339022              -0      6.77941241
      1.98801651              -9     0.855558295
      2.13263581              -9     0.782276246
      1.89471957              -9      1.87263321
        1.918427              -1      5.12632484
       1.9647138              -4      4.98864498
      1.79746283              -0      5.36982992
      1.73230006              -0       5.9977801
      1.82765005              -4      4.29642523
      2.49673639              -0      6.58643679
      1.70031755              -5        2.798216
      1.64351904              -2      3.68003164
      1.85212481              -5      2.39856011
      1.89481644              -1      4.46346021
      1.88702675              -6      1.85641491
      1.61233145              -9      1.23028994
      1.69025838              -6      2.83357051
      1.67981904              -4      5.84441963
      1.69745173              -9       1.0742515
      2.40193289              -0      6.53986635
      1.68094048              -9      1.53316673
      1.62152662              -1      3.26687074
      1.61953119              -7      3.32794022
       1.6438373              -6      3.68207787
      2.24614682              -0      6.45590164
      1.67347612              -4      5.76102787
       2.1732762              -0      6.41252292
      1.79755927              -7      2.52860644
      1.74128933              -4      4.06906352
      2.09380403              -0      6.36124951
      2.20867886              -0      6.43398264
      1.60771856              -5      1.25299891
       1.6264438              -2      3.19235955
      1.67810056              -6       2.8799752
      1.69639922              -1      1.55861655
      1.69058019              -9      1.54920685
      1.83888315              -9      1.77117972
      1.61319041              -9      1.37594633
      1.61937222              -4      3.39065616
      1.96355477              -0       4.9934202
      1.89366456              -4      4.46048035
      1.91780515              -9      1.93129786
      1.75708098              -9      1.01379735
      1.64363658              -1      3.68078893
      1.86251858              -7      2.37330643
      1.87805685              -1      5.21375203
      1.62682944              -9      1.18596522
      1.91511303              -0      5.13410069
      1.80480841              -5      2.51115472
      1.93623573              -4       5.0814564
      1.63088631              -7      3.58356119
      1.78824459              -4      4.19732468
      1.95650117              -0      5.01990035
      1.61920899              -7      3.36114727
      1.66763439              -5      2.92413004
      1.62112697              -7      3.27566265
      1.64425375              -7      3.04593666
      1.96727923              -1      4.69585889
      1.96348462              -7      4.67818575
      2.09956031              -0      6.36512551
      1.69378334              -7      5.61951393
      1.75643772              -2      5.45301689
       1.7675761              -7      4.14276521
      1.81318457              -5      2.49115093
      1.62326645              -2      3.49379356
      1.76172339              -0      6.04786174
      1.97200171              -0      4.95430661
      1.86805382              -4      4.39584343
      1.72861378              -2      5.51670121
      2.66277614              -9     0.578287167
      1.96807636              -0      4.97387074
      1.83111297              -0      5.30522013
        1.979223              -0      4.77344622
       1.8921363              -7       4.4565392
      1.67366579              -2      1.52061305
      1.92035002              -2      1.93932298
      1.71142538              -1      3.97642768
       1.8832351              -9      1.84880214
      1.69587347              -0      5.91111794
      1.91050221              -9      2.24222583
      1.66904422              -5      1.51239794
      1.77887097              -2      2.57448186
      1.63136576              -7       3.5879972
      1.62356309              -2      3.23081506
      1.96844864              -7      4.70168715
      2.52871784              -0      6.60151575
      2.15045619              -7       6.3982665
      1.60554844              -9      1.33104712
      1.65169902              -4      3.72892914
      2.03939882              -9      0.82808997
      1.87475034              -7      6.18471086
      1.63609061              -2      3.10234627
      1.88853792              -9      1.85951436
      1.73741931              -5      2.68395309
      1.75790335              -9      1.65096654
      1.96099056              -7      4.66739713
      1.76637391              -0      5.43205557
      2.94609073              -0      6.77663476
      1.68567878              -0      5.65351722
      1.94265286              -6      4.59994429
      1.66436939              -2      3.79362417
       1.8085555              -5      2.50218794
      1.88548668              -4      5.19858531
      1.92462657              -5      2.19050195
      1.62253095              -7      3.24767783
      1.90270378              -0      5.16206447
      1.87423314              -5      2.34409818
      1.85916563              -4      4.37387928
      1.78973488              -9        2.547636
      1.68748972              -1      2.84374968
      1.71994126              -2      2.73517094
      1.62590195              -9       1.1882462
      2.62266209              -9     0.591531182
      1.64915868              -9      1.47417344
       1.6423857              -4      3.05788832
      2.63123153              -9     0.588679962
      1.98149121              -2      4.80191442
      1.84681249              -7      5.27514596
      1.77742531              -6      4.16906616
      1.69807368              -0      5.60405457
      1.65160114              -9      1.47918108
      1.82999916              -4      4.30221472
      1.82186366              -5      2.47054282
      1.98080055              -0      4.79149277
      2.87148688              -0      6.74777007
      1.93001433              -4      1.97599791
      1.66156812              -4      2.95204906
      1.60536428              -9      1.32917397
      1.62039947              -5      3.43461628
      2.26178472              -9     0.725303473
      1.98240851              -4      4.82400142
      1.97105537              -1      4.95931108
      1.86093484              -5      1.80770029
      1.62027675              -4      3.29815779
       1.9006119              -0      6.20963957
      1.68278165              -9      1.53627885
      1.71554129              -9      1.58846171
      1.73506313              -6      4.05067124
      1.95342433              -0      6.25626277
      1.86347334              -2      1.81212423
      1.81626397              -0      6.12120292
      1.98017559              -4      4.89463036
       1.9773649              -1       4.9203161
      1.67318446              -9      1.10472873
      1.69353453              -0      5.62045328
      1.80489315              -4      2.51095156
      1.72949492              -2      4.03385276
      1.78975078              -0      5.38491825
      1.73344252              -9      1.61527723
      1.97034568              -0      4.96293272
      1.76170994              -5      2.61820741
      1.67465453              -0      5.73157436
       1.9393038              -5      2.04387081
      1.91264215              -4      4.51084508
       1.7101608              -0      5.95042291
      2.81713503              -0      6.72616211
      1.92879456              -2      2.17165516
      1.74485478              -2      2.66324808
      1.62927181              -4      3.16167566
      2.74536852              -7     0.551796589
      1.64105299              -6       3.0667226
      1.76486122              -4      2.61003582
      1.64725627              -1      3.02765709
       1.7230806              -9      1.04632352
      1.62227582              -6      3.25223976
      1.80703221              -0      5.35131106
      1.79471824              -0      5.37518024
      1.86797638              -5      2.35981848
      1.90897836              -0      5.14813348
      1.69007632              -9      1.08302054
      1.88063544              -6      1.84370755
      1.82503306              -2      4.28996626
      1.92861261              -2      4.55622784
      1.82522432              -0      6.13172407
      1.72120604              -4       4.0080942
      1.63349948              -1      3.12311517
      1.75958361              -9       1.6533968
      1.94188875              -0       5.0657617
      1.96464884              -1      4.98891647
      1.78649006              -1      2.55559785
      1.75402918              -1       5.4582091
      1.65993563              -7      2.95991509
       1.9653262              -0      4.98606161
      1.69749813              -9      1.56037337
      1.63037727              -1      3.15090067
      1.82615117              -9      1.75126742
      1.68308895              -4      3.87421103
      1.65880053              -5      2.96548219
      1.85716687              -9      1.80122967
      1.95990839              -4      4.66288291
      1.68087118              -0      5.85052452
      2.04746697              -9     0.823934303
      1.70713721              -1       3.9620489
      1.73494719              -6      4.05032474
      1.93977907              -7      5.07172262
      1.65189016              -5      3.00133955
      1.74267854              -0      6.01669543
      1.71860164              -0      5.96988879
      1.71018977              -1      3.97231757
      1.61929296              -1      3.34561547
      1.71190133              -1      3.97800394
       1.6276103              -1      3.55040293
      1.62669293              -2      3.53998596
      1.66494108              -2      2.93628487
      1.71071083              -0      5.56432243
       1.7684025              -1      4.14499558
      1.83632632              -0      5.29525714
       1.9218494              -0      5.11813258
      1.87034695              -0      6.18030115
      1.77042458              -9       1.0020897
      2.57803156              -9     0.606581936
      1.60519697              -9      1.27284196
      1.96777614              -2      4.69831029
      2.27174038              -9     0.721163752
      1.88966526              -4      1.86185256
      1.74972958              -0       5.4676018
      1.71877236              -2      2.73874401
      1.80455076              -4      2.51177249
      1.83878829              -4      4.32382448
      1.98259497              -0       4.8421368
      1.71431727              -4       2.7525559
      1.95012813              -1      5.04104808
      1.65081037              -2      1.47757139
      2.15063755              -0      6.39838118
      1.81266589              -4      2.49238569
      1.99076473              -9     0.854042051
      1.67345063              -0      5.76458635
      1.60548618              -9      1.33042639
      1.87916801              -7      6.18908401
      1.62410335              -1      3.22279425
      1.86204727              -4      4.38098488
      1.71458985              -0      5.55333412
      1.71886477              -0      5.54170468
      2.78324383              -0      6.71242306
      1.85295309              -9     0.938712982
       2.7516493              -7      6.69942109
      1.71741521              -7      2.74291851
      1.92462288              -9      2.19051757
      1.93031607              -7      4.56130198
       1.6986889              -0      5.60193949
      1.76294458              -9      1.00858892
      1.72030969              -4      4.00525247
       1.7990853              -5      2.52491977
      1.67354448              -0      5.75654647
      1.77782188              -1      4.17011295
      1.69151351              -0      5.89660065
      1.90148852              -2      5.16471895
      1.93957279              -6      2.08706252
      1.67551954              -0      5.72067252
      1.81533151              -4      4.26591341
      1.69012636              -0      5.63389733
      1.76356015              -0      5.43792231
      1.64014925              -2      3.07287267
      1.68101901              -5      2.86841142
      1.96798931              -0      4.69937312
      1.69558083              -4      2.81456404
      1.66984453              -2       3.8186921
      2.56102217              -7     0.612410247
      1.84122702              -4      2.42463167
      1.92348278              -6      4.54125132
      1.87176162              -5       2.3503449
      1.81790413              -2      4.27231069
      1.86304537              -2      2.37201245
      1.71985337              -5       2.7354389
      1.75021872              -7      1.63982796
       1.7469806              -4      1.02302219
      1.67082547              -4      3.82303662
       1.7479077              -9      1.63646815
      1.62501126              -5      3.51906145
       1.6220799              -4      3.47328969
      1.75163088              -5       2.6448497
       1.8983737              -5      2.27926765
      1.77837251              -1      4.17156492
      1.70294294              -1      5.93181999
      1.97845329              -0      6.27673246
        1.864565              -0      6.17443112
      1.76439797              -2      1.66035367
       1.7232579              -0      5.53020196
      1.67631788              -2      3.84663215
      2.64160068              -9     0.585246055
      1.75462516              -0      6.03670365
      1.68912575              -0      5.63807742
       1.8255047              -4      4.29113108
      1.67603067              -4      5.71528494
      1.71415506              -5      2.75306476
      1.62015864              -4      3.42714396
      1.73757765              -1      4.05814947
      1.95874532              -6       4.6581316
       1.7695103              -9      1.00287572
        1.843593              -5      2.41899595
      1.80851282              -4      5.34846123
       1.7243076              -4      4.01784001
      1.66280746              -4      3.78619531
      1.87650758              -2      2.33830215
      2.66924878              -9     0.576174182
      1.63656463              -7      3.09872837
      1.88674084              -4      4.44272872
      1.93488869              -4      2.00200324
      1.60923564              -9      1.24445271
      1.89618821              -0      5.17614779
       1.7108157              -0      5.95201206
      1.64895884              -7      3.01774192
      1.86085822              -1      4.37805136
      1.93522285              -2      2.00418495
      1.96547704              -0      4.98541853
      1.63217736              -2       3.5953096
      1.76969172              -0      6.05983811
      1.78822974              -0      5.38791555
      1.72843129              -5      2.70980286
      1.90332236              -4      5.16070816
      1.87377173              -0      6.18373528
      2.16284138              -0      6.40604713
      1.91723217              -2      1.92955447
      1.66639869              -5      1.50760021
      1.94567842              -1      4.61005502
      1.73163501              -4      2.70047795
      2.07026958              -9      0.81239872
      1.71318745              -4       2.7561094
       1.9158079              -2      4.51957267
      1.62168174              -6      3.26366581
        1.780351              -7      4.17676822
      1.63083915              -2      3.58311988
      1.62682671              -4      3.18788616
       1.6807113              -4      2.86961699
      1.67719137              -0      5.82639749
      1.85725887              -0      5.25493562
      1.72583296              -9      1.04352145
      1.71742862              -7      2.74287711
      1.62049941              -7      3.29158985
      1.87162159              -7      4.40470731
      1.67509139              -0      5.80629608
      1.63420674              -5      3.11726701
      1.67402815              -2      3.83694001
      1.86588689              -4      2.36500442
      1.95858897              -7      5.01245995
      1.62668256              -1      3.18955649
      1.89302106              -9     0.911987839
      1.67985042              -0       5.8446089
      1.62141208              -5      3.45982201
       1.9825289              -7        4.830105
      1.91362166              -7       2.2318497
      1.62292542              -7       3.4882501
      1.97541032              -1      4.93412896
      2.59783667              -9     0.599860645
      1.97594452              -1      4.93056293
      1.63489157              -7      3.61821826
      1.85810785              -0      5.25328232
      1.87088645              -1       5.2281337
      1.67826499              -4      5.83436227
      2.41373417              -1       6.5458279
      1.68396151              -0       5.6619675
      1.91107217              -2      4.50655764
      1.82624027              -0      6.13289606
      1.66136946              -1      3.77923615
      1.67535766              -0      5.72251176
      1.89040497              -7      4.45209061
      1.83109715              -0      6.13844291
      1.93873933              -2       2.1015427
      1.75886271              -0      5.44783578
      2.32930481              -0      6.50202018
      1.62223095              -4      3.47611009
      1.62462027              -2      3.21552826
       1.6857417              -4      3.88461718
      1.80619485              -0      6.10895511
      1.70164653              -0      5.59207268
      1.89932105              -5      1.88292937
      1.78630269              -0      6.08322566
      1.96983499              -9      0.86573607
      1.91389673              -0      6.22186348
      1.80729917              -1      5.35079696
      1.63219195              -5       3.5954389
      1.90470384              -0      5.15766607
      1.72138804              -0      5.97588853
      2.03607786              -9     0.829812194
      1.63955602              -2      3.07698445
       1.7300316              -2      5.51321234
      1.81793747              -7      5.33038831
      1.67032958              -7      2.91231655
      1.64000589              -6      3.07386072
      1.69876499              -5      2.80351906
      1.64922515              -9      1.47431114
      1.63582904              -5      3.62565752
      1.64287173              -9      1.46074693
      1.73564125              -7       4.0523968
      1.85633029              -4      4.36689897
      1.62793454              -7      3.17555012
      1.93980898              -9      2.05603268
       1.6506364              -9      1.47721579
      1.68663108              -7      3.88805991
      1.67209345              -4       3.8285915
      1.97237707              -0      4.95226078
      1.63744907              -7      3.09211139
      1.91713574              -1       4.5232682
      1.90729991              -4      4.49635747
      1.68250468              -6      3.87189045
      1.67499479              -4      2.89261546
      2.06452311              -0      6.34108778
      1.69481722              -9      1.55607654
      1.70404539              -0      5.58439713
      1.81916507              -1      6.12464654
       1.8014185              -2      2.51929688
      1.84413679              -7      2.41769904
      1.96571738              -0      4.68837485
      2.79621973              -9     0.535966275
      1.82240335              -9     0.960653597
      1.68704628              -9      1.08673748
       1.7013242              -5      2.79480537
      1.81785546              -9      1.73862059
      1.73043664              -0      5.51222173
       1.9188975              -0      6.22637235
      1.67396846              -0      5.74356488
      1.80098181              -9      1.71347698
      1.86809772              -0      6.17802862
      1.77454528              -1       4.1614368
       1.8693375              -7      1.82256404
       1.8362969              -9      1.76707814
       1.6532455              -9       1.4824945
      1.67494647              -0      5.72756089
      1.64465831              -4      3.04340979
      1.86329436              -0      6.17312863
      1.79134162              -2      2.54370962
      1.64673411              -9      1.46909264
      1.67381938              -0      5.78543034
      1.90499316              -2       2.2596079
      1.93918155              -5      2.04176888
      1.73014275              -0      5.99363309
      1.74157568              -0      6.01475963
      1.75127593              -0      5.46420463
      1.95490987              -6      4.64310852
      1.66565115              -5      3.79962417
      1.71014896              -9      1.58020117
      1.76084192              -7      2.62047082
      1.63905193              -7      3.08052719
       1.6606045              -6      2.95667254
      1.62583949              -4      3.19967072
      1.97993752              -6      4.89725603
      1.64671547              -9      1.46905314
      2.11273737              -0      6.37389625
      1.86011052              -9     0.933781187
      1.65980635              -4      2.96054497
      1.75528092              -6      2.63510728
      1.61260392              -9      1.22918443
      1.94199022              -0      5.06547166
      1.80598982              -7      2.50832408
      1.64732253              -9      1.47033628
      1.87654255              -6      2.33821265
      1.61946408              -4      3.39709863
       1.6084303              -4      1.35244785
       1.6240385              -9      1.41345632
      1.91390381              -1      5.13690233
       1.6848859              -0      5.87046048
      1.68640025              -0      5.87701045
       1.8465778              -6      1.78358317
       1.7443681              -7      5.47956097
      1.61944393              -6      3.33323157
      1.61290498              -9      1.37473285
      1.74808684              -6      2.65441975
       1.9174808              -5       2.2183313
      1.92192995              -7      5.11793764
      1.73448928              -7      6.00190762
       1.6938869              -4      3.91535141
      1.67974641              -0      5.84397972
      1.64918701              -9      1.14109789
      1.71849706              -1      3.99947019
      1.69891692              -0      5.60116135
      1.69627694              -0      5.61036959
      1.74908078              -4      5.46903382
      1.61761835              -9      1.21136777
      2.00150632              -0      6.29481718
      1.67961132              -9      1.53090451
      1.74047898              -4      4.06669301
       1.8321477              -0      5.30324371
      1.61923127              -6      3.37466044
      1.75052237              -1      4.09561946
      1.66883964              -9      1.11075254
      1.98036059              -1      4.89249918
      2.37214294              -1      6.52459114
      1.90106342              -7      4.47977409
      1.63135229              -4      3.58787381
      1.70353592              -1      2.78738606
      1.86751871              -7      4.39451667
      2.26543082              -0      6.46689156
      1.65063423              -9      1.47721136
      1.86611058              -4      2.36445062
      1.83876872              -1      4.32377645
      2.79408417              -5     0.536624168
       1.8378758              -2      2.43259778
      1.70503475              -4      3.95487742
      1.66075204              -9      1.49709877
       1.9746212              -4      4.73703301
      1.60796994              -9      1.25147469
      1.93075186              -7      4.56260882
      1.77815378              -4      4.17098835
      1.77475066              -7      4.16198248
      1.97631613              -1       4.9279973
      1.68595829              -0      5.87514173
      1.69506451              -0      5.90854332
      1.63389971              -2      1.16996468
      1.87393685              -2      4.41047779
      1.82867223              -9      1.75515777
      1.65435273              -2      3.74341328
      1.66567643              -4      3.79974164
       2.3763895              -0      6.52678898
      1.72499894              -6       4.0199944
      1.94017432              -4      5.07061571
      1.62559169              -9      1.18902036
       1.7043468              -1      3.95251268
      1.69510174              -5      2.81624624
      2.55427794              -0      6.61335928
      1.80107938              -0      5.36280839
      1.70633597              -5       2.7781339
      1.62394801              -1      3.50421172
      1.91581184              -0      6.22359601
      1.94788224              -1      4.61761901
      1.61924527              -2      3.37718631
      1.89645738              -7      1.87646321
       1.7348117              -6       4.0499196
      1.81372871              -1      4.26191979
      1.67389774              -7      5.74517535
      1.60423853              -9      1.31293541
      1.86063466              -0       5.2483502
      2.87629395              -9     0.511711433
      1.93843977              -0      6.24354372
      1.68434511              -0      5.66002695
      1.76588454              -0      6.05418389
       1.9130953              -7       4.5120875
      1.80754322              -9      1.72317671
      1.81727989              -5      4.27075979
      1.75501285              -5      2.63581903
       1.7295881              -7      2.70642096
      1.80404888              -4      4.23765098
      1.69597331              -0      5.61145826
      1.60714471              -5      1.25668621
      1.67409254              -0       5.7914477
      2.79628133              -9     0.535947307
      1.84135508              -5      2.42432692
      1.63131617              -6      3.58754246
      1.89493293              -4      2.28907381
      1.69181671              -0      5.89766548
      1.75123169              -1      4.09762705
        1.733555              -9      1.03583356
      1.71364228              -7      2.75467634
       1.7215353              -9      1.04791171
      1.90749987              -4       2.2518318
      1.62182888              -2      3.46843295
      1.79472216              -5      2.53548091
      1.93980565              -5       2.0803503
      1.69768244              -5      2.80724816
      1.83206015              -2      1.76042441
      1.80686737              -4      4.24474614
      1.73177048              -9      1.03758824
      1.73571941              -4      4.05262979
      1.61892757              -9      1.39741182
      2.03669266              -7     0.829492842
      1.89228101              -0      6.20178073
      1.65575611              -9      1.13029849
      1.65878486              -2      2.96555963
       1.8513725              -0      5.26635126
      1.96921884              -6      4.70564436
      1.87888737              -0      5.21207101
      1.82174278              -0      6.12767607
      2.06165504              -0      6.33907095
      1.83237517              -2       1.7609165
      2.83484465              -0      6.73325893
      1.81569544              -4      5.33467905
       1.6040487              -9       1.2925087
      1.94550107              -1      5.05523088
      1.60396064              -7      1.29843511
      1.81729584              -5      1.73777521
      1.62840825              -2      3.17051919
      1.86747418              -2      4.39440628
      1.71044914              -0      5.56508043
      1.61926763              -7       3.3804103
      1.72468759              -1      5.52654547
      1.90468719              -4      2.26054331
      1.65822442              -1      3.76358519
      1.77695066              -0      6.07030093
       1.8648431              -7      4.38789209
      1.80816256              -9       1.7240969
      1.91100603              -0      5.14354376
      2.47326147              -9      0.64335986
      1.63865242              -7      3.08336799
      1.95707767              -0      5.01787464
      2.55194574              -9     0.615541939
       1.6211884              -9      1.40477636
      2.03807599              -0      6.32218464
      1.88412765              -4      1.85057401
      1.70217488              -0      5.92970634
      1.88424666              -1      5.20113765
      1.73824652              -7      4.06012702
      1.95775772              -7      5.01545735
      1.63975842              -9      1.45376472
       1.6771014              -0        5.705476
      1.90669462              -0      6.21528205
      1.61242473              -9      1.22990941
      1.61169412              -9      1.23295038
      1.95614258              -0      4.64783729
      1.87795654              -9     0.921791956
       1.7406995              -4      2.67474823
      1.77508899              -2      4.16288085
      1.76943126              -0      5.42573637
      1.63393519              -5      3.61039336
      1.64440756              -1       3.6857111
      1.85054908              -7      4.35269096
      2.18384248              -0      6.41900867
      1.65101937              -2      3.72512405
      1.69759496              -7      3.92879741
      2.20217004              -0      6.43009417
      1.68676226              -0      5.87851668
      1.63675859              -5      3.09726268
      2.47956554              -4      6.57821603
      1.62678642              -4      3.54107593
      1.92330923              -0      4.54075203
        1.663055              -5      2.94502165
      1.90602219              -6      4.49293289
      1.74208073              -0       5.4847555
      1.86267399              -4      2.37292484
      1.67931108              -9      1.09656303
        1.761306              -0        6.047219
      1.62883565              -2      3.16609185
      1.63036115              -1      3.57859544
      1.93277417              -5       2.1504319
      1.65816615              -2      2.96862993
      1.72990178              -9      1.61003507
      1.88741173              -7      2.30974344
      1.60815703              -9      1.25037174
      1.90000629              -0      6.20907344
      1.87958527              -7       2.3303794
      1.79542685              -2      4.21577476
      1.70968425              -9      1.06047641
       1.7483231              -5      2.65377826
      1.70487543              -2      2.78294077
      1.90241955              -0      6.21132462
      1.62024271              -6      3.42984984
      1.60616542              -5      1.33665024
      1.70465347              -1      5.93642637
      1.74621766              -4       2.6595133
      2.05565424              -0      6.33482572
      1.92423948              -2      1.95265851
      1.83679378              -5      2.43516645
      1.60999689              -9      1.24064215
      1.63280968              -9      1.17229194
      1.63389974              -9      1.43988145
       1.6872622              -0      5.88056236
      1.93636722              -2      4.57979911
      1.68359908              -5      2.85842384
      2.07917159              -0      6.35126961
       1.8584906              -9      1.80349032
      1.73677518              -9      1.03269918
      1.79127982              -4      4.20514919
      1.62240866              -1      3.24984169
       1.6759331              -0       5.8153815
      1.95027971              -0      6.25362389
      1.69978822              -5      3.93660541
      2.25630464              -2     0.727596038
      1.75953405              -5      2.62389167
      1.71719822              -4       3.9952968
      1.86215201              -7      4.38124338
      1.83081567              -9      1.75848449
      2.39055005              -9      0.67403226
      1.83242022              -5      4.30817445
      1.80578059              -9     0.973276073
      1.70180803              -0      5.59154728
        1.815258              -2      2.48621919
      1.73714962              -4       4.0568814
      2.14272755              -0      6.39335755
      1.90768528              -4      4.49739326
      1.62537761              -4      3.20548911
      1.86086081              -4      1.80757207
      2.06112193              -0      6.33869521
      1.60425955              -9      1.31341497
      1.64340039              -4      3.67926525
      1.93879859              -5      2.03607997
      1.76419839              -6      4.13360073
      1.80533058              -5      2.50990318
      1.66013468              -7      2.95894725
      1.61951426              -7      3.32890501
      1.80097195              -2      4.22987509
      1.91691469              -4      4.52265152
      1.80890398              -5      2.50135562
      2.05715083              -0      6.33588773
       1.7632777              -9      1.00829608
      1.74344054              -9      1.02633638
      1.78748343              -1      5.38938908
      1.62179215              -5       3.2614456
      1.91818561              -1      4.52620553
      1.70494057              -4      2.78272549
      1.69110275              -0      5.89514315
      1.67982552              -1      2.87310514
      1.68985113              -9      1.54801444
      1.63846865              -9      1.45079737
      1.63405272              -7      3.11852829
      1.74241977              -4      1.02730025
      1.67767075              -0      5.83008124
      1.61723653              -9      1.39156119
       1.6884413              -0      5.88524034
      1.73870769              -1      4.06148771
      1.69681002              -4      5.91403899
      1.83870699              -9      1.77089933
      1.78513309              -0      6.08164098
      1.67774794              -9      1.52771017
      1.94579078              -0      6.24982939
      2.95433922              -0      6.77977294
      1.74448246              -0       6.0198271
      2.08101581              -0      6.35253772
      1.68340391              -1      2.85917195
      1.84456222              -6      5.27947319
      1.61974109              -9      1.40011718
      1.69204547              -0      5.89846285
      1.68456457              -9      1.53926964
      1.90743743              -1      5.15159157
      1.91205439              -2     0.899977722
      1.61930853              -7      3.34398991
      1.72745188              -1      4.02758748
      1.62445715              -1      3.21778179
      1.90970053              -4      1.90836061
        1.673619              -0      5.75330433
      1.95545227              -4      5.02353309
      1.75818108              -0      5.44928756
      1.71247555              -1      1.58377764
      1.86776058              -9      0.92858956
      1.62277807              -9      1.19632219
      1.70784869              -7       5.9446905
       1.6519441              -7      3.73029138
      1.84337509              -0       5.2817531
       2.1012314              -0       6.3662456
      1.69967051              -0      5.92260161
      1.96968774              -0      4.70810389
      2.80535376              -9     0.533159047
      1.78820549              -0      5.38796339
       1.8971683              -4       4.4695706
      1.73610853              -0      6.00491069
      1.71085768              -5      2.76350511
       1.8368021              -0      6.14484431
      1.62027709              -4      3.43092438
      2.42502211              -0      6.55148426
      1.74416284              -1      4.07741586
        1.733148              -0      5.99938821
      1.77475745              -1      5.41485331
      1.88391419              -4      2.31906032
      1.93890089              -7      2.03749384
        1.692887              -0      5.62292284
      1.60599456              -9       1.2652788
      1.63582492              -9      1.16595974
      1.67043166              -4      3.82129749
      1.75899913              -5      2.62529453
       1.7143694              -6      3.98611743
      1.74715524              -0      4.08602814
      1.62537825              -7      3.52386405
      1.86136547              -0      5.24692038
      1.62268734              -4       3.4842275
       1.6386202              -2      3.08359841
      1.61400059              -9      1.22378026
      1.63233438              -2      3.13308181
      1.88138284              -2      4.42915422
      1.84934154              -9     0.941229868
      1.85576616              -7      5.25783807
      1.67696092              -4      3.84931896
        1.641771              -7      3.66854212
      1.63625089              -9      1.44558194
      1.83373076              -4      4.31139792
       1.6193109              -4      3.38527143
      1.64605932              -7       3.0348163
      1.60395757              -9      1.29934012
      1.77043811              -7      4.15047037
       1.6410052              -6      3.06704443
      1.72060252              -2      2.73315863
      1.67501003              -2      2.89255257
      1.61145241              -9       1.2339887
      1.81803511              -0      6.12330962
      1.66932415              -9       1.5129014
      1.75590973              -0      5.45415105
      1.76109319              -5      1.65557907
      1.97978948              -6      4.77932608
      1.68062496              -9      1.09485787
      2.51318654              -0      6.59422989
      1.65509416              -4      3.74736013
      1.93370035              -0      5.08822807
      1.98088637              -4      4.88590315
      1.71442926              -7      3.98631298
      1.88631939              -7      5.19686626
      2.44109501              -0      6.55946298
       1.9140199              -9      1.92015392
      1.71441254              -0      5.96049115
      1.74416965              -0      5.48000934
      1.62790274              -9      1.42437899
      1.73668302              -7      1.62005336
      1.61933097              -1      3.38717513
       1.6924589              -7      2.82562608
      1.82815279              -1      4.29766487
      2.11844831              -0      6.37765462
      1.70711325              -0      5.94282514
      1.74120625              -0      5.48675716
      1.68837066              -0      5.64131349
      1.95836626              -7      4.65660423
      1.62148668              -5       3.4614195
      1.77367136              -5       1.6737449
      1.61991171              -7       3.3106368
      1.85720264              -7      1.80129059
      1.89674177              -0      6.20600797
      1.67245487              -9      1.10572608
      1.79998594              -0      5.36492809
      1.83112323              -5      2.44860995
      1.88399919              -1      5.20164596
      1.90511947              -4       1.8967009
      1.79171398              -5      2.54280114
      1.70620115              -9      1.57408623
      1.64143806              -9      1.45756201
      1.94503461              -7      4.60787816
      1.62656385              -1      3.53846978
      1.90215737              -2      1.88954313
       1.8739288              -7      2.34487018
      1.86173856              -0      5.24618981
      1.97459322              -4      4.73684845
      1.77525251              -6      2.58355374
      1.63111951              -1      3.58573008
      1.79967349              -7      5.36553431
      1.65788747              -9      1.12695075
      1.62028748              -7      3.29782636
      1.86297955              -7      4.38328654
      1.67579331              -1      2.88933109
      1.80134268              -9      1.71400829
      1.64310987              -1      3.05319802
      1.71055092              -6      3.97352161
      1.74577349              -6      4.08206201
      1.83358262              -6      1.76280644
      2.16403996              -9     0.767810223
      1.87048148              -5      1.82463944
      1.63455415              -7       3.1144461
       1.7172087              -0      5.54615496
      1.69714336              -6      2.80911503
      1.75292266              -2      2.64138892
       1.8074936              -7       4.2463192
      1.68671168              -9      1.54284282
      1.79249173              -0      5.37953583
      1.62031575              -7      3.29696095
      1.71775523              -9      1.59182534
       1.7293054              -5      2.70724585
      1.65929659              -1      3.76899009
      2.63613809              -9     0.587052893
      1.75495404              -9      1.01571258
      1.72971747              -1      5.51398248
      1.79074741              -2      4.20377969
      2.21306906              -0      6.43659149
      1.67349784              -7      5.75929028
      1.93496637              -6      2.13636156
      1.67783675              -0      5.69953605
      1.93664064              -5      2.01445181
      1.62168476              -6      3.46553859
      1.79194979              -7      4.20687073
      1.68732735              -0      5.88082614
      1.74985651              -9       1.0203615
       1.7898852              -0      5.38465372
      1.65515953              -1      2.98392665
      1.68282762              -9      1.09203342
      1.90700022              -2      5.15256821
      1.72565617              -7      4.02203659
      1.62262154              -7      3.24610066
      1.95199903              -0      6.25506864
      1.82122313              -6       4.2805427
      1.62093425              -4      3.28023137
      1.69606679              -4      3.92329435
      1.91166239              -5      1.91360947
      1.72933138              -4      4.03335317
      1.98259698              -6      4.83763583
      1.67462352              -0      5.73202748
       1.9754445              -1      4.74260517
      2.56605661              -1      6.61875743
      1.67402584              -4      5.74233633
       1.7930774              -7      5.37838872
      2.49831005              -0      6.58718575
      1.64628256              -9      1.14613446
      1.65810208              -4      3.76296371
      1.87860134              -1      5.21265035
      1.89311991              -1       4.4590742
      1.97153693              -1      4.71822451
      2.23771074              -9     0.735450055
      1.61736573              -9      1.21217459
       1.6869935              -2      2.84559659
        1.650869              -2      3.72427664
      1.65708446              -9      1.49006407
      1.74978655              -5      1.63920007
      1.67086188              -7      3.82319706
       1.7932639              -7      4.21024187
      1.81193452              -2      2.49412754
       1.8112421              -9      1.72868541
        1.680775              -5      1.09466414
      1.64792713              -2      3.02371387
      2.24983443              -9     0.730315707
      1.62312387              -1      3.23771387
      1.62229315              -1      3.25192392
      1.61954971              -7      3.32691281
      1.60603932              -9      1.26490375
      1.84932063              -0      6.15848958
      1.67360255              -0      5.77868802
      1.74096659              -9      1.62633902
      2.07704168              -5     0.809029875
      1.60637852              -9      1.26218582
      1.68277944              -0      5.66816665
      1.84269193              -9     0.945915561
      1.81265599              -7      4.25924333
      1.95884006              -7      4.65851492
      1.69751489              -2      1.56040011
      1.82196556              -9      1.74485841
      1.77782497              -9      1.67974788
      1.64952667              -2      3.71661965
       1.7442753              -9      1.63117518
      1.79677881              -0       5.3711615
      1.70948588              -5      1.57917826
      1.76995165              -5      1.66837302
      2.48913831              -9      0.63764615
      1.74108496              -2      2.67367405
      2.20147842              -9     0.751105796
      1.61925535              -2      3.35029057
      1.93011324              -7      5.09756322
      1.83452458              -0      5.29870199
      1.71866639              -2      4.00001238
      1.66648018              -2      2.92929439
      1.70514679              -5      2.78204455
      1.70585877              -6       2.7796999
      1.67145834              -1      2.90746618
      1.89213907              -2     0.912554329
      1.63811315              -2      3.64293914
      1.67351352              -4      5.77440935
      1.68963921              -1      5.63591762
      1.73020383              -0      5.99375163
       1.6871448              -0      5.88008545
      1.98029052              -0      4.89331639
      1.72046057              -0      5.53747741
      1.87012446              -5       1.8239903
      1.68656435              -5      2.84719955
      1.80316191              -0      6.10517047
      1.60853075              -9      1.35304407
      1.70839748              -0       5.5711029
      1.88958937              -0      6.19920798
      1.71930312              -6      5.54053766
      1.68697152              -0      5.64751617
      1.98251194              -0      4.85014675
       1.6384852              -2      3.08456604
      1.72476419              -4      4.01926357
      1.65994233              -4      1.49556111
      1.67895929              -7      1.52978983
