10 1
0.21858702
1 -1 1 1
          5.88285186 
   0.578487582392497 
0.1113606
1 -1 1 1
         3.932234927 
    1.16130405362061 
0.092005611
1 -1 1 1
         3.324592291 
    1.12157898065105 
0
1 -1 1 1
                   0 
                   0 
0.12051967
1 -1 1 1
         3.697716949 
    1.18155162032261 
0.10413864
1 -1 1 1
          2.39551897 
   0.752712020023063 
0.055351914
1 -1 1 1
         3.637468485 
   0.898427625560398 
0.11929593
1 -1 1 1
         3.751838615 
    1.18024004451743 
0
1 -1 1 1
                   0 
                   0 
0.17874063
1 -1 1 1
         1.205674084 
   0.449071524905688 
