# hist
0.005 7780.545303
0.015 12437.720804
0.025 16357.215526
0.035 19858.348501
0.045 23074.080787
0.055 26075.983789
0.065 28908.170691
0.075 31600.255854
0.085 34173.334425
0.095 36643.104590
0.105 39021.648185
0.115 41318.515932
0.125 43541.424169
0.135 45696.721299
0.145 47789.711026
0.155 49824.882922
0.165 51806.080988
0.175 53736.629524
0.185 55619.428865
0.195 57457.029379
0.205 59251.689493
0.215 61005.421771
0.225 62720.029919
0.235 64397.138809
0.245 66038.219067
0.255 67644.607368
0.265 69217.523325
0.275 70758.083623
0.285 72267.313942
0.295 73746.159043
0.305 75195.491378
0.315 76616.118437
0.325 78008.789077
0.335 79374.198968
0.345 80712.995310
0.355 82025.780934
0.365 83313.117863
0.375 84575.530426
0.385 85813.507988
0.395 87027.507334
0.405 88217.954781
0.415 89385.248033
0.425 90529.757824
0.435 91651.829381
0.445 92751.783727
0.455 93829.918852
0.465 94886.510766
0.475 95921.814467
0.485 96936.064815
0.495 97929.477360
0.505 98902.249105
0.515 99854.559242
0.525 100786.569861
0.535 101698.426643
0.545 102590.259545
0.555 103462.183501
0.565 104314.299123
0.575 105146.693426
0.585 105959.440585
0.595 106752.602712
0.605 107526.230675
0.615 108280.364951
0.625 109015.036518
0.635 109730.267786
0.645 110426.073556
0.655 111102.462021
0.665 111759.435783
0.675 112396.992892
0.685 113015.127889
0.695 113613.832852
0.705 114193.098420
0.715 114752.914781
0.725 115293.272626
0.735 115814.164026
0.745 116315.583232
0.755 116797.527378
0.765 117259.997070
0.775 117702.996839
0.785 118126.535457
0.795 118530.626098
0.805 118915.286339
0.815 119280.537993
0.825 119626.406792
0.835 119952.921898
0.845 120260.115290
0.855 120548.021007
0.865 120816.674300
0.875 121066.110696
0.885 121296.365026
0.895 121507.470425
0.905 121699.457369
0.915 121872.352755
0.925 122026.179082
0.935 122160.953753
0.945 122276.688534
0.955 122373.389183
0.965 122451.055285
0.975 122509.680289
0.985 122549.251751
0.995 122569.751799
1.005 122571.157782
1.015 122553.443118
1.025 122516.578289
1.035 122460.531989
1.045 122385.272373
1.055 122290.768394
1.065 122176.991192
1.075 122043.915516
1.085 121891.521149
1.095 121719.794314
1.105 121528.729051
1.115 121318.328547
1.125 121088.606407
1.135 120839.587864
1.145 120571.310921
1.155 120283.827425
1.165 119977.204070
1.175 119651.523334
1.185 119306.884344
1.195 118943.403674
1.205 118561.216079
1.215 118160.475148
1.225 117741.353903
1.235 117304.045305
1.245 116848.762697
1.255 116375.740152
1.265 115885.232746
1.275 115377.516729
1.285 114852.889601
1.295 114311.670089
1.305 113754.198015
1.315 113180.834055
1.325 112591.959387
1.335 111987.975223
1.345 111369.302230
1.355 110736.379840
1.365 110089.665442
1.375 109429.633481
1.385 108756.774439
1.395 108071.593735
1.405 107374.610531
1.415 106666.356459
1.425 105947.374281
1.435 105218.216487
1.445 104479.443851
1.455 103731.623947
1.465 102975.329645
1.475 102211.137595
1.485 101439.626719
1.495 100661.376712
1.505 99876.966574
1.515 99086.973189
1.525 98291.969946
1.535 97492.525426
1.545 96689.202165
1.555 95882.555492
1.565 95073.132458
1.575 94261.470853
1.585 93448.098323
1.595 92633.531590
1.605 91818.275758
1.615 91002.823735
1.625 90187.655735
1.635 89373.238882
1.645 88560.026899
1.655 87748.459868
1.665 86938.964076
1.675 86131.951911
1.685 85327.821821
1.695 84526.958309
1.705 83729.731972
1.715 82936.499557
1.725 82147.604039
1.735 81363.374699
1.745 80584.127211
1.755 79810.163715
1.765 79041.772876
1.775 78279.229936
1.785 77522.796738
1.795 76772.721725
1.805 76029.239932
1.815 75292.572946
1.825 74562.928846
1.835 73840.502145
1.845 73125.473700
1.855 72418.010636
1.865 71718.266258
1.875 71026.379978
1.885 70342.477250
1.895 69666.669528
1.905 68999.054244
1.915 68339.714821
1.925 67688.720720
1.935 67046.127523
1.945 66411.977065
1.955 65786.297604
1.965 65169.104043
1.975 64560.398197
1.985 63960.169105
1.995 63368.393391
2.005 62785.035668
2.015 62210.048980
2.025 61643.375286
2.035 61084.945973
2.045 60534.682403
2.055 59992.496486
2.065 59458.291266
2.075 58931.961529
2.085 58413.394424
2.095 57902.470083
2.105 57399.062249
2.115 56903.038899
2.125 56414.262864
2.135 55932.592433
2.145 55457.881952
2.155 54989.982404
2.165 54528.741969
2.175 54074.006565
2.185 53625.620373
2.195 53183.426330
2.205 52747.266605
2.215 52316.983048
2.225 51892.417610
2.235 51473.412746
2.245 51059.811787
2.255 50651.459286
2.265 50248.201344
2.275 49849.885907
2.285 49456.363043
2.295 49067.485193
2.305 48683.107405
2.315 48303.087534
2.325 47927.286442
2.335 47555.568153
2.345 47187.800012
2.355 46823.852809
2.365 46463.600896
2.375 46106.922281
2.385 45753.698708
2.395 45403.815723
2.405 45057.162725
2.415 44713.633003
2.425 44373.123756
2.435 44035.536112
2.445 43700.775121
2.455 43368.749749
2.465 43039.372852
2.475 42712.561148
2.485 42388.235175
2.495 42066.319245
2.505 41746.741380
2.515 41429.433259
2.525 41114.330134
2.535 40801.370763
2.545 40490.497323
2.555 40181.655319
2.565 39874.793496
2.575 39569.863742
2.585 39266.820981
2.595 38965.623078
2.605 38666.230728
2.615 38368.607350
2.625 38072.718975
2.635 37778.534138
2.645 37486.023765
2.655 37195.161062
2.665 36905.921402
2.675 36618.282219
2.685 36332.222890
2.695 36047.724634
2.705 35764.770401
2.715 35483.344768
2.725 35203.433837
2.735 34925.025131
2.745 34648.107502
2.755 34372.671033
2.765 34098.706946
2.775 33826.207514
2.785 33555.165978
2.795 33285.576464
2.805 33017.433903
2.815 32750.733962
2.825 32485.472969
2.835 32221.647847
2.845 31959.256052
2.855 31698.295513
2.865 31438.764576
2.875 31180.661951
2.885 30923.986663
2.895 30668.738010
2.905 30414.915515
2.915 30162.518892
2.925 29911.548007
2.935 29662.002848
2.945 29413.883491
2.955 29167.190075
2.965 28921.922778
2.975 28678.081793
2.985 28435.667306
2.995 28194.679482
3.005 27955.118445
3.015 27716.984267
3.025 27480.276951
3.035 27244.996425
3.045 27011.142528
3.055 26778.715006
3.065 26547.713500
3.075 26318.137545
3.085 26089.986559
3.095 25863.259848
3.105 25637.956593
3.115 25414.075853
3.125 25191.616563
3.135 24970.577532
3.145 24750.957439
3.155 24532.754839
3.165 24315.968157
3.175 24100.595694
3.185 23886.635623
3.195 23674.085992
3.205 23462.944725
3.215 23253.209624
3.225 23044.878368
3.235 22837.948520
3.245 22632.417522
3.255 22428.282701
3.265 22225.541272
3.275 22024.190337
3.285 21824.226887
3.295 21625.647807
3.305 21428.449875
3.315 21232.629768
3.325 21038.184058
3.335 20845.109221
3.345 20653.401633
3.355 20463.057578
3.365 20274.073244
3.375 20086.444731
3.385 19900.168048
3.395 19715.239119
3.405 19531.653783
3.415 19349.407795
3.425 19168.496831
3.435 18988.916488
3.445 18810.662285
3.455 18633.729669
3.465 18458.114012
3.475 18283.810616
3.485 18110.814713
3.495 17939.121469
3.505 17768.725984
3.515 17599.623294
3.525 17431.808374
3.535 17265.276139
3.545 17100.021445
3.555 16936.039092
3.565 16773.323824
3.575 16611.870333
3.585 16451.673259
3.595 16292.727191
3.605 16135.026671
3.615 15978.566193
3.625 15823.340206
3.635 15669.343117
3.645 15516.569288
3.655 15365.013041
3.665 15214.668659
3.675 15065.530388
3.685 14917.592436
3.695 14770.848977
3.705 14625.294150
3.715 14480.922064
3.725 14337.726794
3.735 14195.702388
3.745 14054.842865
3.755 13915.142214
3.765 13776.594403
3.775 13639.193372
3.785 13502.933039
3.795 13367.807299
3.805 13233.810026
3.815 13100.935076
3.825 12969.176283
3.835 12838.527467
3.845 12708.982429
3.855 12580.534956
3.865 12453.178820
3.875 12326.907780
3.885 12201.715582
3.895 12077.595962
3.905 11954.542646
3.915 11832.549349
3.925 11711.609780
3.935 11591.717639
3.945 11472.866620
3.955 11355.050413
3.965 11238.262701
3.975 11122.497166
3.985 11007.747484
3.995 10894.007333
4.005 10781.270386
4.015 10669.530319
4.025 10558.780805
4.035 10449.015523
4.045 10340.228151
4.055 10232.412368
4.065 10125.561862
4.075 10019.670321
4.085 9914.731439
4.095 9810.738917
4.105 9707.686462
4.115 9605.567786
4.125 9504.376612
4.135 9404.106670
4.145 9304.751699
4.155 9206.305447
4.165 9108.761673
4.175 9012.114149
4.185 8916.356655
4.195 8821.482985
4.205 8727.486944
4.215 8634.362353
4.225 8542.103045
4.235 8450.702867
4.245 8360.155681
4.255 8270.455364
4.265 8181.595809
4.275 8093.570926
4.285 8006.374641
4.295 7920.000896
4.305 7834.443653
4.315 7749.696889
4.325 7665.754603
4.335 7582.610809
4.345 7500.259543
4.355 7418.694860
4.365 7337.910834
4.375 7257.901561
4.385 7178.661156
4.395 7100.183757
4.405 7022.463521
4.415 6945.494630
4.425 6869.271284
4.435 6793.787709
4.445 6719.038152
4.455 6645.016883
4.465 6571.718196
4.475 6499.136409
4.485 6427.265861
4.495 6356.100918
4.505 6285.635970
4.515 6215.865431
4.525 6146.783739
4.535 6078.385358
4.545 6010.664777
4.555 5943.616512
4.565 5877.235102
4.575 5811.515114
4.585 5746.451139
4.595 5682.037797
4.605 5618.269732
4.615 5555.141617
4.625 5492.648149
4.635 5430.784054
4.645 5369.544084
4.655 5308.923018
4.665 5248.915665
4.675 5189.516858
4.685 5130.721459
4.695 5072.524358
4.705 5014.920473
4.715 4957.904750
4.725 4901.472161
4.735 4845.617709
4.745 4790.336424
4.755 4735.623363
4.765 4681.473614
4.775 4627.882292
4.785 4574.844540
4.795 4522.355531
4.805 4470.410465
4.815 4419.004572
4.825 4368.133110
4.835 4317.791366
4.845 4267.974657
4.855 4218.678326
4.865 4169.897748
4.875 4121.628325
4.885 4073.865488
4.895 4026.604698
4.905 3979.841443
4.915 3933.571243
4.925 3887.789644
4.935 3842.492222
4.945 3797.674583
4.955 3753.332360
4.965 3709.461216
4.975 3666.056843
4.985 3623.114962
