 0.50614 5.93847e-03
 0.51841 5.62534e-03
 0.53068 2.73025e-03
 0.54295 5.18577e-03
 0.55522 0.00000e+00
 0.56750 0.00000e+00
 0.57977 0.00000e+00
 0.59204 2.23352e-03
 0.60431 0.00000e+00
 0.61658 0.00000e+00
 0.62885 0.00000e+00
 0.64113 0.00000e+00
 0.65340 1.83456e-03
 0.66567 0.00000e+00
 0.67794 1.69857e-03
 0.69021 1.63420e-03
 0.70249 0.00000e+00
 0.71476 3.11151e-03
 0.72703 3.01811e-03
 0.73930 0.00000e+00
 0.75157 2.81528e-03
 0.76385 2.72619e-03
 0.77612 2.65456e-03
 0.78839 1.29175e-03
 0.80066 3.77631e-03
 0.81293 3.67997e-03
 0.82520 0.00000e+00
 0.83748 1.17896e-03
 0.84975 1.15131e-03
 0.86202 1.10614e-03
 0.87429 2.17496e-03
 0.88656 0.00000e+00
 0.89884 1.04885e-03
 0.91111 1.03223e-03
 0.92338 0.00000e+00
 0.93565 9.90785e-04
 0.94792 9.71180e-04
 0.96020 2.88928e-03
 0.97247 1.89211e-03
 0.98474 9.30686e-04
 0.99701 9.18701e-04
 1.00928 1.82111e-03
 1.02155 1.79604e-03
 1.03383 8.87394e-04
 1.04610 2.62803e-03
 1.05837 8.72153e-04
 1.07064 8.56743e-04
 1.08291 5.96543e-03
 1.09519 8.45829e-04
 1.10746 3.36392e-03
 1.11973 3.34073e-03
 1.13200 2.48959e-03
 1.14427 8.23983e-04
 1.15655 1.64261e-03
 1.16882 8.18762e-04
 1.18109 3.26660e-03
 1.19336 3.25821e-03
 1.20563 1.62643e-03
 1.21790 0.00000e+00
 1.23018 1.62396e-03
 1.24245 1.62406e-03
 1.25472 8.12522e-04
 1.26699 1.62718e-03
 1.27926 8.16123e-04
 1.29154 3.26931e-03
 1.30381 4.09787e-03
 1.31608 0.00000e+00
 1.32835 8.26398e-04
 1.34062 1.66132e-03
 1.35290 8.34489e-04
 1.36517 8.40502e-04
 1.37744 2.52900e-03
 1.38971 2.54709e-03
 1.40198 8.56014e-04
 1.41425 1.72546e-03
 1.42653 1.73697e-03
 1.43880 1.75046e-03
 1.45107 8.81384e-04
 1.46334 0.00000e+00
 1.47561 2.69562e-03
 1.48789 2.71377e-03
 1.50016 2.74293e-03
 1.51243 9.23105e-04
 1.52470 2.79216e-03
 1.53697 1.88271e-03
 1.54925 0.00000e+00
 1.56152 9.59362e-04
 1.57379 5.82264e-03
 1.58606 1.95421e-03
 1.59833 9.89320e-04
 1.61060 1.99406e-03
 1.62288 3.03585e-03
 1.63515 1.02299e-03
 1.64742 3.08207e-03
 1.65969 1.03829e-03
 1.67196 2.09832e-03
 1.68424 4.23734e-03
 1.69651 3.20248e-03
 1.70878 5.37617e-03
 1.72105 1.08587e-03
 1.73332 2.18372e-03
 1.74560 1.10410e-03
 1.75787 1.10994e-03
 1.77014 3.35515e-03
 1.78241 3.36881e-03
 1.79468 1.13491e-03
 1.80695 1.13811e-03
 1.81923 5.71987e-03
 1.83150 3.45037e-03
 1.84377 1.15691e-03
 1.85604 4.63576e-03
 1.86831 2.32795e-03
 1.88059 1.16585e-03
 1.89286 2.33951e-03
 1.90513 0.00000e+00
 1.91740 2.34796e-03
 1.92967 2.35085e-03
 1.94195 1.17644e-03
 1.95422 1.17671e-03
 1.96649 1.17674e-03
 1.97876 1.17576e-03
 1.99103 2.34935e-03
 2.00330 1.17269e-03
 2.01558 2.34211e-03
 2.02785 2.33685e-03
 2.04012 3.49939e-03
 2.05239 0.00000e+00
 2.06466 1.15787e-03
 2.07694 2.30939e-03
 2.08921 3.45685e-03
 2.10148 0.00000e+00
 2.11375 1.14270e-03
 2.12602 4.54992e-03
 2.13830 0.00000e+00
 2.15057 1.12915e-03
 2.16284 3.36716e-03
 2.17511 4.46629e-03
 2.18738 2.22308e-03
 2.19965 0.00000e+00
 2.21193 1.10049e-03
 2.22420 2.18902e-03
 2.23647 4.35287e-03
 2.24874 1.08248e-03
 2.26101 0.00000e+00
 2.27329 3.20599e-03
 2.28556 1.06261e-03
 2.29783 2.11479e-03
 2.31010 2.10321e-03
 2.32237 1.04317e-03
 2.33465 2.08137e-03
 2.34692 3.10561e-03
 2.35919 1.02951e-03
 2.37146 2.04646e-03
 2.38373 2.03362e-03
 2.39600 3.03355e-03
 2.40828 3.01916e-03
 2.42055 2.00694e-03
 2.43282 0.00000e+00
 2.44509 0.00000e+00
 2.45736 2.96532e-03
 2.46964 3.92684e-03
 2.48191 9.75931e-04
 2.49418 1.94313e-03
 2.50645 2.90781e-03
 2.51872 9.62575e-04
 2.53100 5.76013e-03
 2.54327 0.00000e+00
 2.55554 1.90157e-03
 2.56781 2.83610e-03
 2.58008 2.82797e-03
 2.59235 9.39217e-04
 2.60463 0.00000e+00
 2.61690 0.00000e+00
 2.62917 6.50022e-03
 2.64144 2.77816e-03
 2.65371 9.20874e-04
 2.66599 9.19963e-04
 2.67826 2.74995e-03
 2.69053 0.00000e+00
 2.70280 2.72924e-03
 2.71507 9.06515e-04
 2.72735 9.04152e-04
 2.73962 9.01749e-04
 2.75189 1.79836e-03
 2.76416 1.79525e-03
 2.77643 4.47431e-03
 2.78870 2.67657e-03
 2.80098 8.90025e-04
 2.81325 1.77463e-03
 2.82552 8.86686e-04
 2.83779 8.83207e-04
 2.85006 8.82574e-04
 2.86234 8.80079e-04
 2.87461 3.51193e-03
 2.88688 2.62965e-03
 2.89915 2.62413e-03
 2.91142 8.74123e-04
 2.92370 1.74399e-03
 2.93597 8.70404e-04
 2.94824 8.68967e-04
 2.96051 1.73531e-03
 2.97278 8.66026e-04
 2.98505 8.64127e-04
 2.99733 2.59048e-03
 3.00960 0.00000e+00
 3.02187 8.60919e-04
 3.03414 8.59569e-04
 3.04641 8.58455e-04
 3.05869 2.57142e-03
 3.07096 2.56932e-03
 3.08323 1.71106e-03
 3.09550 1.70965e-03
 3.10777 8.53878e-04
 3.12005 3.41076e-03
 3.13232 8.51864e-04
 3.14459 1.70226e-03
 3.15686 8.50309e-04
 3.16913 2.54829e-03
 3.18140 1.69785e-03
 3.19368 0.00000e+00
 3.20595 2.54290e-03
 3.21822 8.46965e-04
 3.23049 2.53862e-03
 3.24276 8.45463e-04
 3.25504 1.69038e-03
 3.26731 1.68912e-03
 3.27958 3.37636e-03
 3.29185 2.53151e-03
 3.30412 8.43400e-04
 3.31640 4.21443e-03
 3.32867 1.68532e-03
 3.34094 0.00000e+00
 3.35321 2.52583e-03
 3.36548 1.68328e-03
 3.37775 2.52435e-03
 3.39003 5.88923e-03
 3.40230 8.41138e-04
 3.41457 4.20503e-03
 3.42684 1.68177e-03
 3.43911 1.68167e-03
 3.45139 1.68166e-03
 3.46366 2.52251e-03
 3.47593 1.68176e-03
 3.48820 1.68193e-03
 3.50047 2.52337e-03
 3.51275 1.68264e-03
 3.52502 3.36585e-03
 3.53729 3.36690e-03
 3.54956 2.52611e-03
 3.56183 3.36939e-03
 3.57410 3.37112e-03
 3.58638 2.52985e-03
 3.59865 1.68755e-03
 3.61092 3.37639e-03
 3.62319 1.68950e-03
 3.63546 1.69011e-03
 3.64774 2.53748e-03
 3.66001 3.38620e-03
 3.67228 3.38948e-03
 3.68455 2.54505e-03
 3.69682 1.69857e-03
 3.70910 1.69967e-03
 3.72137 8.51127e-04
 3.73364 1.70317e-03
 3.74591 1.70634e-03
 3.75818 1.70848e-03
 3.77045 0.00000e+00
 3.78273 3.42572e-03
 3.79500 1.71607e-03
 3.80727 8.58882e-04
 3.81954 1.72114e-03
 3.83181 0.00000e+00
 3.84409 1.72749e-03
 3.85636 8.65635e-04
 3.86863 8.66856e-04
 3.88090 8.68222e-04
 3.89317 3.48257e-03
 3.90545 1.74557e-03
 3.91772 1.74899e-03
 3.92999 2.62970e-03
 3.94226 1.75537e-03
 3.95453 1.76180e-03
 3.96680 8.81814e-04
 3.97908 8.84403e-04
 3.99135 3.55099e-03
 4.00362 2.66947e-03
 4.01589 1.78427e-03
 4.02816 3.57903e-03
 4.04044 2.69203e-03
 4.05271 1.80062e-03
 4.06498 9.02306e-04
 4.07725 2.71581e-03
 4.08952 3.63623e-03
 4.10180 3.64511e-03
 4.11407 4.57495e-03
 4.12634 9.17590e-04
 4.13861 2.76446e-03
 4.15088 3.69780e-03
 4.16315 2.78714e-03
 4.17543 1.86302e-03
 4.18770 9.36202e-04
 4.19997 1.87718e-03
 4.21224 1.88613e-03
 4.22451 0.00000e+00
 4.23679 1.90192e-03
 4.24906 3.81483e-03
 4.26133 3.83207e-03
 4.27360 1.92261e-03
 4.28587 2.89614e-03
 4.29815 9.70177e-04
 4.31042 9.73245e-04
 4.32269 3.90805e-03
 4.33496 1.96141e-03
 4.34723 2.95770e-03
 4.35950 2.97180e-03
 4.37178 0.00000e+00
 4.38405 1.99523e-03
 4.39632 2.00682e-03
 4.40859 6.04338e-03
 4.42086 5.06162e-03
 4.43314 1.01456e-03
 4.44541 0.00000e+00
 4.45768 2.05308e-03
 4.46995 0.00000e+00
 4.48222 2.06829e-03
 4.49450 2.07542e-03
 4.50677 2.08563e-03
 4.51904 2.09003e-03
 4.53131 0.00000e+00
 4.54358 1.05718e-03
 4.55585 6.36035e-03
 4.56813 2.13082e-03
 4.58040 1.06810e-03
 4.59267 0.00000e+00
 4.60494 2.14919e-03
 4.61721 4.31803e-03
 4.62949 0.00000e+00
 4.64176 0.00000e+00
 4.65403 2.17930e-03
 4.66630 2.18528e-03
 4.67857 3.28841e-03
 4.69085 2.19722e-03
 4.70312 2.20317e-03
 4.71539 1.10425e-03
 4.72766 1.10846e-03
 4.73993 5.54949e-03
 4.75220 1.11272e-03
 4.76448 2.22793e-03
 4.77675 2.23074e-03
 4.78902 0.00000e+00
 4.80129 3.35651e-03
 4.81356 3.35998e-03
 4.82584 1.12043e-03
 4.83811 5.60628e-03
 4.85038 1.12175e-03
 4.86265 2.24360e-03
 4.87492 2.24341e-03
 4.88720 3.36414e-03
 4.89947 2.24148e-03
 4.91174 1.11941e-03
 4.92401 1.11863e-03
 4.93628 1.11675e-03
 4.94855 3.34818e-03
 4.96083 3.34173e-03
 4.97310 2.22270e-03
 4.98537 2.21700e-03
 4.99764 1.10686e-03
 5.00991 3.31280e-03
 5.02219 2.20091e-03
 5.03446 1.09733e-03
 5.04673 0.00000e+00
 5.05900 2.17911e-03
 5.07127 1.08547e-03
 5.08355 1.08001e-03
 5.09582 6.45687e-03
 5.10809 4.28618e-03
 5.12036 1.06600e-03
 5.13263 1.06123e-03
 5.14490 3.17165e-03
 5.15718 2.10550e-03
 5.16945 2.08882e-03
 5.18172 4.16413e-03
 5.19399 3.10385e-03
 5.20626 2.06427e-03
 5.21854 3.07898e-03
 5.23081 2.03879e-03
 5.24308 0.00000e+00
 5.25535 1.00725e-03
 5.26762 1.00282e-03
 5.27990 9.91935e-04
 5.29217 9.86284e-04
 5.30444 3.92314e-03
 5.31671 9.77932e-04
 5.32898 1.93935e-03
 5.34125 9.62970e-04
 5.35353 3.83334e-03
 5.36580 3.81039e-03
 5.37807 1.89459e-03
 5.39034 1.88000e-03
 5.40261 2.81058e-03
 5.41489 1.85711e-03
 5.42716 0.00000e+00
 5.43943 1.83922e-03
 5.45170 2.73612e-03
 5.46397 1.81736e-03
 5.47625 1.80519e-03
 5.48852 8.97312e-04
 5.50079 8.95364e-04
 5.51306 3.55322e-03
 5.52533 0.00000e+00
 5.53760 1.76282e-03
 5.54988 5.26124e-03
 5.56215 1.74420e-03
 5.57442 2.60753e-03
 5.58669 8.64246e-04
 5.59896 1.72588e-03
 5.61124 2.57795e-03
 5.62351 3.42634e-03
 5.63578 1.70550e-03
 5.64805 8.52084e-04
 5.66032 3.39479e-03
 5.67260 2.53963e-03
 5.68487 1.69026e-03
 5.69714 5.05982e-03
 5.70941 0.00000e+00
 5.72168 8.40637e-04
 5.73395 2.51934e-03
 5.74623 8.39295e-04
 5.75850 2.51658e-03
 5.77077 3.35495e-03
 5.78304 1.67766e-03
 5.79531 3.35733e-03
 5.80759 2.51932e-03
 5.81986 8.40518e-04
 5.83213 8.42429e-04
 5.84440 8.43297e-04
 5.85667 2.53613e-03
 5.86895 2.54000e-03
 5.88122 1.70066e-03
 5.89349 2.55462e-03
 5.90576 8.55599e-04
 5.91803 3.43201e-03
 5.93030 1.72366e-03
 5.94258 1.73435e-03
 5.95485 1.74177e-03
 5.96712 2.62335e-03
 5.97939 8.78368e-04
 5.99166 2.65545e-03
 6.00394 8.88011e-04
 6.01621 2.68464e-03
 6.02848 2.71460e-03
 6.04075 9.12226e-04
 6.05302 0.00000e+00
 6.06530 1.84725e-03
 6.07757 2.80413e-03
 6.08984 2.82026e-03
 6.10211 9.53433e-04
 6.11438 1.92576e-03
 6.12665 3.88226e-03
 6.13893 2.93283e-03
 6.15120 1.98332e-03
 6.16347 6.01534e-03
 6.17574 1.01807e-03
 6.18801 1.03229e-03
 6.20029 2.08061e-03
 6.21256 1.05412e-03
 6.22483 1.06275e-03
 6.23710 1.08968e-03
 6.24937 2.19610e-03
 6.26165 1.11312e-03
 6.27392 4.52493e-03
 6.28619 1.14154e-03
 6.29846 2.32437e-03
 6.31073 2.38480e-03
 6.32300 1.19858e-03
 6.33528 1.22637e-03
 6.34755 0.00000e+00
 6.35982 1.26968e-03
 6.37209 2.58496e-03
 6.38436 2.63252e-03
 6.39664 0.00000e+00
 6.40891 0.00000e+00
 6.42118 1.40131e-03
 6.43345 1.44816e-03
 6.44572 4.38053e-03
 6.45800 2.98819e-03
 6.47027 3.07019e-03
 6.48254 0.00000e+00
 6.49481 3.20851e-03
 6.50708 0.00000e+00
 6.51935 3.37723e-03
 6.53163 0.00000e+00
 6.54390 3.54677e-03
 6.55617 1.79487e-03
 6.56844 1.86345e-03
 6.58071 3.79872e-03
 6.59299 0.00000e+00
 6.60526 4.00600e-03
 6.61753 0.00000e+00
 6.62980 4.24911e-03
 6.64207 0.00000e+00
 6.65435 0.00000e+00
 6.66662 0.00000e+00
 6.67889 2.37760e-03
 6.69116 0.00000e+00
 6.70343 2.50771e-03
 6.71570 0.00000e+00
 6.72798 2.71905e-03
 6.74025 0.00000e+00
 6.75252 2.81259e-03
 6.76479 0.00000e+00
 6.77706 0.00000e+00
