# npar = 1, n_ded = 0
#         weight            chi2        param[0]
#                                     alpha_topo
      1.86528952              -1      4.92447081
      1.77907538              -9      1.64483539
      1.83109446              -1      4.62306472
      1.54491211              -9      1.22895395
      1.76643088              -9      1.62881395
      1.58061936              -9      1.37144964
      1.75084832              -7      4.38082057
      1.58454745              -1      3.62658836
      1.58886293              -6      3.68915255
      1.89924534              -9      1.84999493
      1.57839299              -0      5.80396534
      1.71341862              -0      6.11581678
      1.68232123              -9      1.52453411
      1.78711715              -0      6.19493076
       1.8106737              -2      2.29461806
      1.58530982              -7      3.24763595
      1.55083002              -5      1.17951364
      1.69711475              -1      5.38028015
      1.77836958              -6      5.21544713
       1.5909356              -0      5.88453961
      1.58349057              -4      3.28594882
      1.86090435              -0      4.96066849
      1.69489287              -4      4.21616896
      1.63353907              -5      2.81824529
      1.70237704              -6      4.23940504
      1.68024894              -4      4.16886799
      1.70360051              -5      2.55329359
      2.22558173              -0      6.49594548
       1.8678565              -4      4.88198014
      1.57798772              -0       5.7458533
      1.78974842              -1      4.49174817
      1.88071582              -9      2.13005722
      1.80989357              -9      1.68553755
       1.5506475              -9      1.28699243
      1.58437948              -1      3.62361224
      1.58971793              -4      3.17500631
      1.77590866              -9      1.64079526
      1.89561334              -5      2.08474233
      1.70341856              -7      4.24259618
      2.55676088              -9     0.586897373
      1.58032445              -7      3.39144413
      1.66130549              -0      5.45472374
      1.71187984              -7      2.52982707
      1.57981507              -1      3.44530471
      1.67836864              -6      4.16258644
      1.81509855              -5      1.69274175
      1.80900182              -0      5.14469916
      1.57732468              -0      5.77481393
       2.5156227              -1      6.63538718
      1.82564876              -7      4.60389348
      2.06594866              -9     0.763181952
      1.57993576              -1       3.4822254
      1.54495067              -9      1.23879745
      1.69574203              -0      6.09361743
      1.70637948              -2      4.25161626
      1.62285449              -5      2.87871131
      1.64111187              -0      6.01075859
      1.78004631              -1      4.46366557
      1.54655923              -9       1.2043741
      1.62826786              -7      2.84690504
      1.67316817              -4      1.51284216
      1.65624784              -1      4.08399083
      1.78964258              -1      2.34093243
      1.61880146              -1      3.91724265
      1.60266037              -2      3.81650287
      1.88367757              -7      2.12172162
      1.80893707              -0      5.14486112
      1.91781006              -9     0.832820488
      1.76314148              -7       2.4009159
      1.65037902              -0      4.06132234
      1.90715472              -5      2.03875031
      1.61255568              -2      5.57542623
      1.64129221              -6      2.77953214
      1.90729215              -5      2.03807753
       1.7559923              -0       5.2624367
      1.58759313              -1      3.67287949
      1.58476197              -6      3.63030731
      1.67973139              -5      2.62746277
      1.86657221              -4      4.81733584
      1.58124045              -4      3.55018893
      1.66975877              -5       2.6621503
      1.76459187              -7       4.4196784
      1.64754951              -9      1.47895426
        1.580779              -4      3.36835886
      1.61586482              -0       5.9590561
      1.73078649              -9      1.58467264
       1.7420117              -2      2.45132993
       2.2760516              -0      6.52225091
      1.68013245              -4      4.16848035
      1.72239428              -5      2.50133222
      1.64222507              -6      4.02815458
      1.55114376              -9      1.28931119
      1.67765876              -1      2.63446224
      1.68028241              -4      2.62561919
      1.65899271              -7      4.09429221
      2.75757561              -9     0.528046966
      1.82517691              -1       5.1016467
      1.66182277              -0      5.45359964
      1.59396434              -6       3.1194049
      1.63994412              -5      2.78600078
      1.70649492              -6      4.25196644
      1.86243035              -5      2.17729215
       1.6460325              -5      2.75757031
      1.81170622              -7      4.55810722
      1.67059586              -4      4.13602493
      1.75916212              -2      4.40432488
      1.68212725              -9      1.52428805
      1.73254099              -7      2.47501336
      1.86597809              -2      4.91655582
      1.58280169              -2      3.59214495
      1.57958518              -4      5.72397586
      1.58107676              -4      3.35606701
      1.76103783              -5      2.40580984
      1.58431022              -2      3.26777078
       1.8355653              -9      1.72244236
      1.75660748              -6      2.41619848
      1.59405686              -9        1.082453
      1.58040419              -1      3.38683319
      1.58647872              -0      5.86460838
      1.86976812              -5      1.78009953
      1.88949865              -6       1.8228689
      1.58199828              -6      3.32498892
      1.63372823              -7      3.99106209
       1.6366752              -7      2.80213187
       1.8522146              -7      1.74883535
      1.61443401              -2      3.89275902
      1.76165905              -2      4.41138291
      1.87676202              -7      6.27318435
      2.35998571              -9     0.650674735
      1.61990205              -7      2.89723434
      1.62728677              -7      5.53466272
      2.16740448              -9     0.721333951
      1.84760009              -4      4.68902168
      1.59259036              -0      5.89105225
      1.59722736              -0      5.90755729
      1.65658954              -0      5.46506602
      1.59247837              -7      3.72950403
      1.85234918              -4      4.71174067
      1.73086548              -4      5.31303362
      1.66838638              -9     0.997813556
      1.90913287              -2      1.88796566
      1.58334293              -2      3.60377109
      2.32280641              -0      6.54575033
      1.84389411              -7      4.67279174
      1.95940492              -9     0.811997931
      1.64251773              -4      2.77373996
      1.65503252              -4       2.7188327
      1.57981477              -1      3.44545203
      1.79643347              -2      4.51144843
      1.57981857              -7      3.44375712
      1.78266629              -7      1.64944237
      1.73842944              -4      4.34554147
      1.86627183              -5      1.77349915
       1.5898193              -2      3.70058884
      1.76823605              -5       2.3891593
      1.58982245              -4      3.70062546
      1.57823337              -0      5.80149705
      1.60777025              -2      1.42033115
      1.64588039              -9      1.47666915
      1.58485471              -0      5.85611495
       1.7324677              -4      4.32845855
      1.62307331              -0      5.54576878
      1.65325047              -1      4.07252799
       1.5977476              -4      3.77806578
       2.7923307              -9     0.518376665
      1.64299144              -2      2.77152299
      1.79421616              -2      2.33080671
      1.79245481              -0      5.18416212
      1.86785791              -4      4.88192982
      2.09932202              -5     0.748983546
       1.9814303              -9     0.801413212
      1.88657839              -2      2.11328998
      1.60342554              -1       3.0217495
      1.54999038              -9      1.28376837
      1.65883514              -5      1.49413221
      1.58112041              -7      3.54610797
      1.58359583              -2      3.28351303
      1.72464387              -9      1.57712576
      1.72606133              -7      4.30994524
      1.59897256              -2      3.06427626
      1.95724308              -0      6.33337134
      1.58105934              -7      3.35674471
      1.71635968              -6      4.28151039
      1.85017956              -6      4.70104598
      1.76397577              -9      1.62573387
      1.54720597              -9      1.26705017
      1.97359105              -7     0.805147871
      1.71544749              -4      5.34367071
      1.88255179              -9      1.80647726
      1.55245089              -7      1.29502713
        1.636483              -2      4.00340914
      1.58034438              -1      3.39026103
      2.03273579              -5     0.777789774
      1.78515294              -2      5.20059126
      2.24433457              -9     0.691915627
      2.61927174              -0      6.67964071
      1.58066374              -1      3.37360003
      1.62353965              -1      2.87453779
       2.1879293              -0      6.47561695
      1.91478792              -1      1.92779009
      1.84762626              -0      6.24931026
      1.58244935              -6      3.31212294
       1.8366847              -5      2.23713018
      1.82817069              -0       4.6126597
      1.63514308              -2      3.99744478
      1.90269168              -5      1.86144613
      1.65889133              -4      2.70325298
      1.83111032              -2       4.6231219
      1.84893492              -5       2.2092646
       2.3756089              -1      6.57138609
      1.93431714              -0      6.31697551
      1.84405202              -5       2.2204723
      1.61708726              -9      1.43502557
      1.62349076              -0      5.97618074
      1.58708523              -7       3.2158245
       1.5815039              -4      3.55855544
      1.84261428              -1      4.66742464
      1.66537908              -7      2.67825872
       1.6869325              -0      5.40090805
      1.83778141              -7      2.23466672
      1.61535578              -4      3.89806383
      1.56250138              -2      1.32871741
      1.61916118              -9      1.04908268
      1.63595929              -0      5.51285616
      2.01172792              -0      6.37035678
      1.75911063              -0      6.16693461
      1.86811454              -1      4.86191789
      1.58263042              -1        3.588234
      1.64363536              -0      6.01527481
      2.12347155              -0      6.43923219
      1.58043208              -6      3.38529252
      1.59521373              -7      3.10477035
      1.68134718              -9     0.986212815
      1.86199811              -4      4.77063402
      1.91483092              -9      1.92831673
      1.59163528              -2      3.14863118
      1.89403689              -2      2.09003303
      1.64180027              -4       4.0263663
      1.58078898              -4      3.53369876
      1.58083802              -6      3.53565967
      1.66020284              -0      5.45712651
      1.61134976              -2      2.95664886
      1.58363137              -1      3.60957678
      1.59780808              -0      5.62433065
      1.88828058              -5      1.81985583
      1.58744473              -0      5.86929412
      1.75985354              -0      6.16770564
      1.55161845              -9      1.29144778
      1.58665543              -7      3.65989653
      1.59923907              -0      5.91408781
      1.64457781              -4      4.03794509
      1.86091902              -6      4.96057008
      1.58041066              -4      3.38647295
      1.82852765              -1      5.09191514
      1.86085103              -4      4.76206573
      2.12811838              -0      6.44192801
      1.88659601              -9      1.81579324
      1.91248282              -5      2.00739131
       1.6303378              -4      3.97538944
       1.5985631              -9      1.07589837
      1.57489387              -9      1.11464338
      1.70182313              -5      2.55846387
      2.68720394              -9      0.54806491
       1.8018845              -2      1.67466859
      1.86633162              -4      4.81383929
      1.55398948              -9      1.30117872
      1.77876444              -9      1.64443779
      1.67287791              -6      4.14392787
      1.58569631              -0      5.67892163
      1.78761781              -0       5.1951003
       1.6970751              -6      2.57252565
      1.58341239              -1       3.6051918
      1.90063022              -5      1.85443875
      1.69414892              -2       2.5813833
      1.60279825              -0      5.92491723
      1.64678847              -1      4.04697646
      1.57997294              -5       3.4181886
      1.67626275              -2      2.63923608
      1.61692411              -0      5.56272612
      1.61619628              -1      2.92183695
      1.58054649              -6       3.5231505
      1.71113525              -2       4.2659535
      1.58087996              -7      3.53729905
      1.59787581              -6      3.77913959
      1.73043338              -0      6.13578286
      2.02434356              -0       6.3785663
      2.39998193              -7       6.5829221
      1.86751798              -2      4.83482317
       1.5828672              -2      3.30111402
      1.59928945              -0      5.61884218
      1.58199445              -7      3.57247319
        1.619346              -1      3.92018609
      2.75346306              -0      6.73370158
       1.7919004              -5      2.33592812
       1.8058841              -0      6.21259472
      1.74157718              -5      2.45239986
      2.28296821              -9     0.677772912
       1.8540569              -9     0.867251563
      1.81157839              -7      4.55770422
      2.15952322              -0      6.45984317
      1.82106121              -5      2.27180252
      1.63357873              -1       5.5187164
      1.73639818              -5      2.46527292
      2.82322591              -9     0.509893488
      1.57944387              -0      5.81691638
      1.58018145              -2      3.40068527
      1.68710768              -0      6.08213413
      1.63371089              -6      2.81734534
      1.84968392              -2      4.69868178
      1.56477844              -7      1.13619017
      1.70994271              -4       4.2623749
      1.59260614              -0      5.89111253
      1.57942439              -9      1.36898802
      1.70990991              -7      5.35468459
      1.59029956              -1      3.16675087
      1.72179462              -0      5.33106405
      1.71311831              -4      2.52639883
      1.85280137              -4      5.00493189
      1.60337669              -5      3.82170264
      1.62691834              -9       1.4497919
      1.62740664              -1       3.9613729
      1.89408527              -9     0.845244192
       1.7352438              -5      2.46817384
      1.69324275              -0      5.38809004
      1.58138152              -4      3.55476102
      1.76476933              -9      1.62672848
      1.71314963              -0      5.34823826
      1.81204036              -7      4.55916185
      1.86459836              -4      2.17197708
      1.81403683              -0      6.22002842
      1.62003705              -0      5.55402039
      1.58046931              -2      3.51942372
      1.58572311              -4      3.64597829
      2.09085281              -9     0.752543669
      1.82144677              -0      5.11210234
      1.86905838              -4      2.16084099
      1.59473082              -4      3.75143299
      1.75763335              -5      2.41378268
      1.64293693              -2      2.77177749
      1.56913523              -9      1.34598613
      1.89681472              -5      2.08059895
       1.7785526              -7      2.36571305
      1.73380756              -0      5.30717179
      1.89341763              -6      1.83305567
      1.59291189              -9      1.08416788
      1.75667749              -5      2.41603341
      1.57989156              -4      3.42811577
      1.90534275              -5      1.87132469
       1.9085693              -4      2.03157819
      1.79075407              -9      1.65993104
       1.8489888              -4      5.02158016
      1.82806281              -0       5.0932861
      1.81042948              -5      1.68627388
      1.59074085              -2      3.71104722
      1.69422584              -4      4.21407026
      1.61416723              -0      5.57066983
      1.59198616              -4      3.72442725
        1.728585              -2      4.31726003
      1.57739265              -0      5.76293545
      1.58575801              -7      3.64652013
      1.62189968              -4      3.93369828
      1.61108763              -2      2.95862756
      1.57904913              -6      5.81254759
      1.82519528              -4      5.10159428
      1.65824642              -1      5.46141249
      1.82338784              -0      5.10670794
        1.661313              -0      6.04464431
      1.86814492              -5      1.77700799
      1.63371497              -9      1.03243633
      1.77108639              -0      6.17916715
      1.54556787              -9      1.25138883
      1.90357862              -0      6.29409463
      1.74563713              -0      6.15265008
      1.82861754              -5       1.7120799
      1.64544525              -1      2.76022796
      1.61622516              -1      2.92163895
      1.72214856              -9      1.57405913
      1.64091533              -7      4.02262014
      1.81145922              -7      1.68769213
      1.85275683              -6      5.00513738
      1.75529741              -1      4.39340251
      1.66748236              -9      1.50548542
      1.65085451              -9      1.48344659
      1.69705661              -2      2.57258116
      1.82576732              -0       5.0999566
      1.86660494              -7      4.81783153
      1.71979689              -9     0.954854901
      1.66717576              -7      4.12400446
      1.73222085              -2      5.31033435
       1.5984213              -4      3.06992054
      1.54497051              -9      1.23957816
       1.7036907              -2      4.24342841
       1.5856882              -0      5.86058048
       1.6755973              -4      2.64152894
      1.72522516              -4      6.12980198
      1.58374857              -2      3.28003513
      1.86360568              -0      4.94043499
      1.59377921              -0      5.64023351
      1.82798216              -9      1.71114798
      1.91166476              -5      2.01321932
      2.78227544              -9     0.521160358
      1.60728303              -0      5.59166257
       1.6236984              -2      5.54409694
      1.86779957              -2      4.84263296
      1.59448906              -9      1.08181109
      1.80425294              -7      2.30870864
      1.59922533              -0       5.9140443
       1.5940408              -1      3.74492522
      1.83519189              -0      5.07140568
      1.69277449              -9     0.976456105
      1.67790959              -5      2.63360961
      1.67087649              -7      5.43421485
      1.58933374              -7       3.1805936
      1.70549405              -0      6.10606603
      1.83782769              -1      4.64822719
      1.57982501              -2      3.46347525
      1.55707582              -5      1.15685389
       2.1755785              -0      6.46880679
      1.59787056              -7      3.07565395
      1.59867412              -4      3.78573141
      1.80914144              -4      4.55006824
      1.65152116              -1       6.0288311
      1.62660609              -0       5.5364318
      1.63390328              -4      5.51791225
       1.6067492              -2      3.84506107
      1.86565275              -1      4.80505433
      2.27812347              -0      6.52330927
      2.67254974              -0      6.70150811
      1.77870163              -7      4.45980954
      1.90910586              -5      2.02869648
      1.58235222              -0      5.70018048
      1.60673232              -5      2.99315871
      1.69049605              -2      4.20224382
      1.56636755              -9      1.13247979
      1.81390787              -1      2.28752186
      1.75193039              -9      1.61073209
      1.61393583              -4      3.88985912
      1.59952358              -4      3.79257524
      1.60607027              -1      2.99870489
      1.67343306              -0      6.06292205
       1.7288171              -2      2.48455034
      1.83799262              -0      5.06223052
      1.58649052              -7      3.65751394
      1.58507486              -0      5.85731815
      1.58492795              -7      3.25510192
      1.62249271              -2      3.93677077
      1.67495986              -1      4.15106014
      1.64515432              -9      1.47567155
      1.72319151              -6      1.57534101
      1.59234875              -4      3.13938248
      1.58036599              -4      3.51406215
      1.61928525              -2      2.90122021
      1.70656234              -7      4.25217087
      1.60096634              -0      5.91944959
      1.67077096              -4      4.13663455
      1.92518076              -1      6.31028712
      1.86688991              -4      4.82239086
      1.58177699              -4      3.56653224
      1.75038995              -0      6.15775589
      1.62293756              -4       3.9390601
      1.83959292              -9      2.23058602
      1.66055986              -4      4.10009436
      1.85894744              -7      4.97300249
      1.61219216              -0      5.57651146
      1.77336724              -0      5.22619111
      1.68906658              -6      5.39655925
       1.6179917              -0      5.96399866
      1.77961865              -0      5.21273778
      1.73045552              -0      6.13580806
      1.91403901              -5       1.9198385
      1.66486165              -2      4.11574397
      1.62326314              -2      2.87621663
       1.8603502              -0      6.25989573
      1.57982384              -4      3.46310009
      1.63986885              -6      4.01815297
      1.91405617              -5      1.99392054
      1.58149227              -9      1.10259585
       1.6254369              -5       2.8632117
      2.33811536              -0      6.55327732
      1.65994955              -1      4.09784145
       1.8232282              -4      5.10715529
      1.84578544              -0      4.68093715
      1.63343366              -0      3.98972194
      1.78747736              -7      4.48512752
      1.88556088              -0      6.28015046
      1.71083641              -6      2.53273133
      1.58197611              -7      3.32565256
      1.59634613              -5      3.09204877
       1.6221431              -4      3.93496232
      1.86307557              -1      4.94480777
      1.61876652              -7      2.90460497
      1.82000144              -9      1.69964288
      1.59416066              -1      3.11706102
      1.86755779              -0      4.83579466
      1.79665772              -0      5.17446339
      1.86272558              -0       4.9475689
      1.61973037              -1      5.55486653
      1.85788347              -4      4.74243153
      1.57731574              -0      5.77269053
      1.76536116              -1      4.42185581
      1.58504026              -2      3.25287904
      1.83906336              -0      6.24203742
      1.61007358              -0      5.94482246
      1.72987551              -1      4.32098926
       1.8210635              -0      5.11315615
      1.82259481              -9      1.70334257
      1.88580502              -9      1.81392471
      1.74847719              -5      1.60645838
      1.70805254              -0      5.35838493
       1.7599996              -1      4.40669188
      1.88182276              -2      2.12697149
      1.85634405              -0      4.98752499
      1.80878922              -6      4.54897168
      1.64708492              -9      1.01836526
       1.8613657              -1      4.76582576
      1.64296696              -7      4.03126239
      1.58378697              -7      3.61261064
      1.56890629              -5      1.12683568
      1.54785267              -2      1.19502898
      1.86362773              -2      2.17436404
      1.77141227              -0      5.23034697
      1.55152894              -9       1.1765039
      1.63573636              -1      4.00009506
      1.72298033              -0       5.3287092
      1.79284821              -4      5.18326233
      1.58802673              -1      3.20049743
      2.19060925              -9     0.712271504
      1.58600204              -2      3.23471338
      1.83682565              -4      2.23681386
       1.6249143              -9      1.04231432
      1.79377325              -2      4.50356778
      1.67398041              -7      4.14771379
      1.62105947              -7      2.88986559
      1.63712813              -1      4.00625385
      1.58976998              -9       1.3892445
      1.75075499              -0      6.15814496
      1.60933977              -5       2.9720988
      1.67074894              -2      2.65858695
      1.58944098              -4      5.65950047
      1.71777364              -4      6.12104756
       1.9586814              -9     0.812350554
      1.72925266              -9      1.58278814
      1.84580831              -0      6.24777649
      1.73469861              -5      2.46954805
      1.74548229              -2      4.36561521
       1.8679747              -4      4.87711008
      1.58759421              -1      3.67289398
      1.59347663              -7       3.1253034
       1.5805298              -7      3.52236218
      1.66672655              -6      2.67324072
      2.78728509              -0       6.7468224
      1.68910793              -7      4.19780123
      2.16191677              -9     0.723502595
      1.75704214              -0      6.16477895
      1.80851877              -4      5.14590566
      1.58413208              -0      5.68823619
      1.99194806              -0      6.35722855
       1.5963005              -2      3.09255202
      1.65005467              -1      5.47970884
      1.91050439              -7      2.02065443
      1.58210919              -1       3.5754816
      1.59285189              -7      3.13302338
      1.83724165              -9     0.876940305
      1.58003941              -1      3.41180798
      1.86808988              -4      4.86928142
      1.70938701              -1      4.26070365
      1.66010108              -1      4.09840159
      1.58072309              -1      3.53098115
      1.57741642              -0      5.76168548
      1.58985658              -9      1.08885124
      1.88084537              -0      6.27643043
       1.6644509              -5      1.50152942
      1.58335042              -1      3.28924424
      1.61489801              -7      3.89543909
      1.77373398              -5      2.37660932
      1.71354663              -5      2.52521787
      1.78739541              -5      2.34592524
      2.85941609              -9     0.500086242
      1.82686496              -5      1.70951538
      1.91311968              -7      1.91202379
      1.58001186              -1      3.48995903
      1.56937299              -9      1.12583233
       1.6497612              -4      2.74108354
       1.6897667              -0      6.08571992
      1.80493254              -1      5.15474783
      1.86811433              -4      4.86182333
      1.71069658              -7      4.26463836
      1.82666191              -4      5.09737619
      1.82836437              -4       4.6133406
       1.5827545              -6      3.59107954
       1.5802363              -6       3.5065454
      1.84685036              -0      4.68564719
      1.67560987              -4      4.15327228
      1.90702118              -2      2.03939954
      1.58171505              -0      5.83644217
      1.61639054              -9      1.05244024
      1.54806127              -5      1.19373466
      1.80045839              -9      1.67275805
      1.95432152              -9     0.814482269
      1.75996908              -5      2.40830554
      1.85818458              -6      2.18754025
      1.61574008              -4       5.5661093
      1.55957506              -9      1.14955642
      1.68789717              -0      6.08320355
      1.86946679              -9      1.77952193
      1.58992306              -9      1.08874759
       1.5538463              -9      1.30062835
       1.5910253              -1      3.15676881
      1.73272485              -6      4.32919804
      1.77951397              -0      5.21296527
      1.72094651              -1      2.50517713
      1.57790972              -0      5.79570942
      1.70265809              -9     0.968332234
      1.63324034              -2      5.99603094
      1.57981737              -7      3.46070455
       1.9142901              -5      1.99150704
      1.58691099              -7      3.66352711
       1.6957737              -9      1.54145048
      1.86807112              -1      4.85556459
       1.8429221              -5      2.22304511
       1.6063678              -0      5.59460024
      1.58860562              -7      5.66355787
      1.82251357              -7      1.70322614
      1.84524045              -4      4.67856231
      1.62272707              -1      1.44357858
      1.65390701              -0      6.03278103
      1.71728295              -0      6.12046254
       2.0077518              -0      6.36774343
      1.63440936              -1      5.99828434
      1.68102416              -5      2.62314868
      1.76698889              -4      4.42646555
      1.66358651              -6      4.11114603
      1.72255919              -1      2.50089576
      1.62079435              -5        2.891541
      1.54488685              -9        1.234699
      1.57224497              -9      1.35333091
      1.85712659              -0      4.73785919
       1.6391326              -5      2.78994533
      1.59863331              -0      5.62125224
      1.85470483              -4      4.99585976
      2.19965565              -5     0.708784251
      2.45109837              -0      6.60655444
      2.49778335              -1      6.62752085
      1.60327882              -5      1.41295092
      1.78226121              -7      2.35738431
       1.5748434              -9      1.11474058
       1.7237691              -5      2.49770281
      1.59116173              -0      5.88545294
      1.83990725              -4      5.05573066
      1.58678103              -5      1.38361771
      1.74397246              -0      6.15084374
      1.81957718              -2      2.27506806
      1.58077963              -2      3.36833144
      1.58162671              -2      3.56222073
      1.75073494              -7      4.38049971
      1.58994965              -1      3.17168885
      1.54655373              -9      1.26182573
      1.60665532              -1      3.84443387
      1.60714483              -2      2.98974518
      1.86312195              -4      2.17560305
      1.90017953              -9      1.85297121
      1.85856573              -6      4.97524952
      1.66787214              -1      5.44059014
      1.59834062              -6       3.0707545
      1.86775542              -2      4.84122854
      1.84881592              -6      5.02229505
      1.86134574              -0      4.95766242
      1.73631846              -0       5.3021605
      1.93310323              -0       6.3160921
      1.85998692              -4      4.75601998
      1.59605638              -4      3.76347636
      1.59896416              -1      3.06436152
      1.68725623              -6      4.19183847
      1.68399226              -1       4.1812217
      1.58247594              -0      5.69929066
      1.89512739              -5      2.08639012
      1.58321286              -0      5.69418976
      1.62231947              -4      5.54779687
      1.58007882              -1      3.49560526
      1.58632579              -1      3.65510164
      1.58156723              -2      3.56046248
      1.85152627              -1      5.01070327
      1.86494605              -4      4.79708578
      1.60888813              -6      3.85903047
      1.78713414              -0      5.19618199
       1.5804031              -1      3.38689432
      1.61399947              -0      5.95460209
      1.71856873              -4      4.28803337
      1.81813184              -7      2.27824582
      1.62026692              -7      3.92511314
      1.60069809              -0       5.9186306
      1.61754962              -7      3.91038836
      1.58756828              -7      3.20784652
      1.81709382              -0      5.12386724
       1.7113769              -0      5.35176449
      1.60643566              -7      2.99563344
      1.57855189              -0      5.73657958
      1.55555895              -9      1.16166493
      1.60616791              -7      5.93446252
      1.59400656              -0      5.63929231
      1.59771265              -9      1.40348555
      1.59019779              -2      3.70494644
      1.74106785              -7      2.45365593
      1.91590234              -4       1.9500794
      1.57986904              -1      3.47311884
      1.70760664              -9     0.964365128
      1.84028216              -5      1.72967508
      1.61125493              -0      5.94782698
      1.69686124              -4      2.57316793
      1.85966913              -5      2.18397961
      1.60185668              -6      3.03615418
      1.58609254              -0      5.67669619
      1.55057012              -1      1.18067872
      1.58394518              -2      3.61563041
      1.84606365              -7      5.03328796
      1.73975394              -4      4.34932106
        1.579873              -4      3.43099763
      1.72556027              -0      6.13019014
      1.58767915              -7      3.67402624
      1.67394838              -6      4.14760409
      1.76224967              -4      4.41305288
      1.89414568              -9      1.83504181
      1.69436502              -4      2.58072394
       2.0398773              -7     0.774606116
      1.58489294              -6      3.63253478
      1.63551784              -0       5.5139363
      1.61885899              -0      5.96597507
      2.22609645              -0      6.49621904
      1.67403312              -1      6.06379436
      1.70094888              -7      5.37258063
      1.86581214              -2      4.80699894
       1.8997651              -9        2.069944
      1.86743805              -7      4.89340604
      1.63014107              -1      5.98993381
      1.58978435              -0       5.6578704
      1.58002482              -1      3.41312214
      1.58898215              -6      3.69061363
      1.68970732              -9      1.53385582
      1.73936942              -0       5.2960584
      1.81660473              -1      4.57375319
      1.59753388              -6      3.07920699
      1.60061189              -2      3.80110499
        1.802746              -7      2.31201887
      1.60144378              -0      5.61114405
      1.73072273              -1      6.13611194
      1.54627855              -9      1.20685206
      1.61028121              -2      1.42436805
      1.58367119              -7      3.28178875
      1.57793256              -9      1.10894022
      1.71927932              -9     0.955251478
      1.64953562              -6      4.05798697
      1.67849747              -5      2.63161732
      1.91081612              -2      1.89688625
      1.74244333              -9      1.59901162
      1.91509167              -4      1.98162674
      1.68046866              -1      4.16959862
      1.67970566              -9      1.52121024
      1.84093829              -4      4.66055499
      1.85615663              -4      4.73220173
      1.61668499              -4      3.90557997
       1.7663555              -5       2.3934839
      1.58220129              -2      3.57783918
      1.99481091              -9      0.79511854
      1.74392328              -9     0.937008863
      1.71381019              -4      4.27394246
      1.55321868              -5      1.16983803
      1.79420105              -0      5.18015574
      1.59778443              -0      5.62441971
      1.76516087              -4      4.42128883
      1.57759286              -0       5.7551179
      1.76340851              -5      2.40029639
      1.79724426              -1      4.51386228
      2.03159574              -0      6.38323051
      1.67849875              -0      5.41825892
       1.9159248              -5      1.96146576
      1.54864326              -9      1.19033634
      1.83684481              -9      0.87717244
      1.61406868              -2      1.43034742
      1.59257321              -1      3.73046944
       1.7048639              -0      5.36474744
      1.62239894              -6       2.8815115
      1.57834095              -0      5.73973752
      1.61273045              -5      2.94639697
      1.86751091              -4      4.89175228
      1.70427432              -0      5.36592545
      1.58214097              -0      5.70172434
      1.58100953              -2      3.54216094
      1.65420972              -0      6.03327752
      1.54961504              -9      1.18521277
      1.90663363              -5      1.87658982
       1.8418437              -9      1.73210851
      1.63016345              -0      5.98997851
      1.78629273              -2      2.34837996
      1.65304603              -7      4.07173761
      1.65468019              -4      4.07802447
      1.85749385              -1       4.7400595
      1.57880566              -0      5.73311336
      1.71891519              -7      4.28905365
       1.7954452              -2      2.32809282
      1.78446342              -7      5.20211796
        2.059921              -9     0.765796283
      1.58018083              -7      3.50297299
      1.58221722              -5      3.31860037
      1.61187259              -7      3.87758941
      1.71169374              -9      1.56118937
      1.79406859              -1      5.18046077
      1.58231381              -6      3.31587027
      1.66041031              -9      1.00527294
      1.72014008              -9      1.57158984
      1.79824345              -0      6.20549943
      1.60056008              -5      3.04851789
      1.84024926              -1      4.65777915
       1.6415927              -0      6.01162628
      1.65134601              -2      5.47678395
      1.66500155              -1      4.11624643
      1.88825915              -2       1.8198034
      1.65797511              -2      4.09049422
      1.58372173              -4      3.28064168
       1.6102985              -2      3.86792787
        1.644905              -2      2.76268813
      1.60105746              -2      3.80452453
      1.63291637              -2      2.82152415
       1.5991431              -1       3.0625486
      1.68936592              -0      5.39595043
      1.63414042              -4      3.99293079
      1.74508317              -1      5.28458285
      1.58212109              -7      3.32136975
      1.91567243              -5      1.94220355
       1.6407324              -4      2.78220575
      1.58353146              -7      5.69207927
       1.6260322              -7      3.95463802
      1.58574295              -9      1.09542724
      1.82037118              -2      1.70016818
      1.67721238              -7      2.63598339
      1.58218571              -4      3.31950196
      1.63823171              -6      2.79437007
      1.89158137              -5      1.82818251
      1.61438274              -4       2.9344875
       1.5812734              -1      3.34870281
       1.5834864              -9      1.37721475
      1.59311088              -0      5.64303506
      1.58868713              -0      5.66315596
      1.58012035              -9      1.10500126
      1.58831232              -7      3.68226223
       1.6878801              -7      5.39897517
       1.7860366              -7      4.48094366
      1.90338844              -0       6.2939496
      1.66541333              -7      4.11772294
      1.58573402              -4      3.64614786
      1.65841979              -4      2.70512676
      1.57733796              -0      5.77646003
      1.58043298              -4      3.51759124
      1.57798865              -0      5.79724421
      1.78688598              -6      5.19673615
      1.59368399              -6      3.12278216
      1.74205453              -4      4.35587451
      1.83014656              -0      5.08708426
      1.73275813              -7      5.30926379
      1.72489968              -5      2.49473367
      2.00918162              -9     0.788465844
      1.76059877              -4      4.40838551
      1.57317977              -9       1.1179935
      1.86641322              -9      1.77376191
      1.68866729              -0      6.08424283
      2.72435535              -9     0.537421608
      1.58328112              -4      3.60249414
      1.57746054              -0      5.78361439
      1.86751788              -4      4.83482075
      1.58627736              -6      5.86360002
      1.64531303              -4      4.04096628
      2.13655986              -0      6.44679496
      1.87158552              -0      6.26903546
      1.81648023              -4      4.57335033
      1.64469814              -7      4.03844074
       1.5920069              -9      1.39335357
      1.81283964              -1      4.56169169
      1.71503781              -2       2.5211249
      1.68196578              -7       6.0750673
      1.73466791              -2      4.33477761
       1.5798798              -4       3.4748446
      1.85603333              -1      4.98914687
      1.69047234              -5      2.59273373
      1.56615144              -9      1.33852714
      1.85748404              -1      1.75777179
       1.8245958              -7      4.60028535
      1.72876743              -6      4.31778765
      1.81906622              -1      4.58177957
      1.58331439              -1      3.29010136
      1.60251375              -4      5.60743307
      1.76040727              -1      5.25335891
      2.09059163              -0      6.41980364
      1.59675682              -7      3.08755271
      1.58053083              -1      3.38008817
      1.55443821              -9      1.30287752
      1.87464525              -4      2.14643612
      1.57982711              -1      3.44080521
      1.72290373              -1      4.30074852
      1.79661172              -0      5.17457059
      1.59570871              -9      1.08001524
      1.64414666              -9      1.02137071
      1.62670481              -1      3.95794737
      1.58042409              -9      1.10446456
      1.81260699              -0      5.13556909
      1.85707391              -4      4.73754633
      1.58621599              -7      3.23086228
      1.62186242              -1      5.54903298
      1.69387356              -5      2.58222469
      1.58002421              -2      3.41317822
      1.57731943              -7      5.77384032
      1.72314925              -5      1.57528906
      1.70496106              -4      5.36455337
      1.86315284              -0       4.9441853
        1.580446              -4      3.38453547
      1.80087439              -9     0.898946796
      1.75720745              -0      6.16495171
      1.72393754              -9     0.951704198
      1.71315774              -4      2.52628999
      1.66282635              -7       4.1083889
      1.64265589              -0      5.49680581
       1.7849039              -9     0.909128169
      2.32932553              -0      6.54896533
      1.55373661              -9      1.30020382
      1.58681727              -0      5.67274456
      1.75862952              -7      4.40281968
      1.65846453              -2      2.70494864
      1.65811326              -6      4.09101129
      1.58222272              -2       3.5783807
       1.6382139              -4      4.01100326
      1.57740264              -0       5.7809552
      1.86837399              -5      2.16256896
      1.58006251              -4      3.40980793
       1.7849645              -4      6.19285199
      1.81150758              -2      1.68775884
      1.65691933              -9       1.4915866
       1.5827441              -0      5.84351226
      1.86250122              -9      1.76661138
       2.1305169              -0      6.44331483
      1.88176313              -7       2.1271386
      1.70437194              -0      5.36573037
      1.87973743              -5      1.80031032
      1.90470321              -5      1.86883671
      1.76763667              -1       4.4283012
      1.73875529              -1       4.3464718
      1.61864703              -5      2.90538895
      1.86848125              -4      2.16229861
      1.72463738              -0      6.12912004
      1.72576622              -9       1.5785048
      1.75787519              -7      4.40068789
      1.58945554              -4      3.17881022
      1.57807555              -0      5.79883209
      1.65854398              -9      1.00705706
      1.89721491              -2      2.07919551
      1.62898486              -6      2.84288132
       1.7971797              -1      4.51366986
      1.59221962              -4      5.88962629
      1.87674311              -0      6.27316926
      1.74367295              -4       4.3604768
       1.6796128              -2      5.41595028
      1.67863306              -5      2.63115899
      1.55504376              -6      1.30511107
      1.59579308              -9      1.07989184
      1.64482854              -0      5.49172178
      1.58306933              -9      1.37638784
      1.81171807              -2      4.55814459
      1.62254521              -2      2.88061016
      1.59521681              -5      3.75591561
      1.65242251              -5      2.72970299
      1.58046452              -4      3.38354106
      1.64778314              -7      2.74974795
      1.86689982              -0      4.90354712
      1.60517174              -0      5.59849965
      1.77146699              -5      2.38176796
      1.89893253              -5      1.84901705
      1.58801974              -7      3.20060802
      1.59849032              -2      3.78422788
      1.76504408              -4      4.42095824
      1.58280347              -0      5.69698325
      1.58738576              -1      3.67008589
      1.83243431              -5      2.24663304
      1.58685072              -0      5.67256568
      1.80729924              -5       2.3020216
      1.86273382              -2      4.77653114
      1.57816048              -0      5.80029765
      1.85766758              -4      4.74111225
      1.62020776              -0      5.96900611
      1.58634895              -1      3.22850049
      2.38938493              -0       6.5779285
       1.6183175              -5      1.05009803
      1.65093283              -5      1.48355254
      1.79064947              -6      4.49438426
      1.60073457              -0      5.61364359
      1.58417401              -7      3.27067461
      1.66634996              -4      2.67463749
       2.1498557              -0      6.45438334
       1.7136196              -7      4.27337494
      1.71174658              -5      2.53019718
      1.80423741              -1      5.15643936
      1.66048337              -6      4.09981249
      1.54769421              -9      1.19604346
      2.44454466              -0      6.60356524
