10 1
0.2180019
1 -1 1 1
          5.89460951 
    0.56893414595349 
0.11396117
1 -1 1 1
         3.993529346 
    1.11364443125017 
0.091015318
1 -1 1 1
         3.386044374 
    1.13612810806469 
0
1 -1 1 1
                   0 
                   0 
0.12174025
1 -1 1 1
          3.76198264 
    1.15864798602955 
0.10991847
1 -1 1 1
         2.334402141 
   0.657335886713383 
0.054289888
1 -1 1 1
         3.727233806 
   0.976740323949603 
0.12084349
1 -1 1 1
         3.814676173 
    1.15209138913252 
0
1 -1 1 1
                   0 
                   0 
0.1702295
1 -1 1 1
         1.156235328 
   0.416307948416603 
