 0.50614 0.00000e+00
 0.51841 0.00000e+00
 0.53068 0.00000e+00
 0.54295 5.12979e-03
 0.55522 0.00000e+00
 0.56750 2.28910e-03
 0.57977 1.57167e-02
 0.59204 0.00000e+00
 0.60431 2.07487e-03
 0.61658 1.95695e-03
 0.62885 3.76032e-03
 0.64113 0.00000e+00
 0.65340 0.00000e+00
 0.66567 1.69609e-03
 0.67794 3.24841e-03
 0.69021 1.56207e-03
 0.70249 0.00000e+00
 0.71476 4.50341e-03
 0.72703 0.00000e+00
 0.73930 4.18241e-03
 0.75157 4.07905e-03
 0.76385 2.61861e-03
 0.77612 0.00000e+00
 0.78839 3.68191e-03
 0.80066 1.21948e-03
 0.81293 2.33708e-03
 0.82520 0.00000e+00
 0.83748 2.23462e-03
 0.84975 3.28514e-03
 0.86202 0.00000e+00
 0.87429 2.07108e-03
 0.88656 5.09581e-03
 0.89884 0.00000e+00
 0.91111 4.92070e-03
 0.92338 9.56319e-04
 0.93565 9.50706e-04
 0.94792 1.86178e-03
 0.96020 0.00000e+00
 0.97247 1.80263e-03
 0.98474 2.67922e-03
 0.99701 1.75279e-03
 1.00928 2.59521e-03
 1.02155 2.57119e-03
 1.03383 2.52432e-03
 1.04610 4.17736e-03
 1.05837 1.65224e-03
 1.07064 1.64458e-03
 1.08291 2.44218e-03
 1.09519 0.00000e+00
 1.10746 3.21253e-03
 1.11973 0.00000e+00
 1.13200 3.96820e-03
 1.14427 2.37002e-03
 1.15655 7.85865e-04
 1.16882 1.56936e-03
 1.18109 3.13074e-03
 1.19336 2.34209e-03
 1.20563 2.33912e-03
 1.21790 7.79404e-04
 1.23018 1.55887e-03
 1.24245 7.80337e-04
 1.25472 0.00000e+00
 1.26699 3.91302e-03
 1.27926 2.35344e-03
 1.29154 7.87285e-04
 1.30381 2.37174e-03
 1.31608 7.91881e-04
 1.32835 2.38601e-03
 1.34062 1.60250e-03
 1.35290 0.00000e+00
 1.36517 8.07341e-04
 1.37744 8.14176e-04
 1.38971 1.64208e-03
 1.40198 1.65024e-03
 1.41425 2.49581e-03
 1.42653 4.19012e-03
 1.43880 8.42781e-04
 1.45107 2.55597e-03
 1.46334 4.29494e-03
 1.47561 1.73147e-03
 1.48789 8.70147e-04
 1.50016 1.76062e-03
 1.51243 0.00000e+00
 1.52470 1.79484e-03
 1.53697 3.62762e-03
 1.54925 2.74151e-03
 1.56152 0.00000e+00
 1.57379 9.28999e-04
 1.58606 9.36252e-04
 1.59833 2.84117e-03
 1.61060 1.90915e-03
 1.62288 2.88241e-03
 1.63515 0.00000e+00
 1.64742 2.94261e-03
 1.65969 0.00000e+00
 1.67196 2.98383e-03
 1.68424 5.00590e-03
 1.69651 2.01225e-03
 1.70878 0.00000e+00
 1.72105 1.02228e-03
 1.73332 1.02518e-03
 1.74560 2.07053e-03
 1.75787 0.00000e+00
 1.77014 0.00000e+00
 1.78241 2.09362e-03
 1.79468 2.10177e-03
 1.80695 1.05741e-03
 1.81923 3.17654e-03
 1.83150 1.06171e-03
 1.84377 1.06382e-03
 1.85604 1.06559e-03
 1.86831 4.27225e-03
 1.88059 4.27697e-03
 1.89286 4.28100e-03
 1.90513 2.14084e-03
 1.91740 1.07052e-03
 1.92967 2.14014e-03
 1.94195 3.20924e-03
 1.95422 2.13745e-03
 1.96649 1.06771e-03
 1.97876 0.00000e+00
 1.99103 1.06438e-03
 2.00330 1.06097e-03
 2.01558 0.00000e+00
 2.02785 1.05723e-03
 2.04012 0.00000e+00
 2.05239 3.15311e-03
 2.06466 2.09820e-03
 2.07694 1.04513e-03
 2.08921 3.13014e-03
 2.10148 1.04098e-03
 2.11375 1.03750e-03
 2.12602 1.03433e-03
 2.13830 3.09160e-03
 2.15057 7.17946e-03
 2.16284 2.04539e-03
 2.17511 1.01899e-03
 2.18738 5.08767e-03
 2.19965 5.06925e-03
 2.21193 0.00000e+00
 2.22420 3.02198e-03
 2.23647 4.01214e-03
 2.24874 2.00159e-03
 2.26101 9.98541e-04
 2.27329 9.94217e-04
 2.28556 1.98485e-03
 2.29783 1.98177e-03
 2.31010 9.86818e-04
 2.32237 1.96997e-03
 2.33465 3.93209e-03
 2.34692 2.94093e-03
 2.35919 2.93732e-03
 2.37146 9.76264e-04
 2.38373 1.95100e-03
 2.39600 1.94673e-03
 2.40828 2.91556e-03
 2.42055 3.88207e-03
 2.43282 1.93895e-03
 2.44509 0.00000e+00
 2.45736 1.93407e-03
 2.46964 1.93205e-03
 2.48191 9.65446e-04
 2.49418 1.92920e-03
 2.50645 9.63771e-04
 2.51872 9.63223e-04
 2.53100 9.62776e-04
 2.54327 9.62290e-04
 2.55554 9.62170e-04
 2.56781 1.92406e-03
 2.58008 9.61920e-04
 2.59235 0.00000e+00
 2.60463 1.92389e-03
 2.61690 3.84834e-03
 2.62917 2.88687e-03
 2.64144 9.62434e-04
 2.65371 1.92587e-03
 2.66599 0.00000e+00
 2.67826 2.89061e-03
 2.69053 2.89200e-03
 2.70280 9.64624e-04
 2.71507 1.92987e-03
 2.72735 9.65433e-04
 2.73962 9.66035e-04
 2.75189 9.66458e-04
 2.76416 3.86838e-03
 2.77643 0.00000e+00
 2.78870 1.93650e-03
 2.80098 1.93735e-03
 2.81325 9.69194e-04
 2.82552 2.90950e-03
 2.83779 1.94084e-03
 2.85006 2.91238e-03
 2.86234 0.00000e+00
 2.87461 2.91501e-03
 2.88688 1.94441e-03
 2.89915 9.72453e-04
 2.91142 2.91821e-03
 2.92370 0.00000e+00
 2.93597 2.91987e-03
 2.94824 1.94691e-03
 2.96051 1.94714e-03
 2.97278 9.73703e-04
 2.98505 0.00000e+00
 2.99733 0.00000e+00
 3.00960 1.94717e-03
 3.02187 3.89399e-03
 3.03414 9.73251e-04
 3.04641 1.94594e-03
 3.05869 1.94546e-03
 3.07096 9.72538e-04
 3.08323 0.00000e+00
 3.09550 1.94299e-03
 3.10777 9.71018e-04
 3.12005 2.91076e-03
 3.13232 0.00000e+00
 3.14459 2.90631e-03
 3.15686 1.93644e-03
 3.16913 2.90179e-03
 3.18140 4.83135e-03
 3.19368 2.89624e-03
 3.20595 1.92860e-03
 3.21822 3.85389e-03
 3.23049 2.88658e-03
 3.24276 2.88308e-03
 3.25504 9.60451e-04
 3.26731 9.58354e-04
 3.27958 1.91460e-03
 3.29185 9.55985e-04
 3.30412 2.86505e-03
 3.31640 3.81709e-03
 3.32867 1.90509e-03
 3.34094 9.50793e-04
 3.35321 0.00000e+00
 3.36548 1.89680e-03
 3.37775 1.89448e-03
 3.39003 1.89161e-03
 3.40230 9.43697e-04
 3.41457 2.82885e-03
 3.42684 1.88224e-03
 3.43911 2.82168e-03
 3.45139 9.39021e-04
 3.46366 1.87468e-03
 3.47593 1.87101e-03
 3.48820 1.86888e-03
 3.50047 1.86746e-03
 3.51275 9.32117e-04
 3.52502 9.31467e-04
 3.53729 1.85880e-03
 3.54956 4.64103e-03
 3.56183 2.78126e-03
 3.57410 4.63010e-03
 3.58638 9.24871e-04
 3.59865 1.84794e-03
 3.61092 9.22524e-04
 3.62319 9.22038e-04
 3.63546 1.84138e-03
 3.64774 9.19949e-04
 3.66001 1.83870e-03
 3.67228 2.75594e-03
 3.68455 1.83519e-03
 3.69682 2.75117e-03
 3.70910 0.00000e+00
 3.72137 3.66380e-03
 3.73364 2.74615e-03
 3.74591 3.66050e-03
 3.75818 2.74430e-03
 3.77045 2.74337e-03
 3.78273 2.74285e-03
 3.79500 1.82804e-03
 3.80727 1.82790e-03
 3.81954 0.00000e+00
 3.83181 9.14038e-04
 3.84409 1.82832e-03
 3.85636 1.82881e-03
 3.86863 9.14546e-04
 3.88090 1.83011e-03
 3.89317 1.83092e-03
 3.90545 3.66381e-03
 3.91772 1.83330e-03
 3.92999 0.00000e+00
 3.94226 2.75390e-03
 3.95453 0.00000e+00
 3.96680 9.20252e-04
 3.97908 1.84090e-03
 3.99135 0.00000e+00
 4.00362 9.22725e-04
 4.01589 9.24685e-04
 4.02816 0.00000e+00
 4.04044 1.85499e-03
 4.05271 1.85666e-03
 4.06498 0.00000e+00
 4.07725 0.00000e+00
 4.08952 9.33743e-04
 4.10180 2.80618e-03
 4.11407 2.81245e-03
 4.12634 2.81992e-03
 4.13861 1.88411e-03
 4.15088 0.00000e+00
 4.16315 2.83903e-03
 4.17543 9.47488e-04
 4.18770 1.90276e-03
 4.19997 0.00000e+00
 4.21224 1.91429e-03
 4.22451 9.60075e-04
 4.23679 4.81061e-03
 4.24906 1.92959e-03
 4.26133 2.90275e-03
 4.27360 1.94127e-03
 4.28587 9.72835e-04
 4.29815 0.00000e+00
 4.31042 1.95830e-03
 4.32269 2.95110e-03
 4.33496 3.94675e-03
 4.34723 0.00000e+00
 4.35950 9.93577e-04
 4.37178 2.99050e-03
 4.38405 3.00322e-03
 4.39632 0.00000e+00
 4.40859 0.00000e+00
 4.42086 3.04035e-03
 4.43314 3.04947e-03
 4.44541 1.02094e-03
 4.45768 0.00000e+00
 4.46995 0.00000e+00
 4.48222 0.00000e+00
 4.49450 0.00000e+00
 4.50677 2.07782e-03
 4.51904 2.08937e-03
 4.53131 3.14439e-03
 4.54358 2.10357e-03
 4.55585 0.00000e+00
 4.56813 0.00000e+00
 4.58040 1.06372e-03
 4.59267 3.20365e-03
 4.60494 1.07232e-03
 4.61721 2.15313e-03
 4.62949 3.23876e-03
 4.64176 2.16683e-03
 4.65403 5.42750e-03
 4.66630 1.08857e-03
 4.67857 3.27880e-03
 4.69085 1.09515e-03
 4.70312 3.30137e-03
 4.71539 3.30955e-03
 4.72766 2.21134e-03
 4.73993 1.10828e-03
 4.75220 2.22446e-03
 4.76448 2.22899e-03
 4.77675 1.11619e-03
 4.78902 2.23565e-03
 4.80129 1.12058e-03
 4.81356 0.00000e+00
 4.82584 2.24554e-03
 4.83811 1.12381e-03
 4.85038 2.25037e-03
 4.86265 3.37760e-03
 4.87492 1.12606e-03
 4.88720 3.37928e-03
 4.89947 3.37907e-03
 4.91174 1.12599e-03
 4.92401 2.25078e-03
 4.93628 1.12467e-03
 4.94855 1.12300e-03
 4.96083 1.12197e-03
 4.97310 1.12080e-03
 4.98537 3.35532e-03
 4.99764 3.34883e-03
 5.00991 3.33841e-03
 5.02219 2.22126e-03
 5.03446 2.21245e-03
 5.04673 1.10400e-03
 5.05900 1.10044e-03
 5.07127 0.00000e+00
 5.08355 3.27600e-03
 5.09582 1.08449e-03
 5.10809 3.25149e-03
 5.12036 0.00000e+00
 5.13263 0.00000e+00
 5.14490 0.00000e+00
 5.15718 2.11578e-03
 5.16945 3.16713e-03
 5.18172 2.09280e-03
 5.19399 4.16752e-03
 5.20626 3.10493e-03
 5.21854 2.05815e-03
 5.23081 5.11574e-03
 5.24308 1.01891e-03
 5.25535 6.04861e-03
 5.26762 3.00785e-03
 5.27990 1.98341e-03
 5.29217 0.00000e+00
 5.30444 9.77721e-04
 5.31671 5.84111e-03
 5.32898 1.93062e-03
 5.34125 9.54768e-04
 5.35353 3.80911e-03
 5.36580 3.77506e-03
 5.37807 9.34067e-04
 5.39034 1.86499e-03
 5.40261 0.00000e+00
 5.41489 4.57531e-03
 5.42716 9.08608e-04
 5.43943 3.59851e-03
 5.45170 8.92473e-04
 5.46397 5.32582e-03
 5.47625 1.76211e-03
 5.48852 4.37814e-03
 5.50079 8.71483e-04
 5.51306 8.60732e-04
 5.52533 8.59380e-04
 5.53760 3.40679e-03
 5.54988 0.00000e+00
 5.56215 8.37399e-04
 5.57442 2.50443e-03
 5.58669 1.65669e-03
 5.59896 1.64892e-03
 5.61124 0.00000e+00
 5.62351 2.44406e-03
 5.63578 3.24052e-03
 5.64805 1.61360e-03
 5.66032 1.60693e-03
 5.67260 2.39840e-03
 5.68487 7.95008e-04
 5.69714 3.96108e-03
 5.70941 2.36703e-03
 5.72168 3.93412e-03
 5.73395 7.84876e-04
 5.74623 3.91295e-03
 5.75850 0.00000e+00
 5.77077 0.00000e+00
 5.78304 4.66329e-03
 5.79531 1.55131e-03
 5.80759 3.09942e-03
 5.81986 7.74431e-04
 5.83213 3.09541e-03
 5.84440 4.64219e-03
 5.85667 0.00000e+00
 5.86895 0.00000e+00
 5.88122 0.00000e+00
 5.89349 2.32844e-03
 5.90576 1.55404e-03
 5.91803 1.55901e-03
 5.93030 3.90509e-03
 5.94258 3.13138e-03
 5.95485 7.85067e-04
 5.96712 1.57520e-03
 5.97939 3.16698e-03
 5.99166 3.17982e-03
 6.00394 3.99908e-03
 6.01621 3.21422e-03
 6.02848 2.42768e-03
 6.04075 3.25069e-03
 6.05302 1.64006e-03
 6.06530 8.23652e-04
 6.07757 2.48770e-03
 6.08984 2.51003e-03
 6.10211 1.69000e-03
 6.11438 4.25576e-03
 6.12665 1.71219e-03
 6.13893 2.60467e-03
 6.15120 4.37688e-03
 6.16347 3.55500e-03
 6.17574 1.78693e-03
 6.18801 2.72041e-03
 6.20029 2.74127e-03
 6.21256 1.85795e-03
 6.22483 1.87754e-03
 6.23710 9.55021e-04
 6.24937 1.92030e-03
 6.26165 0.00000e+00
 6.27392 9.90056e-04
 6.28619 2.02606e-03
 6.29846 2.05131e-03
 6.31073 1.03263e-03
 6.32300 2.11383e-03
 6.33528 1.08431e-03
 6.34755 4.38280e-03
 6.35982 1.11370e-03
 6.37209 2.27767e-03
 6.38436 1.16048e-03
 6.39664 1.17105e-03
 6.40891 2.38840e-03
 6.42118 6.15264e-03
 6.43345 2.52474e-03
 6.44572 1.28274e-03
 6.45800 1.31597e-03
 6.47027 0.00000e+00
 6.48254 5.43222e-03
 6.49481 2.80658e-03
 6.50708 2.87922e-03
 6.51935 4.42282e-03
 6.53163 0.00000e+00
 6.54390 0.00000e+00
 6.55617 1.57306e-03
 6.56844 3.23858e-03
 6.58071 0.00000e+00
 6.59299 3.41463e-03
 6.60526 0.00000e+00
 6.61753 1.78240e-03
 6.62980 1.83453e-03
 6.64207 1.91190e-03
 6.65435 0.00000e+00
 6.66662 2.01290e-03
 6.67889 4.12146e-03
 6.69116 2.15614e-03
 6.70343 2.19574e-03
 6.71570 2.30814e-03
 6.72798 2.39674e-03
 6.74025 4.93011e-03
 6.75252 5.00952e-03
 6.76479 0.00000e+00
 6.77706 0.00000e+00
