# npar = 1, n_ded = 0
#         weight            chi2        param[0]
#                                     alpha_topo
      1.06583915              -0       5.6616676
      1.05667297              -0      5.99175672
      1.30470038              -2      2.17815944
       1.4631807              -0      6.40497279
      1.35188821              -4       4.5941796
      1.06781586              -9      1.10354589
      1.28158837              -9      1.67437775
      1.26870897              -7      4.32057575
       1.2525591              -5      2.76754478
      1.33078986              -7      4.52508203
      1.06377685              -0      6.00932522
      1.21273301              -0      6.21508817
      1.02937367              -4      5.83551936
      1.25818392              -1       3.0605643
      1.20124454              -7      3.66715316
      1.07439712              -4      5.64010644
      1.03218219              -0       5.7946183
      1.27284872              -9     0.907283551
      1.23072353              -9      1.59739178
      1.19628063              -4      3.77684718
      1.33610349              -7      1.79278755
      1.08899068              -9      1.06958013
      1.08157455              -2      1.08047296
      1.91312608              -9     0.633859028
      1.40403682              -2       4.9247965
      1.06696544              -1       6.0165938
       1.2571052              -7      5.31875788
      1.22296703              -7      3.44950958
      1.28727241              -2      2.24697885
      1.23190192              -4      3.37494851
       1.2658838              -5      2.35042885
      1.27105606              -7      4.32896958
      1.25522257              -2      2.82546477
      1.16146406              -0      5.47318316
      1.26511092              -1        4.307513
      1.23929186              -4       3.3110181
      1.06718486              -9      1.10472173
      1.24732099              -2      2.55552575
      1.28867603              -0      5.26553727
      1.23542558              -7      3.34499537
      1.03455391              -0      5.77702957
      1.04595129              -0      5.72304708
      1.25842554              -4      3.05188832
      1.16530146              -0      5.46681793
      1.12341726              -0      6.11303135
      1.15337577              -0      6.15141354
      1.04721759              -0       5.7183714
      1.24225904              -6      3.28368884
      1.04491519              -9      1.16028221
      1.08707153              -9      1.38918512
      1.35089364              -1      4.59082302
      1.08141442              -0      6.04607896
      1.23682418              -7      3.33287171
      1.04118737              -0      5.74233547
      1.18040587              -5      1.52842853
      1.34189936              -1      5.16312447
      1.19730641              -1      3.74096266
      1.38869751              -6      4.73868225
      1.36342053              -6       4.6343254
      1.29479891              -1      5.25477697
      1.19935692              -4      3.69729614
      1.17101287              -9     0.981799778
       1.0663425              -0      6.01519971
      1.33227576              -9      1.78098965
      1.19761082              -1      3.89506666
      1.33350701              -2      2.06569405
      1.11271554              -9      1.03935781
      1.17832306              -1      5.44547292
      1.21590047              -0      5.38514609
      1.31075162              -5      1.72844469
      1.29771209              -9     0.891869207
      1.24876702              -2      2.67870209
      1.05484331              -4      5.98685803
      1.49150874              -0      6.42224321
      1.19798907              -2      3.72429366
      1.03673214              -9      1.22823262
      1.20277723              -2        3.972779
      1.36683274              -0      6.34133543
      1.25070636              -2      2.72717631
      1.12479129              -9      1.45029116
      1.04070204              -7      5.74448987
      1.35270293              -9      1.87867086
      1.29125642              -1      5.26102436
      1.29142626              -9      1.69133079
      1.15059085              -0      6.14806707
      1.04961599              -7      5.70991453
       1.2570984              -4      2.87248072
      1.02931617              -0      5.83887768
      1.24708761              -5      2.60376135
       1.1452249              -0      6.14150347
      1.35383771              -7      1.89842894
      1.04298708              -9      1.16789181
      1.14679152              -9      1.48210309
      1.35402578              -9      1.92051576
      1.38115606              -0      6.35134778
      1.37367982              -0      5.08260365
      1.39652263              -1      4.99154244
      1.06516723              -9      1.34525318
      1.09919247              -5       1.4101561
      1.30855873              -5      2.16354238
       1.2560906              -7      2.41909343
      1.40445331              -7      4.86502575
      1.03828234              -0      5.92972841
      1.23907983              -0      5.34803341
      1.29343914              -5       2.2218345
      1.12993014              -0       6.1218671
      1.20758265              -7      4.01927967
      1.37075355              -4      4.66148369
      1.39446063              -1      4.77029169
      1.07187582              -9      1.35985379
       1.3523717              -9      1.87483061
      1.29826878              -4      2.20284138
      1.23322462              -4      3.36378589
      1.30648593              -0      5.23368396
      1.26335365              -2      5.30846165
      1.30268719              -7       4.4352873
      1.04491776              -7      5.72698665
      1.24986782              -2      2.70754701
      1.32544447              -6      5.19745183
       1.3677572              -7      4.65019043
      1.34507156              -9      2.00930319
      1.49672975              -0      6.42536549
       1.2408717              -7      3.29663493
      1.03785598              -2      1.24654453
       1.3516419              -5      1.86754623
      1.16461222              -6      5.46795839
       1.2872482              -0      5.26802147
       1.2507203              -2      2.47706794
      1.89267273              -0      6.62436876
      1.19908062              -7      3.92333256
       1.3935743              -0      6.35985732
      1.21128748              -6      3.55280707
       1.2590353              -5      3.02117581
       1.0547654              -9       1.1311562
      1.20886539              -2      3.57674438
      1.40452014              -0      4.86676145
      1.22633986              -7       4.1413603
      1.36567459              -7      4.64250666
      1.28253988              -1      4.36881899
       1.1163296              -0      6.10304335
      1.36014743              -1      4.62266603
      1.23533477              -9     0.932266023
      1.35232157              -5       1.9539747
      1.02959802              -0      5.82802746
      1.30792013              -9      1.72259442
      1.19746411              -2      3.73682173
      1.24875748              -5      2.67842756
       1.2491831              -6      3.21218065
      1.05626007              -9      1.12755495
      1.25217108              -2      4.25816287
      1.19810239              -1      3.90555659
      1.06343236              -2      1.34124452
      1.19730248              -7       3.7410684
      1.18448062              -9     0.970531854
      1.24743254              -5      2.62984082
      1.09427726              -9      1.40185145
      1.05227094              -0      5.70106959
      1.10779323              -0      5.56857465
      1.24603698              -4      3.24644102
       1.0345236              -1      5.77722647
       1.3105538              -0      6.29966356
       1.2160819              -0      5.38485654
      1.23929999              -6      3.31094489
      1.19719207              -2      3.74410443
      1.63053059              -0      6.49994621
      1.33920573              -0      5.16897925
      1.34941421              -7      1.85056393
      1.31099195              -4      2.15435177
       1.0507307              -9      1.30732191
      2.20185882              -0      6.74822559
      1.27650215              -5      2.29473174
      1.27153627              -9     0.908120541
      1.25372639              -7      3.15300037
      1.05745353              -4      1.32646643
      1.38162416              -4      4.70566228
      1.22478015              -7      3.43434461
       1.3077173              -0      5.23141326
      1.10843048              -6      5.56733817
       1.1056929              -9      1.42079174
      1.10318937              -0      5.57761726
      1.77708266              -9     0.679322938
      1.28851373              -9      1.68620376
      1.21254899              -6      3.54083819
      1.19655746              -7      3.86530579
      1.38653746              -7      4.72808613
      1.24759492              -2      2.63785014
       1.2769525              -4      2.29260024
      1.19595475              -2      3.80014272
      1.39840558              -2      4.97980437
      1.06196825              -0      6.00504629
      1.25829023              -4      3.05688171
      1.12467648              -0       6.1147641
      1.19809709              -2      3.72190767
      1.19706616              -6      3.88143625
      1.23792989              -9      1.60760605
      1.28225362              -9      1.67549323
       1.2122375              -9      1.57173677
      1.24754354              -4      6.24741384
      1.19828403              -4      3.90912453
         1.25133              -7      2.74106648
      1.24898384              -5      2.50596083
      1.26725796              -9      1.65123275
      1.48819714              -0      6.42025327
      1.20076518              -4      3.67428411
      1.25471366              -5      2.43157556
       1.2052429              -7      3.61585536
      1.24730629              -1      3.23306144
       1.0797478              -0      5.62749721
      1.03314166              -0      5.90057069
      1.17380989              -9     0.979412085
      1.33492683              -5        1.789035
      1.24122127              -9     0.928190112
      1.22598624              -0      5.36903761
      1.03982318              -9      1.26193419
      1.05015188              -9      1.14337276
       1.0314942              -0      5.80097654
      1.22727651              -7      3.41356301
      1.22440686              -4      3.43745974
      1.19908974              -7      3.70211463
      1.17489541              -5      1.52093224
      1.49268461              -9     0.791240415
      1.05210258              -9      1.13797785
      1.25148429              -2      3.18416783
      1.21168895              -0       6.2140709
       1.2513407              -4      4.25484469
      1.18389123              -7      5.43644318
      1.07503359              -1      6.03366518
       1.1794821              -9     0.974647868
       1.2800852              -5      2.27814635
      1.27261487              -5      2.31378765
      1.06309455              -0      5.66903157
      1.03718256              -9      1.20648544
      1.09145616              -9      1.06614095
      1.03697729              -0      5.92338727
      1.28875184              -1      4.38968791
       1.0563654              -9      1.12730664
      1.03420254              -0       5.7793467
      1.25160607              -7      3.18259014
      1.25771422              -2      2.89103852
      1.20085133              -4      5.40918038
      1.29839357              -7       2.2023568
      1.36651642              -7      5.10324589
      1.34169667              -0      5.16356871
      1.05149398              -9      1.30967961
      1.30354438              -2      2.18255939
      1.32751877              -2      5.19329647
      1.29820683              -0      6.28995083
      1.26451505              -7      4.30532535
      1.20704667              -2      3.59577752
       1.0310928              -0      5.80514348
      1.07567107              -0      5.63705047
      1.21558825              -6      3.51306039
      1.36730353              -6      4.64850571
      1.03320256              -0      5.78642081
      1.06179771              -0      6.00463655
      1.19685642              -7      3.75418842
       1.0329489              -0      5.78835074
      2.12232842              -0      6.71813059
      1.20964148              -4      3.56891926
       1.3338616              -0      6.31740786
      1.33191302              -7      4.52868345
      1.15157275              -0      5.48978599
      1.12250021              -0      5.54085274
      1.28854915              -9      2.24167207
      1.36633254              -4      4.64492057
      1.22541159              -2      3.42908135
      1.21117202              -1       3.5539179
      1.10296642              -9      1.05107159
      1.26900782              -5      2.33273723
       1.2999612              -4      4.42647078
      1.08082562              -0      5.62502508
      1.13755804              -9       1.4689628
      1.31187563              -0      6.30069002
      1.24726009              -2      2.61945307
      1.19625306              -7      3.77826126
      1.22804797              -4      5.36573934
      1.39630381              -1      4.99281555
      1.23194383              -4      4.16974896
      1.04389814              -0      5.95271533
       1.6487975              -0      6.50943015
      1.56046109              -0      6.46210577
        1.132705              -9      1.01760268
      1.40492415              -1      4.88310683
      1.04090452              -0      5.74358589
      1.30461773              -7      5.23711022
      1.27076337              -4      2.32334068
      1.37448654              -4      4.67601378
      1.02931975              -0      5.83861162
      1.12575703              -0      6.11624147
      1.23882322              -4      5.34844665
       1.2588069              -7      2.93534735
      1.13865184              -4       1.4705334
      1.27274371              -4      4.33494757
      1.16808146              -0      5.46222985
      1.25230748              -4      2.76217786
      1.03899832              -9      1.18902369
      1.25762894              -5     0.917146183
      1.04004877              -0      5.74745922
       1.0869267              -0      6.05617743
      1.19988581              -1       3.6882323
      1.19654234              -1      3.76531814
      1.32077702              -0      5.20664931
      1.19848944              -4      5.41296107
      1.02928409              -0      5.84623738
      1.17212615              -4      5.45558635
      1.39749612              -1      4.79002918
      1.25616552              -2      2.84788278
       1.2484142              -5      2.51845096
      1.05425186              -0      5.69476916
       1.2509415              -7      3.19107006
      1.25241026              -7      3.17187359
      1.03207334              -0      5.89224405
      1.32009065              -9      1.74915562
      1.25877218              -1      3.03682913
      1.21738092              -2        3.497221
      1.27075098              -5      2.32340578
      1.18402411              -9      1.53334211
      1.29945333              -0      6.29094185
      1.20033929              -4      3.94245956
      1.30971313              -4      5.22771119
      1.25726089              -7      2.87714475
      1.40486153              -1      4.90249594
      1.13006973              -9      1.45809264
      1.37441688              -7      4.67573736
      1.15702977              -1       5.4805891
      1.24720914              -2      2.61571767
      1.04805637              -0      5.71535788
      1.25895463              -5      2.39607698
      1.07635297              -0      6.03630269
      1.25911719              -7      3.01454596
      1.31187223              -2      2.15102707
      1.24952996              -4      3.20815009
      1.05648154              -0      5.68794108
      1.31230352              -5      2.14939765
      1.03705451              -9      1.20854966
      1.07295894              -1      5.64360002
      1.25505801              -4      2.42834692
      1.34241998              -4       5.1619806
      1.58904039              -0      6.47783486
      1.03660229              -0      5.92146475
      1.05176571              -4      5.70271543
      1.09691165              -7      6.07325845
      1.24924765              -5      2.69189439
      1.37678064              -1      4.68524282
      1.17258045              -0        6.173489
      1.40096945              -0      4.96056271
      1.31118891              -5      2.15360796
      1.24848981              -7      3.22006634
      1.24709089              -7      2.60419604
      1.25876054              -1      2.93281948
      1.28823291              -9      1.68571452
      1.17853714              -4       5.4451248
      1.24706122              -7      4.23739498
      1.29997544              -4      4.42651694
      1.10824852              -0       6.0911201
      1.58840292              -0      6.47748862
      1.12608099              -2      5.53432988
      1.23585158              -4      4.18831873
       1.4020515              -7      4.82878771
      1.04084867              -0       5.7438345
       1.2583439              -2      4.28221785
      1.12099429              -0      6.10966269
      1.25902298              -5      2.94915818
      1.30501582              -2     0.887490109
      1.19713585              -7      5.41512957
      2.11129494              -9     0.573724456
      1.29226854              -5      2.22652006
      1.38240879              -7      4.70911181
      1.38657949              -0      5.03840947
      1.34576574              -5      1.83029124
      1.10872206              -9      1.42562986
      1.40284991              -9     0.834011181
      1.03276827              -0      5.89781216
      1.27285677              -1      4.33534641
      1.22001397              -9      1.58245035
      1.25403783              -2      3.14823692
      1.29354898              -0      5.25698838
      1.39992901              -4      4.96896817
      2.18323896              -0      6.74127426
      1.03690915              -9      1.21136178
      1.06432784              -9      1.11021197
      1.09303641              -9      1.39971455
      1.24569808              -2      4.23170466
      1.28938833              -5      2.23821516
      2.11404347              -5     0.572932373
       1.3529082              -2      1.94633557
      1.35348574              -5      1.93669458
      1.03404696              -0      5.90674038
      1.20283648              -7      3.97344007
      1.40189279              -7      4.95210297
      1.14263735              -0       6.1382814
      1.16357018              -2      5.46968489
      1.25024213              -4      3.19967746
      1.11096671              -7      6.09519914
      1.37393869              -4      5.08181709
      1.02946327              -4      5.83197668
      1.49125517              -9      0.79188437
      1.25526875              -5      2.42640808
      1.19028227              -9      1.54183357
      1.20319358              -7       3.6406597
      1.15045825              -0      6.14790674
      1.19679905              -5      1.55067906
      2.19293467              -0      6.74490093
      1.27495463              -9     0.905945674
       1.2590911              -1       2.9546612
      1.40131301              -4      4.82118446
      1.22447035              -0      4.13133722
      1.29234623              -0      5.25910896
      1.37061571              -0      6.34400107
      1.05056454              -2      5.97463897
      1.48816769              -2     0.793278902
      1.28538759              -9      1.68080527
      1.23872054              -2      3.31613818
      1.39410763              -7      4.76817037
      1.19461013              -5      1.54770666
      1.31518155              -5      2.13850653
      1.56207555              -9      0.76116464
      1.03817386              -9      1.19547396
      1.33399562              -6      4.53537569
      1.26875736              -2      4.32074977
      1.21733083              -6      4.08972206
      1.24085693              -9      1.61179954
      1.32897253              -5      2.08469676
      1.59976597              -9     0.745699256
      1.35365627              -6      1.93302535
      1.35197446              -9      1.87070178
        1.201916              -7      3.65761866
      1.32070028              -0      5.20679886
       1.2651639              -5      2.35471104
      1.21147535              -4      3.55100533
      1.33567451              -5      2.05619257
      1.19591843              -4      3.80561441
      1.02931611              -7      5.84987207
      1.12588013              -9      1.45191086
       1.3779593              -9     0.846818882
      1.38482851              -0       5.0451594
      1.24712856              -7      2.56912025
      1.12644133              -9      1.45274349
      1.03991803              -9      1.26253246
      1.22940615              -9      1.59553976
      1.34386142              -9      1.82158275
      1.19600691              -7      3.79463437
      1.24289463              -0      6.24326185
      1.21921465              -1      3.48133166
      1.25795162              -4      2.89899057
      1.10500982              -0      5.57401801
      1.35352703              -2      1.93585848
      1.20108569              -7      3.66948393
      1.19674956              -7      3.75774511
       1.2332449              -0      5.35741223
      1.30030018              -2      2.19498551
      1.21921552              -1      3.48132411
       1.1090402              -5      1.42613402
      1.25902292              -5      3.02207015
      1.30809582              -5      2.16529216
      1.25277753              -2       3.1667895
      1.36642202              -1      5.10350499
      1.21065122              -7      3.55896321
      1.37492023              -9     0.848415961
       1.1298704              -9      1.02053138
      1.02932062              -0      5.83854887
      1.24703495              -7      4.23728593
      1.09146189              -0      5.60165219
      1.25401908              -5       3.1485275
      1.25577483              -4      2.83837258
      1.40495589              -4      4.88645754
      1.25712383              -5      2.41039049
      1.39972693              -1      4.80697988
      1.28957316              -0      5.26397173
      1.73189914              -9     0.695369895
      1.81420876              -9     0.666514443
      1.31090113              -4      2.15469473
      1.21853889              -1      4.09719903
       2.0982843              -9     0.577488066
      1.36699222              -0      5.10193521
      1.81563777              -0      6.59011054
      1.04599802              -0      5.72287165
      1.25815337              -4      2.90624846
       1.1095784              -9      1.04303585
      1.38709637              -7      5.03635579
      1.58725511              -0      6.47686468
      1.07665085              -9      1.08823672
      1.36621798              -0      5.10406404
       1.2115244              -4      4.05040733
      1.39231543              -0      5.01365222
       1.0600733              -4      5.67744663
      1.37919758              -0       6.3499915
      1.05419734              -0      5.69493948
      1.15463724              -0       6.1529164
       2.2062928              -0      6.74987272
      1.19352938              -0      6.19586249
      1.25906117              -1      3.01922849
       1.3476564              -7      4.57998684
      1.20688193              -9     0.952933461
      1.40386195              -7      4.85291493
      1.19806618              -4      3.72258484
      1.54864285              -9     0.766816243
      1.06600442              -0        6.014438
      1.05233355              -0       5.7008668
      1.28684081              -7      1.68330192
      1.06944854              -0      5.65233727
      1.41627782              -0      6.37503169
      1.16805711              -0      6.16843669
      1.27327918              -2       4.3368347
      1.95727211              -9     0.619901911
      1.24514115              -4      4.22936017
      1.03890112              -1      5.93256957
      1.24721832              -2      2.56184937
      1.20856152              -7       3.5798531
      1.69494922              -9     0.708900549
      1.30067652              -5       2.1935371
      1.25849867              -0      5.31646957
      1.21893057              -0      6.22106515
       1.4043402              -0      4.86232227
      1.19820946              -7       3.7194831
      1.04118076              -9      1.17620201
      1.09629336              -4      5.59155926
      1.16719935              -0       6.1674689
      1.25803876              -7      3.06531031
      1.04394799              -9       1.2829177
      1.25397624              -7      2.79783291
      1.27589143              -0      6.27178408
      1.27835222              -7      5.28330868
      1.32830992              -5      2.08739525
      1.20053637              -4      3.94518799
      1.37406775              -0      5.08142374
      1.26613753              -5      2.34893946
      1.25633959              -5      2.85224628
      1.25756096              -1      5.31800993
      1.25375371              -5      2.79303558
      1.39073452              -9     0.840185961
      1.28580427              -2      4.37983654
      1.04117705              -0      5.94228461
      1.07669728              -1      5.63461411
      1.15333821              -9     0.997537207
      1.29466709              -0      5.25501056
      1.19988071              -4        3.688317
       1.2469867              -6       1.6206779
      1.04659014              -0       5.7206684
      1.38079496              -2       4.7020637
      1.25894341              -4      2.94358253
      1.31002323              -0      5.22713351
      1.35311254              -9      1.88415217
      1.41550136              -0      6.37452053
      1.25087578              -2      3.19189204
      1.22414986              -4      4.12958731
      1.30358022              -2      2.18242279
      1.25593857              -2      2.84231442
       1.0779376              -0      6.03942001
      1.39238866              -6      4.75823908
        1.254409              -1      3.14238101
      1.07452656              -0      5.63979431
      1.11860054              -4      6.10628853
      1.24868084              -2       3.2179151
      1.04671956              -9      1.29381084
      1.19780473              -1      3.89936792
      1.24706134              -5      2.57752052
      1.40461282              -2      4.86939381
      1.24814105              -2      2.65918643
      1.07343104              -0      6.03040763
      1.24795066              -5      2.53088117
      1.27758794              -2      1.66775338
      1.06938226              -0        6.021892
      1.25226031              -2      2.76116995
      1.32099478              -5      1.75129909
      1.19818013              -6      3.90710145
       1.3098965              -4      5.22736969
      1.35139894              -9       1.9638749
      1.05047016              -9      1.30650371
      1.61181312              -9     0.740870889
      1.33098865              -5      1.77726303
      1.20861507              -2      3.57930332
      1.03959828              -0      5.93566036
      1.05745384              -0       5.9937956
       1.1570811              -9      1.49648046
      1.30055301              -2      2.19401222
      1.19608954              -7      3.84278109
      1.33043359              -0      5.18738126
      1.49623892              -0      6.42507274
      1.44378496              -0      6.39280672
      1.25100623              -2      2.47309788
      1.40492446              -7      4.88313263
      1.23069685              -1      4.16362555
      1.11483627              -9      1.43519683
      1.19977836              -0      6.20224232
      1.17967971              -0      5.44326825
      1.20471636              -4      3.62199714
      1.03665972              -5      1.22224749
      1.19593221              -9      1.54950174
      1.35190802              -1      4.59424658
        1.231464              -4      3.37862775
      1.29709574              -0      5.25069238
      1.25657862              -5       2.4149194
      1.05668754              -0      5.99179503
      1.19944859              -7      3.69568217
      1.24334719              -5      3.27329078
      1.35917729              -4      4.61925535
      1.24952929              -2      3.20815796
      1.17024911              -0      5.45866494
      1.26381982              -5      2.36294553
       1.3938526              -1      5.00608525
      1.31047182              -2      2.15631593
      1.14224503              -9      1.00806791
      1.21724947              -2      3.49837124
      1.25699803              -1      3.09325037
      1.39109278              -2      5.01934258
      1.24993488              -5      2.70917142
      1.07812127              -0      6.03977787
      1.25176718              -1       2.7505791
      1.25427441              -4      4.26647668
      1.20331575              -4      3.63910644
      1.23959774              -0      5.34719912
      1.22498831              -4      3.43260879
      1.67495196              -0      6.52276087
      1.25882374              -4      2.39705933
      1.19600224              -4      3.83591696
      1.34293665              -9      1.81765936
      1.38263961              -1       4.7101352
      1.24916573              -6      2.68972391
      1.25656616              -1      4.27539465
      1.06134393              -7      6.00354077
       1.3683662              -7      4.65246191
      1.67848303              -0      6.52453909
      1.18766832              -0      6.18976183
      1.35150079              -4       1.8662749
       1.3179902              -0      6.30540586
      1.10346857              -0      6.08376459
      1.08225631              -9       1.0794339
      1.26132004              -1      5.31182285
      1.26890504              -2      2.33329855
      1.62595719              -9     0.735269076
      1.26795213              -7      2.33856611
      1.25820113              -2      2.90804884
      1.27944138              -6      4.35824563
      1.33939517              -0      5.16857087
      1.33204605              -4      5.18406879
       1.1447548              -5      1.47922639
      1.22721066              -4      3.41411073
      1.04365506              -0      5.73196811
       1.3161794              -2      2.13471872
      1.22128361              -1      3.46369401
      1.12873742              -0      6.12027192
      1.36838132              -7      4.65251847
      1.20315025              -1      3.97689385
      1.40494806              -6      4.89613925
      1.19679051              -2      3.75635836
      1.24729359              -5      2.62169914
      1.26564589              -4      1.64872123
      1.25854144              -7      3.04727858
      1.14219721              -9      1.00811455
      1.14587417              -0      6.14230601
       1.4376531              -9     0.816849028
      1.03256811              -1      5.89627132
      1.25910901              -4      3.01527735
      1.04120058              -9       1.2699201
      1.23175895              -1       4.1688475
      1.19696169              -1      3.75086626
      1.16832712              -0      5.46182529
      1.10167458              -5      1.41426066
      1.24924448              -5      2.69181087
      1.30379051              -5      2.18162156
      1.03054279              -0      5.81167915
      1.24553278              -1      3.25161704
      1.04790773              -0      5.96639974
      1.21053525              -2       4.0430118
      1.82594943              -0      6.59479302
      1.32269766              -5      2.10967976
       1.2863157              -6      4.38155215
      1.13675941              -9      1.46781343
      1.39580454              -1      4.77866829
      1.27898703              -5      2.28314271
      1.03785853              -0      5.92772418
       1.0570492              -9      1.32540287
      1.12765236              -0      5.53149166
      1.04905438              -0      5.71185183
      1.68761774              -9      0.71163191
      1.43471785              -0      6.38701752
      1.35238012              -5      1.95327268
      1.24834254              -6      3.22171394
      2.09195909              -9     0.579326294
        1.148326              -0      5.49530569
      1.26090478              -5      2.38207008
      1.61884096              -1      6.49379867
      1.20944274              -1      3.57090804
      1.39213019              -6      5.01453173
      1.25708315              -4      2.87205002
      1.48430874              -5     0.795028951
      1.19589506              -4      3.81237163
      1.24745871              -5      2.63121913
      1.58647571              -9      0.75108895
      1.24233993              -6      4.21738463
      1.28442517              -2       2.2590413
      1.25525838              -4      2.82628592
      1.69373759              -9     0.709350849
      1.25622556              -2      2.84937824
      1.22160691              -9     0.942026999
      1.06726558              -9      1.10457062
      1.26597053              -5      2.34991862
       1.3415352              -4       2.0284149
      1.32979152              -6      5.18869215
      1.03088294              -0      5.80750356
      1.15972415              -9      1.50013777
       2.0965595              -9      0.57798877
      1.25234782              -1      4.25886643
      1.28862723              -5      2.24134939
      1.27675582              -7      5.28602011
      1.25586606              -2      3.11698715
      1.32488673              -4      5.19856178
      1.30145448              -1      4.43130543
      1.19397278              -6      5.42020276
      1.33587704              -2      2.05528757
      1.35378658              -9      1.89698889
       1.1359134              -2      5.51679197
      1.13226094              -2      1.46129588
      1.24992982              -2      2.48901289
      1.05320697              -0      5.98232041
      1.30203108              -5      2.18833976
      1.31066655              -5       2.1555806
      1.40481013              -4      4.90497448
      1.19617864              -4      3.84831688
      1.25837767              -6      2.91503651
      1.09187781              -0      6.06482542
      1.15316062              -0      5.48709987
      1.35399402              -5      1.90420012
       1.1951433              -0      5.41832436
      1.44561453              -9     0.813034593
      1.33637113              -2      4.54303569
      1.08801966              -0      6.05811889
      1.29779703              -7      4.41944044
      1.15172978              -0      5.48951997
      1.20999437              -7      3.56541233
      1.22793517              -1      3.40808442
      1.02930822              -0      5.83952009
      1.19740886              -7      3.73824908
      1.38159253              -0      5.05690272
      1.29255126              -2      1.69333807
      1.04266718              -4      5.94813292
      1.08222501              -0      5.62184653
      1.03777543              -9      1.19924694
      1.38485055              -1      4.72015203
      1.20988284              -4       3.5665174
      1.40398849              -7      4.92565714
      1.34170748              -4      1.81269756
      1.19638477              -6      3.77190654
      1.35356155              -5      1.93513603
      1.19627349              -6      3.77720844
      1.31449153              -5     0.881901575
      1.26532638              -5      2.35373709
      1.21953368              -6      4.10320841
      1.53487982              -0      6.44764971
      1.40455141              -4      4.91364828
      1.49393936              -0      6.42369904
      1.31297249              -0      5.22160504
      1.39704762              -6      4.78691404
      1.10478271              -9      1.41932408
      1.25647484              -5      3.10481212
      1.28192247              -4       4.3667215
      1.20657057              -5       3.6009468
      1.19749736              -7      3.89243396
      1.38613654              -1      4.72617537
      1.16795951              -0      6.16832672
      1.23900424              -7      3.31360067
      1.37534714              -4      4.67944676
      1.23160159              -0      5.36004764
      1.13275827              -9      1.46202021
      1.34827354              -5       1.9891482
      1.35314955              -5      1.88470183
      1.46354591              -0      6.40519913
      1.24874954              -7      4.24435167
       1.2592937              -1      5.31516205
      1.25235167              -5      2.45624302
      1.23432872              -9      1.60248334
      1.11244364              -9      1.43148284
      1.30754252              -9     0.885989865
      1.22463147              -2      3.43558498
      1.09882174              -4      5.58638808
      1.15455522              -9     0.996414754
      1.59312542              -9      0.74838383
      1.09425627              -0      5.59577955
       1.3557107              -7      4.60721701
      1.05419521              -0      5.98507938
      1.33002887              -5      2.08035798
      1.05254045              -9      1.31282347
      1.13836797              -9      1.01188554
      1.13434054              -0      5.51956365
       1.2557761              -5      3.11869243
       1.6166569              -9     0.738944469
      1.36782266              -1      4.65043402
        1.317526              -9     0.880133271
      1.30338553              -5      2.18316499
      1.04119975              -9      1.17610654
      1.22693783              -7      3.41637982
      1.19644793              -7      3.76915728
      1.24049016              -5      3.30014104
      1.32604296              -9       2.0965083
      1.24994871              -0      5.33044703
      1.04180975              -9      1.27307154
       1.3537068              -5      1.89497319
      1.03364313              -0      5.78320765
       1.7673602              -0      6.56775635
      1.06366567              -0       6.0090656
      1.17356946              -1     0.979616314
      1.25345334              -2      3.15707423
      1.23986313              -0      6.24052879
      1.05150959              -0      5.97744012
      1.31931793              -4      5.20948379
      1.24639375              -4      3.24273291
      1.92133893              -9     0.631235482
      1.19376546              -0      6.19610581
      1.60297304              -7      6.48535186
      1.25124517              -4      3.18723396
      1.33637485              -0      4.54304772
      1.15484683              -0      6.15316532
      1.19004332              -0      5.42651852
      1.76468574              -9      0.68367383
      1.40260946              -1      4.83516048
       1.1550476              -1      5.48391861
       1.3196412              -9      2.12149932
      2.00937787              -0        6.673417
       1.2206518              -2      4.10981519
      1.25768084              -4      2.88996307
      2.10092288              -9       0.5767229
      2.21724248              -9     0.543904748
      1.03025781              -0      5.81562941
       1.3982889              -0       4.9805783
      1.31651926              -5      2.13342673
       1.2260491              -7      4.13982146
       1.3277662              -9      2.08959715
       1.2555931              -6      4.27162542
      1.24828521              -1      4.24244814
      1.24222982              -1      3.28396495
      1.19863153              -6      3.91558205
      2.08167742              -9     0.582326419
      1.25751892              -5      2.40719052
      1.04632673              -0      5.96120545
      1.40380526              -0      4.85194537
      1.29384354              -1      2.22022403
      1.25257515              -4      2.76788669
      1.29947251              -9     0.890807849
      1.21279121              -4      3.53857296
      1.25923579              -2      2.97196269
      1.20546134              -7       4.0002684
      1.10736881              -9      1.04567679
       1.0931024              -9      1.06388972
      1.25348406              -7      2.78725407
        1.362973              -6      4.63271648
      1.19115783              -2      1.54302149
      1.22956062              -7      3.39454779
      1.34775445              -9      1.84058436
      1.21130047              -7      3.55268231
      1.03970521              -9      1.18437698
      1.04192319              -9      1.27363822
      1.25541617              -2      3.12530956
      2.01578347              -9     0.601923986
      1.20168056              -6      3.66090667
      1.04382274              -4      1.16446503
      1.10297698              -9      1.05105844
      1.32318466              -7      4.50079511
       1.1323411              -9      1.01797609
      1.32492619              -2      4.50634548
      1.23951849              -4      3.30897577
      1.04102489              -9      1.26897394
      1.26917753              -5       2.3318132
      1.28634172              -5        1.682442
      1.39053271              -7      5.02186408
      1.98546381              -0      6.66361977
      1.15384395              -7       5.4859465
        1.236783              -0      5.35172953
      1.27088366              -1      4.32835628
      1.26125936              -5      2.37963803
      1.33413129              -5      2.06298995
       1.0682902              -0      5.65529092
      1.04874525              -9      1.14751885
      1.21167629              -6      3.54908603
       1.2471459              -6      3.23478185
      1.25162807              -7      2.46497261
      1.05429957              -9      1.13230993
      1.04057168              -0      5.93980141
      1.06305671              -0      5.66913489
      1.03983761              -0      5.93669648
       1.2148902              -7       3.5193267
      1.22184174              -7      4.11668655
      1.13108848              -0      6.12340683
       1.2325829              -5      3.36921166
       1.2482708              -7      4.24238898
      1.76838578              -0      6.56823892
      1.19716567              -1      3.88413664
      1.35377852              -7      1.89677378
       1.1964221              -1      3.86000492
      1.34856306              -7      6.32823627
       1.0966342              -9      1.05917387
      1.28608519              -5      2.25196842
      1.04135762              -9      1.17532067
      1.25261047              -1      3.16911802
      1.25121285              -0      5.32838938
      1.21804956              -5      3.49139452
      1.25413968              -1      2.80137536
      1.30258245              -2      4.43494928
       1.2115089              -2      4.05029328
      1.17389623              -0      6.17494288
      1.25187911              -2      3.17901134
      2.08185658              -9     0.582274013
      1.26680013              -5      1.65051781
      1.02961088              -0       5.8276989
      1.22638077              -0      5.36840665
      1.37715984              -9     0.847238283
      1.38476119              -1      4.71973916
      1.33543731              -5      2.05724848
      1.08030629              -9      1.37664131
      1.93398494              -0      6.64209709
      1.16856363              -0      6.16900669
      1.03899458              -0      5.93299045
      1.24716275              -5      2.61184654
      1.35180657              -5      1.86907888
       1.2589811              -5      3.02493452
      1.24869862              -7      2.67672163
      1.23623531              -2      4.19009547
      1.24745014              -7      2.63077202
      1.07416274              -0       6.0319025
        2.159995              -0      6.73251687
      1.24182818              -7      4.21516225
      1.22332393              -7      4.12503238
      1.03666821              -9      1.22433175
      1.25910524              -5      2.95592319
      2.07240524              -0      6.69867124
      1.34239723              -5      1.81544863
      1.22645159              -0      6.22818238
      1.23956708              -5        3.308537
      1.20778369              -2      3.58793628
      2.05420349              -0       6.6914595
        1.316119              -0      5.21563486
      1.22149422              -2      4.11469608
      1.25237457              -5      2.45597771
       1.0306984              -4      5.80970793
      1.25528402              -1      2.82687524
      1.25459486              -4       2.8113501
      1.21810579              -5      3.49090638
      1.32840799              -1      4.51745957
      1.25693292              -2      3.09475658
       1.0516155              -9      1.13929016
      1.86384604              -0      6.61174009
      1.36099455              -7      4.62566041
      1.19753938              -4      3.73491524
      1.05618672              -4      1.32310216
      1.24596842              -4      3.24714916
      1.21767781              -1      5.38230938
      2.23825111              -9     0.538155933
      1.18591578              -0       6.1879147
       1.2559023              -5      2.42073645
      1.25736309              -5      2.40844474
      1.09838931              -4      6.07567109
      1.65171319              -0      6.51093048
      1.24530745              -5      1.61823187
      1.35388247              -5      1.89981962
      1.23771008              -7       3.3251011
      1.19057916              -0      6.19280621
      1.25044094              -5      2.72110618
      1.28909422              -5      2.23942399
       1.2297517              -1      4.15891448
      1.10772498              -9      1.04524817
      1.04358444              -7      1.28135216
      1.21921802              -6      4.10131538
      1.32407928              -9      0.87634853
       1.2516485              -7      3.18203775
      1.27242209              -9     0.907555357
      1.66869317              -0      6.51959661
      1.20244829              -4      3.65038314
      1.11453868              -9      1.03725704
      1.22106515              -7      3.46554442
      1.24758211              -6      3.23008118
      1.24808869              -7      2.65737383
       1.5179359              -0      6.43786439
      1.11248344              -9      1.03962715
      1.26049304              -7      5.31318683
      1.51981672              -0       6.4389592
      1.09033038              -5      1.39499275
      1.39676583              -4      4.99010755
       1.7389046              -0      6.55422684
      1.10059431              -7      6.07922162
       1.2775716              -4      2.28969327
      1.39482583              -1      5.00101551
      1.37810903              -0      6.34923594
      1.40337647              -0       4.9351006
      1.39211525              -1      4.75671437
       1.1963878              -1      3.85855526
      1.19999258              -4      3.93750439
      1.24539924              -5      1.61836529
      1.33276934              -4      4.53143277
      1.24976104              -2      2.49178693
      1.12520809              -0      5.53591279
      1.25887192              -7       2.9391026
      1.26186288              -5      2.37557062
      1.24744578              -5       2.5492652
       1.2836775              -7      4.37267208
       1.1099656              -9      1.42759634
      1.18718714              -5       1.5376344
      1.23076827              -7      3.38445887
      1.21069433              -4      4.04421792
       1.3066055              -4      4.44789567
      2.00851184              -2      6.67306433
