10 1
0.22211
1 -1 1 1
         5.947566084 
   0.539456403555142 
0.11197074
1 -1 1 1
         4.108403995 
    1.08902989262523 
0.085770814
1 -1 1 1
         3.453637391 
    1.17725495062919 
0
1 -1 1 1
                   0 
                   0 
0.11746138
1 -1 1 1
         3.851466339 
    1.16665476644194 
0.12358924
1 -1 1 1
         2.204340236 
   0.564522088381036 
0.051406889
1 -1 1 1
         3.853664109 
    1.06559983075367 
0.1169939
1 -1 1 1
          3.90804119 
    1.15411358880711 
0
1 -1 1 1
                   0 
                   0 
0.17069704
1 -1 1 1
         1.140256242 
   0.402876250120204 
