 0.50614 2.48862e-03
 0.51841 0.00000e+00
 0.53068 2.34204e-03
 0.54295 0.00000e+00
 0.55522 0.00000e+00
 0.56750 6.34488e-03
 0.57977 0.00000e+00
 0.59204 0.00000e+00
 0.60431 1.91594e-03
 0.61658 0.00000e+00
 0.62885 5.51032e-03
 0.64113 1.79966e-03
 0.65340 0.00000e+00
 0.66567 1.67617e-03
 0.67794 3.31135e-03
 0.69021 0.00000e+00
 0.70249 0.00000e+00
 0.71476 3.01585e-03
 0.72703 1.50295e-03
 0.73930 1.46124e-03
 0.75157 1.41597e-03
 0.76385 6.92556e-03
 0.77612 1.34309e-03
 0.78839 1.31859e-03
 0.80066 3.90755e-03
 0.81293 3.79747e-03
 0.82520 3.73105e-03
 0.83748 3.65490e-03
 0.84975 2.40881e-03
 0.86202 1.18362e-03
 0.87429 0.00000e+00
 0.88656 0.00000e+00
 0.89884 1.11075e-03
 0.91111 0.00000e+00
 0.92338 1.07215e-03
 0.93565 0.00000e+00
 0.94792 3.14916e-03
 0.96020 5.13604e-03
 0.97247 2.03158e-03
 0.98474 1.00426e-03
 0.99701 9.94170e-04
 1.00928 1.95397e-03
 1.02155 2.89460e-03
 1.03383 0.00000e+00
 1.04610 2.82683e-03
 1.05837 2.79525e-03
 1.07064 1.84366e-03
 1.08291 1.82925e-03
 1.09519 4.53185e-03
 1.10746 1.79330e-03
 1.11973 8.89482e-04
 1.13200 1.76770e-03
 1.14427 1.75233e-03
 1.15655 1.73269e-03
 1.16882 8.62453e-04
 1.18109 3.42874e-03
 1.19336 2.55576e-03
 1.20563 1.69455e-03
 1.21790 1.68802e-03
 1.23018 1.67694e-03
 1.24245 2.50913e-03
 1.25472 1.66657e-03
 1.26699 2.49097e-03
 1.27926 4.13387e-03
 1.29154 1.64981e-03
 1.30381 8.22558e-04
 1.31608 2.46476e-03
 1.32835 8.20815e-04
 1.34062 2.45954e-03
 1.35290 3.27746e-03
 1.36517 1.63809e-03
 1.37744 1.63815e-03
 1.38971 0.00000e+00
 1.40198 1.64068e-03
 1.41425 1.64186e-03
 1.42653 1.64344e-03
 1.43880 2.47050e-03
 1.45107 8.25106e-04
 1.46334 1.65376e-03
 1.47561 8.29118e-04
 1.48789 2.49488e-03
 1.50016 1.66924e-03
 1.51243 8.38844e-04
 1.52470 8.41669e-04
 1.53697 8.43192e-04
 1.54925 8.46084e-04
 1.56152 2.55475e-03
 1.57379 4.27813e-03
 1.58606 4.29617e-03
 1.59833 8.63465e-04
 1.61060 1.73367e-03
 1.62288 8.71494e-04
 1.63515 8.79790e-04
 1.64742 2.64754e-03
 1.65969 0.00000e+00
 1.67196 1.78853e-03
 1.68424 3.58978e-03
 1.69651 9.06738e-04
 1.70878 9.10104e-04
 1.72105 9.16152e-04
 1.73332 4.60995e-03
 1.74560 3.70995e-03
 1.75787 9.33948e-04
 1.77014 9.40554e-04
 1.78241 1.89391e-03
 1.79468 0.00000e+00
 1.80695 0.00000e+00
 1.81923 9.66855e-04
 1.83150 1.94031e-03
 1.84377 0.00000e+00
 1.85604 4.91641e-03
 1.86831 0.00000e+00
 1.88059 9.93865e-04
 1.89286 5.00446e-03
 1.90513 1.00690e-03
 1.91740 4.04261e-03
 1.92967 0.00000e+00
 1.94195 4.09611e-03
 1.95422 0.00000e+00
 1.96649 1.03424e-03
 1.97876 5.19856e-03
 1.99103 4.17994e-03
 2.00330 4.19514e-03
 2.01558 0.00000e+00
 2.02785 2.11702e-03
 2.04012 1.06417e-03
 2.05239 1.06486e-03
 2.06466 1.06947e-03
 2.07694 0.00000e+00
 2.08921 2.15272e-03
 2.10148 3.24137e-03
 2.11375 2.16837e-03
 2.12602 3.26021e-03
 2.13830 4.35198e-03
 2.15057 0.00000e+00
 2.16284 1.09287e-03
 2.17511 0.00000e+00
 2.18738 2.19138e-03
 2.19965 4.38700e-03
 2.21193 0.00000e+00
 2.22420 2.19693e-03
 2.23647 2.19829e-03
 2.24874 1.09936e-03
 2.26101 1.09935e-03
 2.27329 0.00000e+00
 2.28556 0.00000e+00
 2.29783 1.09858e-03
 2.31010 0.00000e+00
 2.32237 0.00000e+00
 2.33465 2.19106e-03
 2.34692 3.28242e-03
 2.35919 0.00000e+00
 2.37146 3.27192e-03
 2.38373 1.08844e-03
 2.39600 2.17337e-03
 2.40828 5.42528e-03
 2.42055 3.24742e-03
 2.43282 2.16079e-03
 2.44509 4.31403e-03
 2.45736 2.14991e-03
 2.46964 1.07410e-03
 2.48191 3.20834e-03
 2.49418 2.13446e-03
 2.50645 4.25609e-03
 2.51872 0.00000e+00
 2.53100 4.23501e-03
 2.54327 2.11063e-03
 2.55554 5.26175e-03
 2.56781 1.04888e-03
 2.58008 1.04599e-03
 2.59235 1.04124e-03
 2.60463 2.07701e-03
 2.61690 2.07146e-03
 2.62917 2.06692e-03
 2.64144 4.11910e-03
 2.65371 2.05204e-03
 2.66599 1.02207e-03
 2.67826 2.04214e-03
 2.69053 6.09598e-03
 2.70280 1.01310e-03
 2.71507 5.05009e-03
 2.72735 1.00544e-03
 2.73962 2.00550e-03
 2.75189 9.99437e-04
 2.76416 2.99312e-03
 2.77643 9.93362e-04
 2.78870 9.90563e-04
 2.80098 9.86779e-04
 2.81325 9.85797e-04
 2.82552 9.82509e-04
 2.83779 2.93891e-03
 2.85006 1.95293e-03
 2.86234 9.73320e-04
 2.87461 2.91298e-03
 2.88688 9.67291e-04
 2.89915 1.93086e-03
 2.91142 0.00000e+00
 2.92370 1.91956e-03
 2.93597 2.87314e-03
 2.94824 0.00000e+00
 2.96051 0.00000e+00
 2.97278 4.74972e-03
 2.98505 3.79280e-03
 2.99733 5.68042e-03
 3.00960 1.88777e-03
 3.02187 1.88303e-03
 3.03414 2.81885e-03
 3.04641 9.36826e-04
 3.05869 9.35751e-04
 3.07096 0.00000e+00
 3.08323 1.86514e-03
 3.09550 9.30157e-04
 3.10777 0.00000e+00
 3.12005 2.77938e-03
 3.13232 9.24609e-04
 3.14459 9.24115e-04
 3.15686 3.68888e-03
 3.16913 9.20953e-04
 3.18140 1.83811e-03
 3.19368 1.83550e-03
 3.20595 2.75097e-03
 3.21822 0.00000e+00
 3.23049 2.74335e-03
 3.24276 2.74041e-03
 3.25504 4.56146e-03
 3.26731 0.00000e+00
 3.27958 9.10719e-04
 3.29185 9.09433e-04
 3.30412 0.00000e+00
 3.31640 1.81631e-03
 3.32867 0.00000e+00
 3.34094 1.81375e-03
 3.35321 4.53162e-03
 3.36548 4.52882e-03
 3.37775 3.62170e-03
 3.39003 0.00000e+00
 3.40230 2.71393e-03
 3.41457 3.61804e-03
 3.42684 0.00000e+00
 3.43911 4.52060e-03
 3.45139 3.61617e-03
 3.46366 1.80804e-03
 3.47593 6.32835e-03
 3.48820 9.04152e-04
 3.50047 0.00000e+00
 3.51275 3.61825e-03
 3.52502 2.71453e-03
 3.53729 9.05221e-04
 3.54956 4.52699e-03
 3.56183 2.71808e-03
 3.57410 9.06256e-04
 3.58638 4.53541e-03
 3.59865 9.07966e-04
 3.61092 9.08196e-04
 3.62319 1.81808e-03
 3.63546 2.72999e-03
 3.64774 3.64280e-03
 3.66001 1.82333e-03
 3.67228 3.65146e-03
 3.68455 4.57026e-03
 3.69682 3.65938e-03
 3.70910 1.83261e-03
 3.72137 3.66884e-03
 3.73364 9.19132e-04
 3.74591 1.84030e-03
 3.75818 0.00000e+00
 3.77045 2.76976e-03
 3.78273 1.84917e-03
 3.79500 0.00000e+00
 3.80727 0.00000e+00
 3.81954 0.00000e+00
 3.83181 9.30560e-04
 3.84409 1.86603e-03
 3.85636 9.35436e-04
 3.86863 4.68477e-03
 3.88090 1.87907e-03
 3.89317 9.41754e-04
 3.90545 2.83063e-03
 3.91772 2.83917e-03
 3.92999 1.89789e-03
 3.94226 2.85085e-03
 3.95453 1.90568e-03
 3.96680 2.86611e-03
 3.97908 1.91657e-03
 3.99135 0.00000e+00
 4.00362 1.92575e-03
 4.01589 9.64423e-04
 4.02816 1.93655e-03
 4.04044 1.94157e-03
 4.05271 0.00000e+00
 4.06498 1.95253e-03
 4.07725 2.93993e-03
 4.08952 9.82726e-04
 4.10180 9.85460e-04
 4.11407 1.97473e-03
 4.12634 9.90364e-04
 4.13861 1.98791e-03
 4.15088 1.99475e-03
 4.16315 6.00060e-03
 4.17543 2.00883e-03
 4.18770 2.01197e-03
 4.19997 2.01917e-03
 4.21224 1.01312e-03
 4.22451 2.03343e-03
 4.23679 6.11570e-03
 4.24906 1.02312e-03
 4.26133 3.07920e-03
 4.27360 0.00000e+00
 4.28587 1.03269e-03
 4.29815 2.07113e-03
 4.31042 2.07831e-03
 4.32269 2.08411e-03
 4.33496 3.13495e-03
 4.34723 1.04745e-03
 4.35950 0.00000e+00
 4.37178 1.05495e-03
 4.38405 2.11071e-03
 4.39632 1.05973e-03
 4.40859 0.00000e+00
 4.42086 0.00000e+00
 4.43314 2.13473e-03
 4.44541 1.07122e-03
 4.45768 2.14359e-03
 4.46995 2.15074e-03
 4.48222 0.00000e+00
 4.49450 3.23625e-03
 4.50677 2.16147e-03
 4.51904 1.08388e-03
 4.53131 3.25475e-03
 4.54358 3.26045e-03
 4.55585 2.17759e-03
 4.56813 1.09015e-03
 4.58040 5.45293e-03
 4.59267 4.36708e-03
 4.60494 1.09303e-03
 4.61721 3.28052e-03
 4.62949 2.18797e-03
 4.64176 0.00000e+00
 4.65403 2.18873e-03
 4.66630 1.09423e-03
 4.67857 2.18807e-03
 4.69085 0.00000e+00
 4.70312 4.37185e-03
 4.71539 2.18359e-03
 4.72766 2.18206e-03
 4.73993 0.00000e+00
 4.75220 0.00000e+00
 4.76448 1.08675e-03
 4.77675 1.08427e-03
 4.78902 0.00000e+00
 4.80129 0.00000e+00
 4.81356 3.23175e-03
 4.82584 2.15087e-03
 4.83811 3.21530e-03
 4.85038 4.27405e-03
 4.86265 2.13159e-03
 4.87492 2.12632e-03
 4.88720 2.11699e-03
 4.89947 1.05488e-03
 4.91174 0.00000e+00
 4.92401 2.08963e-03
 4.93628 1.04165e-03
 4.94855 4.14861e-03
 4.96083 1.03298e-03
 4.97310 0.00000e+00
 4.98537 2.04427e-03
 4.99764 3.05087e-03
 5.00991 0.00000e+00
 5.02219 2.00970e-03
 5.03446 2.00238e-03
 5.04673 1.99216e-03
 5.05900 2.96839e-03
 5.07127 3.92898e-03
 5.08355 0.00000e+00
 5.09582 9.71393e-04
 5.10809 2.89526e-03
 5.12036 1.91729e-03
 5.13263 2.85834e-03
 5.14490 0.00000e+00
 5.15718 9.43166e-04
 5.16945 9.37219e-04
 5.18172 1.86062e-03
 5.19399 9.20252e-04
 5.20626 1.83983e-03
 5.21854 1.82630e-03
 5.23081 0.00000e+00
 5.24308 2.69668e-03
 5.25535 1.78414e-03
 5.26762 8.87152e-04
 5.27990 1.76605e-03
 5.29217 1.75364e-03
 5.30444 2.61280e-03
 5.31671 0.00000e+00
 5.32898 0.00000e+00
 5.34125 0.00000e+00
 5.35353 1.69994e-03
 5.36580 1.68911e-03
 5.37807 2.52596e-03
 5.39034 1.67583e-03
 5.40261 1.66348e-03
 5.41489 1.65316e-03
 5.42716 8.23799e-04
 5.43943 3.27977e-03
 5.45170 3.26618e-03
 5.46397 3.25033e-03
 5.47625 3.23804e-03
 5.48852 3.22458e-03
 5.50079 0.00000e+00
 5.51306 2.39672e-03
 5.52533 2.38906e-03
 5.53760 7.94967e-04
 5.54988 3.95480e-03
 5.56215 1.57879e-03
 5.57442 3.93551e-03
 5.58669 3.92621e-03
 5.59896 1.56734e-03
 5.61124 0.00000e+00
 5.62351 2.34245e-03
 5.63578 7.79889e-04
 5.64805 7.79044e-04
 5.66032 3.89057e-03
 5.67260 5.44394e-03
 5.68487 4.66520e-03
 5.69714 0.00000e+00
 5.70941 1.55536e-03
 5.72168 3.89095e-03
 5.73395 2.33600e-03
 5.74623 4.67947e-03
 5.75850 7.81391e-04
 5.77077 2.34754e-03
 5.78304 3.13715e-03
 5.79531 2.35784e-03
 5.80759 1.57645e-03
 5.81986 5.53636e-03
 5.83213 2.38115e-03
 5.84440 3.18596e-03
 5.85667 2.39750e-03
 5.86895 2.40918e-03
 5.88122 1.61450e-03
 5.89349 0.00000e+00
 5.90576 0.00000e+00
 5.91803 2.46231e-03
 5.93030 0.00000e+00
 5.94258 2.48854e-03
 5.95485 2.50682e-03
 5.96712 2.52905e-03
 5.97939 3.39288e-03
 5.99166 1.70814e-03
 6.00394 1.72577e-03
 6.01621 6.96037e-03
 6.02848 8.74528e-04
 6.04075 1.77177e-03
 6.05302 1.78489e-03
 6.06530 0.00000e+00
 6.07757 3.65365e-03
 6.08984 0.00000e+00
 6.10211 1.86930e-03
 6.11438 4.71813e-03
 6.12665 2.86621e-03
 6.13893 3.86472e-03
 6.15120 9.81346e-04
 6.16347 4.96669e-03
 6.17574 1.00102e-03
 6.18801 2.04220e-03
 6.20029 4.13062e-03
 6.21256 0.00000e+00
 6.22483 4.27674e-03
 6.23710 2.16023e-03
 6.24937 0.00000e+00
 6.26165 3.34733e-03
 6.27392 0.00000e+00
 6.28619 0.00000e+00
 6.29846 0.00000e+00
 6.31073 1.19678e-03
 6.32300 2.43420e-03
 6.33528 3.71086e-03
 6.34755 0.00000e+00
 6.35982 0.00000e+00
 6.37209 1.30844e-03
 6.38436 2.67988e-03
 6.39664 2.71857e-03
 6.40891 1.40513e-03
 6.42118 1.42911e-03
 6.43345 1.44364e-03
 6.44572 1.48286e-03
 6.45800 4.57519e-03
 6.47027 1.56347e-03
 6.48254 3.18982e-03
 6.49481 0.00000e+00
 6.50708 1.67126e-03
 6.51935 3.43691e-03
 6.53163 0.00000e+00
 6.54390 1.81776e-03
 6.55617 3.71426e-03
 6.56844 0.00000e+00
 6.58071 1.93576e-03
 6.59299 2.00015e-03
 6.60526 0.00000e+00
 6.61753 4.19518e-03
 6.62980 2.14746e-03
 6.64207 2.21680e-03
 6.65435 0.00000e+00
 6.66662 4.71809e-03
 6.67889 0.00000e+00
 6.69116 0.00000e+00
 6.70343 0.00000e+00
 6.71570 2.64795e-03
 6.72798 5.41323e-03
 6.74025 0.00000e+00
 6.75252 0.00000e+00
 6.76479 5.93520e-03
 6.77706 3.07595e-03
