# npar = 1, n_ded = 0
#         weight            chi2        param[0]
#                                     alpha_topo
      1.76186397              -2      3.69539551
      1.85518984              -4       5.0244997
      1.72029694              -9       1.1388135
      1.85131581              -9      1.89231336
      1.70405924              -9      1.59736466
      1.86743406              -4      4.99629318
      1.65084328              -1       5.4435279
      1.92823156              -4      4.50107054
      1.87371606              -6      4.25182543
      1.65128835              -0      5.91531343
      1.93810406              -5      2.37014444
      2.71780284              -1      6.67125527
      1.66228957              -9      1.27422119
      1.65126656              -5       1.3628644
      1.60278443              -0      5.75144904
      1.75481228              -0      6.07150066
      1.67550727              -9      1.23002637
      1.73631844              -4      5.25982458
      1.81689061              -4      5.10490225
      1.75449283              -1      3.31708288
      2.47490848              -0      6.56213614
      1.82167204              -1      2.87298849
       1.8663406              -7         2.69396
      1.75057973              -7      3.40832162
       1.8903235              -5      1.98081983
      1.93476404              -5      2.13420318
      1.71212338              -0      6.01708955
      1.60225719              -0      5.63326633
      1.80402862              -6      5.13026555
      1.69700411              -9      1.58005506
      1.90154366              -9     0.943576456
       1.7133143              -9      1.61884781
      1.75276277              -5      3.34810434
      1.78483875              -6      3.86252838
      1.66732903              -5      1.48999077
      1.62711728              -0      5.51258165
      1.75856642              -1      3.66049325
       1.7610453              -1      5.21258059
       1.6927267              -5      1.56906455
      1.88997595              -9      1.97993775
      1.75057363              -2       3.4085842
      1.62140628              -7       5.5326873
      1.69003435              -9      1.56191838
      1.76231546              -4       3.6997784
       1.8880183              -1      2.61063184
      1.60983385              -0      5.79422865
      1.87853508              -1      2.64728518
      1.79206957              -4      3.90282104
      1.63166791              -0       5.8692523
      1.74998009              -6         3.47326
      1.78822733              -7       3.0365708
      1.79571758              -7      3.92196106
      1.92481274              -6      2.08753828
      1.85542616              -4      4.18037203
      1.87909761              -0      6.19528677
      1.94083574              -0       4.6750888
      1.60070525              -0       5.7304672
      1.66429821              -4      5.94091349
      1.75010257              -1      3.48828704
      1.77156054              -9      1.73755317
       1.8607248              -5       1.9121816
      1.75618558              -4       3.6308838
      1.87710924              -2      4.26516955
       1.5992133              -0      5.68391672
      1.79152186              -0      6.11224631
      1.92629264              -9      2.44407668
      1.79903142              -5      2.97864302
      1.84666397              -2       5.0432635
      2.84752689              -0      6.72471367
      1.63653385              -1      5.48301003
      1.82183626              -4      5.09498647
      1.85510974              -9     0.983063736
      2.45830209              -9     0.628164544
      1.75141329              -4      3.54386919
      1.78957417              -9      1.77181962
      1.87423972              -5     0.966269464
      1.67776432              -0      5.96471319
      1.79084914              -6      3.89625445
       2.9415739              -0       6.7617934
      1.93422899              -9      2.13123984
      1.60166008              -0      5.74122704
      1.73374515              -7      1.11831271
      1.65162688              -5      1.35043787
       1.6527865              -5      1.40555865
      1.87071977              -6      4.24008943
      1.62611424              -1      5.85366898
      1.62947795              -0      5.86328717
       1.9059915              -2      2.53824557
      1.79573554              -6      3.92205357
      1.88504666              -2      4.95212587
      1.65172748              -0      5.44124382
      1.68134744              -0      5.37142008
      1.93738158              -0       4.5759408
      1.80684384              -2      2.94024749
      1.84547573              -4      4.14114678
      1.79494227              -9      1.78199706
      1.88529126              -2       4.2977145
      1.71678933              -0        6.023513
      1.93889776              -7      4.71586143
      1.85773271              -5      1.90578834
      1.72628537              -2      5.27928514
      1.92661133              -5      2.44238035
      1.84876879              -4      2.76187502
      1.94323951              -4       2.1995663
      1.60981472              -4      5.79413739
      2.93564455              -0      6.75949348
       1.7227883              -9      1.63973897
       1.8897288              -6        4.315683
      1.65467296              -2      1.42370903
      1.61502347              -0      5.81645524
      1.92968091              -4      2.42544408
      1.60394696              -0      5.61902201
      1.77183828              -6      3.77856808
      1.83309071              -0      5.07199337
      1.84810389              -4      2.76448561
       1.7594182              -6      3.25230915
       1.6157608              -0      5.55500986
      1.83755139              -2      2.80655216
      1.79857098              -4      3.93646964
      1.75152384              -1      3.54690453
      1.77440346              -2      3.12335407
      1.86919541              -2      4.99208982
      1.75733986              -2      3.27690666
      1.72640871              -0      6.03634493
      1.87052286              -4      4.23931938
      1.78411826              -6      3.85831198
      1.93842429              -1      4.58872158
      1.80508102              -2      3.96827212
      1.94558941              -2      2.25302813
       1.7147381              -4      6.02070599
      1.65775615              -5      1.29577415
      1.75709955              -6       3.6428243
      1.72363846              -9      1.64156893
      1.93899569              -6      4.59676979
      1.63445579              -0      5.48923209
      1.69675194              -5      1.57941845
       1.8354023              -2      1.86002111
      1.78252656              -9      1.75844888
      1.87612505              -9      1.94646321
      1.68730229              -0      5.35852186
      1.59939669              -0      5.67526762
      1.92234396              -6      2.46431037
      1.94032311              -7      4.62149842
      2.39489321              -0      6.52291756
      1.65225219              -1      5.43989549
      1.92053121              -9     0.928563303
      1.84137925              -2      2.79114108
      1.92284339              -5      2.46182367
      1.89131622              -0      6.20571497
      1.66521001              -1      5.40805887
        1.791417              -9      1.04606462
      1.81396348              -2      4.00929046
      1.69563541              -9      1.57658329
      1.62292788              -4       5.8439621
      2.23014515              -9     0.736120116
      1.78831218              -5      3.03608867
      2.20791199              -0      6.42257927
      1.68029979              -9       1.5342068
      1.59952005              -4      5.70980663
      1.85330604              -6      2.74416064
      1.76306452              -7      3.70687878
      2.05833103              -0       6.3301396
      1.75091436              -7      3.52845835
      1.95377905              -0      6.25576522
       1.7209659              -0      5.28971324
       1.9006676              -4      2.56029449
      1.64146436              -7      5.46880226
      1.75592685              -5      3.29564942
      1.93470315              -5      2.13386223
      1.88628709              -2      2.61737031
      1.64025083              -0      5.47223228
      1.94254388              -9      2.32860225
      1.59957325              -4      5.67010538
      1.91010864              -0        6.221317
      2.26925303              -0      6.45704398
      1.69064479              -0      5.98554124
      2.15987654              -0      6.39432223
      1.93737011              -1      4.57581045
      1.75923627              -7      3.66805965
      1.82707422              -4      2.84986246
      1.84307173              -0      6.16306645
      1.79945522              -7      2.97649461
      2.15576132              -1      6.39184434
      1.77025332              -2      3.15381274
      1.90309794              -5     0.942325246
      1.79234798              -2      5.15289317
      1.59996029              -0      5.71931235
      1.86622956              -7      2.69438503
      1.83712466              -0      6.15751249
      1.70046568              -0      6.00040239
      1.74135179              -9      1.10749979
       1.6135343              -0      5.56475682
      1.91989018              -2      4.45235405
      1.88926635              -7      2.60575684
      1.75180548              -4       3.3695843
      2.24483245              -0      6.44352565
      1.66241353              -7      5.93738297
      1.61873985              -1       5.8301074
        1.932385              -4      2.40942795
       1.7430291              -0      5.24692681
      1.86115757              -6      1.91311259
      1.70825106              -2      1.60724657
      1.90303848              -5      2.55055759
      1.74997744              -5      3.47270235
       1.5993488              -0      5.67699407
      1.68012275              -0      5.96865421
      1.77026514              -1      3.15372192
      1.81408987              -5      1.02216412
      1.90452242              -1      4.37836833
      1.91740496              -5      2.48799214
      1.70696863              -9      1.16134926
      2.11720561              -2     0.797927727
      1.75048202              -7      3.51133538
      1.69558848              -1      5.99312179
      1.60569228              -0      5.77198812
      1.81613276              -6      5.10641285
      1.93735212              -4      4.57560651
      1.74997627              -1      3.45168032
      1.76173286              -2      3.69410743
      1.78577113              -0      6.10615233
      1.92069076              -7      4.83552256
      1.60573493              -0      5.77224953
      1.76754519              -0      5.20023227
      1.83052031              -2      2.83541253
      1.90280482              -2      2.55152271
      1.60070634              -0       5.7304812
      1.66933691              -9      1.49766104
      1.79300547              -4      3.01014223
       1.8324896              -9       1.8542491
      1.75333502              -5      3.33699899
      1.85951872              -4      2.72013682
      1.65601655              -9      1.43372353
       2.0510482              -9     0.837866471
      1.76522963              -4      3.19507005
      1.75236166              -1       3.3565754
      1.82096002              -5      1.83171392
      1.83343611              -2      4.09256846
      2.25829056              -9     0.721727875
      1.75898807              -6      3.25716233
      1.91908711              -7      2.48009626
      1.81760521              -2      2.89083189
      1.79844394              -1      3.93583168
       1.7640437              -7       3.7158645
      1.92808281              -9      2.10128954
      1.65721396              -9      1.44155756
      1.79846876              -2      3.93595636
      1.80850938              -7      3.98439362
      1.88515025              -9     0.957033289
      1.70630236              -0      6.00887677
      2.51136174              -0      6.57940166
      1.86133343              -2      2.71315766
      1.76653515              -6      3.73742782
      1.75996775              -5      3.67601808
      1.87734664              -4      2.65184479
      1.75220462              -9      1.09288098
      1.96295755              -1      6.26271798
      1.75532927              -1      3.61887362
      1.60758583              -0      5.78285565
      1.69558962              -5      1.57646643
      1.69778735              -9      1.17858938
      1.93973235              -7      4.70304752
       1.7701815              -9      1.07039978
      1.76789225              -1      3.74850375
      1.76086138              -2      3.68535815
      1.89721973              -2      4.34676869
       1.7888423              -7      3.88526154
      1.65453199              -4      5.43409644
      1.63651243              -0      5.88174265
      2.45362578              -9     0.630204768
      1.59980096              -1      5.66491448
      1.75070806              -6      3.52091438
       1.9293616              -1      2.10701565
      1.63344934              -0      5.87395156
      2.06334399              -2     0.830193545
      1.69807555              -9       1.5827452
      2.70188365              -9     0.529216991
      1.71701968              -9      1.14412404
      1.60000492              -4      5.72010272
      1.85053627              -6      4.16116881
      1.62419941              -0      5.84791237
      1.68308207              -9      1.21048302
       1.6858463              -0      5.97797426
      1.61197324              -0      5.57201444
      2.16689329              -9     0.769863679
       1.9287766              -0      4.50464813
      1.77910401              -4       5.1782454
      1.81542421              -0      6.13660122
      1.91370153              -1      2.04745166
      1.77068623              -9      1.73587932
      1.75199907              -4      3.36486015
      2.29776864              -0      6.47251355
      2.82464813              -0      6.71549024
      1.75274275              -6      3.34851226
      1.76851409              -4      3.16746682
        1.866319              -5      2.69404267
      1.94091376              -0       4.6711424
      1.75001839              -1      3.47942081
      1.81457301              -9      1.02167477
      1.76395216              -9      1.07797099
      1.93303305              -5      2.40539877
        1.923279              -7      4.82397139
      1.76463358              -2      3.72112934
      1.77247615              -2      3.13716102
      1.75098491              -1      3.53084815
      1.67083013              -1      1.50312111
      1.62159324              -0      5.83969561
      1.85390751              -4      2.74182426
      1.94113155              -6      2.34375504
      1.67080096              -9      1.24383474
      1.69381807              -9      1.18659845
      1.70765347              -1      1.60585405
      1.76328734              -2      1.72164861
      2.17723373              -9     0.764204514
      1.91389475              -5      2.50399959
      1.80760884              -1      5.12325973
      2.26727523              -0      6.45595864
      1.69204362              -9      1.19030625
      1.61179196              -0      5.57288327
      1.94202124              -9      2.18622267
      1.76323875              -7       6.0812668
      1.86987676              -9     0.970030044
      1.93267498              -1      4.53255035
      1.61151134              -0       5.5742398
      1.75220147              -7      3.56354037
      1.93754571              -7      4.57782667
      1.83071034              -7      4.08132324
      1.92607644              -0      4.81048565
      1.66668355              -7       1.4874346
      1.92618816              -7      2.44463055
      1.89650759              -9      1.99693982
      1.84672608              -0        6.166444
       1.6748373              -0       5.3858739
      2.18837053              -9     0.758174426
      1.79103422              -2      3.02087378
      1.74995559              -7      3.45849327
      2.36737153              -9     0.669001746
       1.9435992              -2      2.20415862
       1.8386307              -4      5.06041627
      1.59918695              -0      5.68638848
      2.07491799              -9     0.823080712
      1.82016361              -1       1.8301729
      1.75700184              -7      3.64158564
      1.93299817              -2      2.40561776
      2.44846613              -0      6.54938423
      1.96446061              -0      6.26384778
      1.76446293              -7      3.20191929
      1.86742606              -4      2.68980612
      1.85615611              -4      4.18322969
      1.74997038              -4      3.45307938
      1.93238336              -6      4.53029059
      1.78085525              -1      3.83867526
      2.14583589              -9     0.781575338
      1.92777491              -1      6.23553955
       1.6097498              -0      5.58310787
      1.75205044              -1      3.36364432
      1.60263407              -1      5.75018688
      1.94067857              -4      4.63178825
      2.97447412              -0      6.77446721
      2.03954422              -1      6.31748201
      1.75053688              -2      3.41019303
      1.86778908              -1       2.6884173
      1.68238863              -0      5.97238409
      1.87574598              -4       2.6579789
      1.94069353              -0      4.63231344
       1.9386276              -2      4.59147935
      1.82953329              -2        2.839529
      1.72664914              -9      1.12888841
      1.59929695              -0      5.67914696
      1.93171612              -2      2.11819016
      1.75906166              -5      3.25632412
      1.68420513              -0      5.97533582
       1.9320314              -5      4.52760728
      1.72662994              -0      5.27861256
      1.76074429              -5      3.68415657
      1.82065758              -0      6.14174167
      1.91725235              -4      4.84978399
      1.80799101              -7      3.98198092
      1.70144748              -9      1.59106356
      1.82701092              -5      2.85012996
      1.92315333              -7      4.47030394
      1.81661883              -9       1.0196112
      1.79626122              -1      2.99289443
      1.61520631              -4      5.55737783
      1.87464524              -9      1.94305337
      1.59991825              -0      5.71854717
      1.67211578              -2      5.95501375
       1.9338343              -7      2.40029702
      1.84412128              -7      4.13575509
      1.79069155              -9      1.04686218
      1.76466033              -7      3.20013924
      1.62280833              -0      5.52755703
      1.77436325              -7      3.12363673
      1.79871546              -7      2.98025006
      1.78135249              -1      3.07745186
      1.94023235              -5      2.35226141
      1.91601305              -4      4.43231957
      1.89253051              -1      4.32718357
      1.90746494              -7      4.88555894
      1.93414918              -4      2.39825291
       1.9244772              -0      4.81833716
      1.68931443              -7      5.35422561
      1.91751645              -5      2.48747368
      1.75431271              -1      3.60329406
      1.94247053              -5      2.19082347
      1.75242704              -1       3.5685008
      1.89668069              -9       1.9974035
      1.89500773              -7      4.33747233
      1.65167604              -5      1.34935306
      1.88972294              -5      1.97929706
      1.86133243              -1      2.71316152
      1.86882734              -4      4.23269319
      2.58833261              -0      6.61475422
       2.3505657              -9     0.676838218
      1.93728087              -5       2.3764412
      1.79865618              -0      6.11967468
      2.04577022              -1     0.841198286
      1.83080439              -5      2.83423089
      1.71527091              -6      5.30098125
      2.31949537              -0      6.48408457
      1.66772741              -9      1.25381637
      1.81684499              -4      2.89421304
      1.75050517              -7      3.51240047
      1.63590812              -0      5.48486781
      1.59922452              -1      5.68310331
      1.87273298              -9      1.93868743
      1.87951632              -9      0.96177331
      1.75307015              -1      3.58151484
        1.753449              -5      3.58855445
      1.86126351              -5      1.91334075
      1.75135173              -1        3.381729
      1.73296269              -4      6.04479703
      1.80019081              -1      3.94454267
      1.75149226              -2      3.54604868
      2.61514487              -0      6.62674379
      1.59980345              -0      5.66486347
      1.60117244              -0      5.64456232
      1.94296367              -4      2.19628252
      2.19867628              -9     0.752652469
        1.814636              -2      4.01230282
      2.03532825              -9     0.847860071
      1.76183192              -7       3.2268852
      1.90160384              -1      2.55646396
      2.11969767              -0       6.3697114
      1.89375176              -6      4.92807107
      1.84470734              -5      1.87873011
      1.75208071              -2      3.56078184
      2.36443887              -0      6.50746797
      1.87013508              -4      4.23780319
      1.93823417              -7      4.58623302
      1.79321684              -5      3.00900496
      1.76739439              -5      3.74448975
      1.75002339              -2      3.48006986
      1.65367598              -5      1.41497667
      1.83203055              -0      6.15269683
      1.78918479              -0      6.10978147
       1.8663971              -0      4.99874906
      1.90704847              -9       2.0266853
      1.84724536              -0        4.148169
      1.93405435              -7      4.76255293
      1.75295855              -5      1.70152491
      1.89041633              -1      1.98105584
      1.75229102              -1      3.35813816
      1.79034393              -0      6.11100596
       1.9170775              -7      2.48951111
      1.94063239              -4      4.68267128
      1.92343537              -5      2.45885104
      1.77112387              -6      3.77333382
      1.65995601              -9      1.28458591
      1.60319615              -7      5.62498647
      2.28209892              -0      6.46405369
       1.7122658              -0      6.01728766
      2.60593715              -9      0.56662449
      2.43846127              -9      0.63686345
      1.61207101              -0      5.80437312
      1.85510595              -7      4.17911782
      1.76775298              -0      5.19983751
      1.89918807              -4      2.00420376
      1.75006462              -4      3.43938613
      1.87457297              -9     0.965983835
      1.67872608              -0      5.37719261
      1.67512978              -5      1.51789535
      1.80097856              -0      6.12206254
      2.10643195              -9     0.804217711
      1.93718052              -4      4.57368348
      1.94538396              -7       2.2401317
       1.8365558              -7      2.81059287
      1.90767841              -5      2.53110791
      1.59990239              -0       5.6629079
       1.8749118              -9      1.94366554
      1.88858761              -9      1.97643726
      1.94492479              -1      2.22659883
      1.87744405              -1       4.2664901
      2.46465421              -9     0.625402934
      1.92808212              -0      6.23578329
      1.64605194              -0      5.45618498
      2.76259057              -2     0.506439967
      2.12742215              -9      0.79203336
      1.75235196              -4      3.35678863
       2.0481246              -9      0.83970915
      1.78666059              -7      3.87301399
      1.88330818              -7      4.95672566
      1.91616408              -0      4.85408101
      1.75157429              -2      3.37556032
      1.93333193              -4      4.53777181
      1.75011232              -5      3.43497413
      1.74387761              -1      5.24530134
       1.7545508              -1      3.31615626
      1.75566499              -1      3.62368872
      1.66011552              -9       1.2838348
      1.63697126              -0      5.88288053
      1.68447979              -0      5.97577923
      1.75002457              -1      3.44389824
      1.91491462              -1      4.85890148
      1.77813935              -4      5.18008366
       1.6513022              -9      1.37692552
      1.73909221              -0      6.05250651
      1.93166286              -5      2.11792719
      1.65552467              -9      1.30935694
      1.67248994              -9      1.23869759
      1.59927438              -0      5.68022009
      1.62010281              -0      5.83477197
      1.93574155              -7      2.13981711
      1.60542251              -0      5.77031379
      1.81869487              -2      4.03024323
      1.65395887              -9      1.32126314
       1.8290757              -9      1.00732973
      1.88279857              -7      2.63087711
      1.63948335              -0      5.47442322
      1.86627507              -2      2.69421081
      1.81715416              -9      1.82436481
      1.80964093              -0      5.11926593
      1.71185164              -7      5.30780521
      1.88475056              -6       2.6233302
      2.21803064              -0      6.42838345
      2.01943917              -9     0.858183451
      1.89357691              -9      1.98919634
       1.8712437              -0      6.18845716
      1.71784435              -0      5.29587515
      1.76635891              -7      3.18528009
      1.83114766              -6      4.08313478
      1.94005582              -7      4.61537333
      1.89372563              -1       4.3321322
       1.5991935              -0      5.68566051
       1.6649337              -9      1.26377089
      1.84194775              -0      5.05338961
      1.84672493              -0      6.16644294
      1.93599312              -7       4.5613352
      1.77306222              -7      3.78734677
      1.64333483              -1      5.46359368
      1.66489152              -9      1.26392893
      1.67385905              -9      1.23468816
      1.80471838              -6      3.96654331
      1.62759509              -0      5.85797621
      1.94103911              -1      4.65652808
      1.77194227              -2      3.14108522
      1.75461666              -9      1.08974721
      1.75750755              -1      3.64790721
      1.91221754              -1      4.86893466
      1.92955473              -5       2.4261639
      1.91792986              -0      4.84705947
      1.78528031              -7      3.86509252
      1.76112156              -6       3.2340802
      1.95589715              -9     0.902030514
      1.87382232              -2       4.9808444
       1.8120964              -7      4.00086367
      1.79339356              -1      3.90984941
      1.76133459              -4      3.23189949
      1.91716179              -4      4.85014522
      1.60718362              -0      5.78066184
      1.79583009              -4      3.92254043
      1.69398028              -7       1.5723293
      1.91424608              -4       4.8614341
      1.75043453              -4       3.4149625
      2.05505652              -0      6.32795304
      1.78445539              -2      3.05853041
      1.74167422              -4      1.67905517
      1.91609361              -7      4.43272395
      1.73112195              -1      5.26987351
      1.66083584              -1      5.41851914
      1.66008675              -9      1.45775363
      1.91802385              -2       2.0620761
       1.9079535              -4      4.88390491
       1.7864146              -4      3.87161243
      1.94539951              -5      2.24077406
      1.88823999              -1      4.94351002
      1.89348839              -9     0.950128232
      2.64692622              -0      6.64075306
       1.8520083              -1      4.16696216
      1.76950801              -2      3.15959159
      1.66803439              -0      5.40143853
      1.68099244              -9      1.21560493
      1.61019172              -0       5.5808219
      1.60896667              -0      5.58727219
      1.65441661              -1      1.31748501
      1.68372401              -5      1.54433726
      1.78220064              -6      3.84688386
      1.76088915              -1      3.68564218
      1.71088024              -4       5.3097526
      1.79647825              -2      2.99176441
      1.65340293              -9      1.32631794
      1.63824068              -0      5.47800782
      1.74998655              -1      3.44961037
      1.77122635              -6       3.7740899
      1.75321408              -1      3.58423722
      1.68921694              -9      1.19639293
      1.59950132              -0      5.67203758
      1.80132772              -0      5.13552683
       1.9347196              -2      4.54949884
       1.7994716              -2      2.97641175
       2.8455922              -1      6.72393692
      1.90340293              -6      2.54904969
      1.93187658              -5      2.41253304
      2.07432121              -0       6.3407025
       1.6165799              -0      5.82235544
      1.81451165              -4      2.90468709
      1.89585167              -5      4.34100629
        1.803322              -4      3.95984179
      1.76006238              -7       3.2452394
      1.79443783              -0       6.1152997
      1.75170964              -2      3.37201379
      1.61625374              -0      5.82114241
      1.71242499              -0      6.01750894
      1.75927818              -9      1.08379926
       2.0870363              -9     0.815742399
       1.9321647              -5      2.41077927
      2.03836247              -9     0.845914534
      1.60688544              -0      5.59917775
      1.79949687              -6      2.97628392
      1.91321975              -1      2.50701349
      1.78291121              -9      1.05555875
      1.85182254              -0      5.03198635
      1.61059707              -6      5.57876262
      1.81294411              -7      5.11274483
      1.84117828              -2      4.12398331
      1.65434312              -9      1.42097453
      1.74060317              -5      1.67688938
       1.7677742              -5      1.73029333
      1.89166248              -0      4.93401417
      1.91979169              -1      4.83936073
      1.88880779              -6      4.31193052
      1.86792866              -2      4.22918401
      1.88057454              -5      2.63944747
      1.85029771              -5      2.75588694
      2.31585969              -1      6.48216086
      1.79776645              -4      1.78735432
      1.91241686              -5        2.510574
      1.64837614              -0      5.44998397
      1.76654595              -7      3.18369072
        1.665116              -0      5.94242875
      1.66545417              -4      1.48242846
      1.78560327              -5      3.05173424
      1.91993774              -0      6.22928079
      1.80896425              -2      2.93022467
      1.92032633              -0      6.22959299
      1.94487871              -2        2.292261
      1.86996683              -2      4.23714549
      1.84719927              -0      6.16687942
      1.76384067              -4      3.71402731
      2.38967189              -0      6.52029038
      1.93362355              -2      2.12797118
      1.74218909              -9       1.1063397
      1.86139956              -6       2.7129036
      1.88302608              -7      4.28863924
      1.72614225              -9      1.64692057
       1.7687466              -9       1.0721247
      2.59237902              -9     0.572062494
      1.93560665              -7       2.3884674
      1.66494224              -4      1.26373894
        2.030498              -0      6.31128696
      1.68248106              -0      5.36894234
      1.92389441              -1      4.47455167
      1.62638371              -0      5.51505501
      1.74998935              -1       3.4750219
      1.76019252              -7      3.24383827
      1.92002345              -2      4.83837921
      1.67849194              -7      1.52865581
      1.75666464              -9      1.70878653
      1.78550738              -7      3.86640537
      1.79624896              -5      2.99295833
      1.75970677              -2      3.67321286
       1.8532448              -2      1.89633233
      1.69053761              -9      1.19352044
      1.92659101              -1       4.4906654
      1.70733093              -0      6.01034474
      1.85023198              -1       4.1599697
      1.79581515              -4      2.99522447
      1.68154902              -9      1.21422271
      1.94164976              -7      2.33849469
      1.65996453              -2      5.42063514
      1.93428793              -1      4.54573736
      1.79606744              -2      2.99390537
      1.83334596              -0      5.07146406
      1.75145086              -2      1.09386844
      1.75326874              -9       1.0914936
      1.92049731              -7      4.45560942
      1.75745818              -7      3.64729954
      1.77572683              -9      1.74551118
      1.90887195              -1      4.39804219
      1.64371048              -7      5.46255859
       1.6963324              -9      1.18148164
      1.87500047              -9     0.965617762
      1.83811299              -4      4.11162972
      1.60801313              -0      5.59256089
      1.74254036              -1      1.68080196
       1.7704546              -7      1.73543564
       2.1790248              -9     0.763230237
      1.75986418              -6      3.67490926
      1.92407582              -9       2.0845924
       1.6234204              -0      5.52536017
      1.75456526              -2      3.60732088
      1.82607863              -4      1.01024164
      1.65197517              -9      1.34375726
      1.62631519              -0      5.85426058
      1.77068106              -7       3.7700464
      1.85749606              -6      4.18847077
      1.74997089              -2      3.47117939
      2.50106809              -5     0.609782036
      1.75154306              -7      3.54742136
      1.60274731              -0      5.75113997
      1.64875116              -2      5.44899449
      1.82008761              -1      4.03631022
      1.82732407              -4      4.06719404
      1.61629276              -6      5.82128817
      1.75288391              -1      3.34566591
       1.6114445              -4      5.57456505
      1.80211394              -1      5.13399728
      1.70288619              -9      1.16881364
      1.63457995              -0      5.48885605
      1.76405435              -2      3.71596049
      1.74997222              -7      3.47150855
      1.77889164              -2      3.82638652
      1.84420084              -6      2.77989723
      1.85620326              -7      5.02222568
      1.86056381              -2      2.71611581
      1.59999098              -0      5.66126515
      1.75044907              -1      3.41425608
       1.8607019              -4      4.20099124
      1.94003583              -4      4.69736234
      1.81006956              -1      2.92505996
      1.88564332              -7      2.61986958
      1.89968339              -9      2.00556645
      1.79209931              -5      1.04531649
      1.74999182              -5      3.44867237
      1.66055409              -9      1.28180487
       1.7517937              -7      3.36987937
      1.87199144              -6      2.67234625
       1.6001062              -0      5.72182041
      1.60418067              -7      5.76208001
      1.66346794              -9      1.47390274
      1.67142998              -0      5.95380962
      1.78602199              -4      5.16503332
       1.8824956              -0      6.19821042
      1.86694227              -4      4.22533409
       2.5440817              -0      6.59460576
      1.90494991              -2      4.38026968
      1.89582807              -5      2.57983036
      1.75339142              -2       3.5875101
      1.91213614              -5      2.51181284
      1.70020864              -5      1.58803248
        1.914777              -2      2.50003075
      1.62554312              -0      5.51792552
      1.92061857              -0      6.22982765
      1.86387709              -2      2.70339619
      1.89158239              -0      4.32327652
      1.77997035              -5      1.05891701
      1.59932579              -0      5.70349925
      1.75356603              -5      3.59065084
      1.92826045              -5      2.43342414
      1.61575724              -0      5.55502496
      1.81855069              -4       4.0296127
      1.61370638              -0      5.81122339
       1.6692303              -9      1.24882437
      1.94103209              -6       4.6532026
      1.90894005              -1      2.52571431
      1.84720427              -0      5.04209261
      1.83621401              -1      4.10392329
      1.68051863              -0      5.37323863
      1.61519694              -0      5.81712725
      1.75224484              -4      3.56451271
        1.651537              -9      1.35261113
       1.7677188              -9      1.73018689
      1.61746411              -7      5.54795373
      1.64956379              -2      5.44686049
      1.77696782              -5      1.74787646
      1.80083382              -6      3.94771653
      1.85120896              -5       1.8920915
      2.19099048              -0      6.41276082
      1.64477479              -7      5.45964504
      1.69899128              -5      1.58502589
      1.79786214              -6      2.98461357
      1.66144381              -9      1.46452968
      1.80831624              -0      6.12951352
      1.85227316              -0      5.03099047
      1.69044415              -0       5.9852291
      1.85047462              -7      4.16092592
      1.75140947              -2      3.38008437
      1.90428843              -7      4.89604332
      1.72785705              -5      1.65055476
      1.65126617              -5      1.37474037
      1.82004911              -1      2.88006135
      1.61033458              -0      5.79658808
      1.92666156              -7      4.49110254
      2.08850015              -5     0.814863283
      1.60065893              -0      5.72986815
      1.67024271              -0      5.95171071
      1.61669216              -0      5.55111265
      1.61609139              -0      5.55361531
      1.76127806              -2      3.68958301
      1.90840103              -4      2.03076082
      1.93970649              -0      4.70349911
       1.6901088              -9       1.5621186
      1.75904115              -0      6.07643574
      1.65340798              -9      1.41234603
      1.88844556              -1      4.94294757
      1.62455713              -0      5.84900477
      1.60039678              -4      5.65466783
      1.60798158              -0      5.78496219
      1.93772621              -2      4.73006305
      1.81223991              -0       6.1334414
      1.86317123              -9     0.975888472
      1.78919114              -4      3.03112294
       1.8714277              -4      2.67450211
      1.85229715              -7      1.89435469
      1.86389889              -2      4.21346235
      1.78814119              -6      3.88136071
      1.92389007              -0      4.82112279
      1.65898903              -9      1.28929961
      1.87223506              -0      6.18932489
      1.89470774              -9      1.99216091
      1.82381811              -6      2.86372743
      1.73760505              -4      1.67079154
      1.87269136              -7      2.66966932
      1.72813385              -9      1.12663329
      1.75909267              -5      3.25597185
       1.9355775              -2      2.13885572
      1.67736521              -7       5.3802141
      1.67320431              -0      5.38956421
      1.75177621              -7      3.37031931
      1.76953026              -4      3.15941752
      1.93140354              -2      4.52293128
      1.91305266              -9       2.0453409
      1.65528058              -0      5.92349397
      1.93749471              -9      2.37483263
      1.73504304              -0      6.04743408
      1.77507685              -2      1.74427148
      1.71142519              -0      6.01611645
      1.65465706              -9      1.31561143
      1.65222444              -5      1.33992307
      1.83496264              -5       1.8591475
      1.89842172              -2      2.00210828
      1.69046686              -9      1.56307933
      1.65703168              -0      5.42784288
      1.88762366              -4      4.94519048
      1.94305033              -7      2.19729434
      1.67325745              -9      1.23643386
      1.65861768              -4      1.44984399
      1.92666506              -5      2.44209326
      1.89465732              -9      1.99202813
      1.86009576              -1      4.19862553
      1.78078325              -4      6.10078619
      1.65170603              -9      1.34872037
      1.80178496              -6      3.95238035
      1.90819458              -2       2.5289072
      1.78074425              -2      3.08126266
      1.93967162              -2      2.16595267
      1.92811868              -5      2.43420646
      1.75645069              -4      3.63443246
      1.65122559              -9      1.36796641
      1.89858392              -7      2.56875701
      2.70035441              -0      6.66383711
      1.79721796              -7      2.98793054
      1.83289975              -0      5.07238913
      1.81748229              -0      6.13863048
      2.59495847              -0      6.61773202
      2.06851672              -9     0.827001769
      1.66026683              -9      1.28312871
      1.75819219              -6      3.65613808
      1.90435683              -5      4.37763358
      1.94557886              -7      2.26536702
      1.88632739              -0      4.30188604
      2.15035632              -0      6.38857543
      1.83004396              -4       4.0785573
      1.89564408              -0      4.92258406
      1.75142798              -2      3.54427885
      1.86267849              -9      1.91639767
      1.83818198              -1      4.11190886
      1.82635896              -4      4.06313208
      1.93859337              -4      4.59100757
      1.92674125              -6      4.49159733
      1.74393213              -1      1.68360046
      1.60876697              -0      5.78900313
      1.75721404              -1      3.64426489
      1.75071146              -4      3.40293636
      1.64016661              -4      5.47247186
      1.89126917              -2      2.59789972
      1.80581076              -1      3.97173696
       1.9384731              -1      4.72138488
       1.6871797              -9      1.20092926
      1.75876236              -7      3.25975458
       1.7776241              -5      1.06162568
      1.83321501              -1      2.82425923
      1.74995568              -2       3.4656949
      1.84022271              -0      5.05705321
      1.60039495              -0      5.72625719
      1.85628943              -4      2.73259563
      1.76348692              -5      3.21089955
      1.74590636              -6      5.24141909
      1.85091057              -6      4.16264308
      1.80641329              -4      6.12759457
      1.71278436              -0      6.01800788
      1.88453221              -7      1.96641278
      2.13656969              -0      6.38016159
      1.71010593              -0      6.01426897
      1.65677584              -9       1.4387862
      1.60730199              -0      5.59668329
      1.88152271              -5      2.63579696
      1.83073546              -4       1.8507899
      1.82233691              -7      4.04602009
      1.93176858              -1      4.77832046
       1.7927829              -7      3.90661974
      1.86958796              -1      4.23566478
      1.76152658              -1      3.69206624
      1.76404915              -0      6.08219197
      1.76080912              -2      3.23731577
      1.65347027              -0      5.91982358
      2.05779367              -0      6.32978133
      1.77465857              -1       3.1215663
      1.75122161              -9      1.09416955
      1.75008317              -4      3.43757547
      1.90699823              -2      2.53399571
      1.79688974              -1      2.98962833
      1.82255393              -2      2.86917049
      1.80954933              -2      2.92748583
      2.08421194              -9     0.817442994
      1.70781103              -9      1.15984542
      1.83641168              -2      1.86203003
      2.35955259              -9     0.672635662
      1.90132065              -5      2.55762455
       1.9395326              -7      4.70642648
      1.84501412              -9     0.992265968
      1.74248081              -9        1.680682
      1.94462095              -6      2.22023288
      1.65286579              -9      1.40649023
      2.46485027              -0      6.55730875
      1.73698292              -0      5.25854376
      2.60132437              -9     0.568470165
      1.85188452              -0      6.17116744
      1.62065143              -0      5.83660488
      1.60213079              -0      5.74574503
      1.76482802              -4      3.19863632
      1.80008625              -6      2.97331067
       1.9342635              -7      2.13142876
      1.60857041              -4      5.58943905
      1.84921574              -4      4.15596094
      1.59932081              -0      5.67811072
      1.61722275              -0      5.82471233
      2.12178091              -4     0.795279716
      1.84882244              -5      2.76166455
       1.7745697              -5      1.74330373
      1.59934253              -0      5.67723629
      1.60319383              -0      5.62500575
      1.85159913              -1      4.16535304
      1.65247145              -9      1.33657895
       1.7784594              -2      3.09590661
      1.59969904              -0      5.66709857
      2.26157964              -7     0.720068957
      1.75128461              -2      3.54018678
      1.83244714              -7       5.0733263
       1.7506446              -4      3.40560554
      1.62321053              -0      5.52611064
      2.26161056              -9     0.720053382
        1.758968              -0      5.21652861
      1.60175897              -0       5.7422101
      1.69909317              -9      1.17603399
      1.92728685              -5      2.09783134
      1.93824069              -1      4.72420978
      1.93981804              -1      4.61057906
      1.75063395              -7      3.51795531
      1.61744505              -0      5.82551718
      1.85069544              -4      1.89102632
      1.93587091              -4      4.56014441
      1.79015611              -1      3.02572993
      1.76722396              -0      5.20084253
       1.9310919              -9      2.41723564
       1.8790208              -4      6.19522046
      1.91199734              -7       4.8697331
      1.91965445              -6      4.45109953
       1.7506103              -4      3.51697778
      1.76503156              -2      3.72462269
      1.79589084              -7      2.99482837
      2.17155211              -2     0.767306671
      1.92526559              -7      4.81451695
       1.7500587              -7      3.43999536
      1.76119251              -7      3.68872196
      1.87620056              -2      4.26158933
      1.94112663              -5      2.34380361
      1.80715556              -7      2.93876428
      1.88017088              -5      2.64100021
      1.94036935              -0      4.62266526
      1.87168704              -1      4.98607205
