10 1
0.23260386
1 -1 1 1
         5.815409188 
    0.58870088811907 
0.10944942
1 -1 1 1
          4.02874238 
     1.2461004631205 
0.08812009
1 -1 1 1
         3.329238189 
    1.22533068711834 
0
1 -1 1 1
                   0 
                   0 
0.11727575
1 -1 1 1
         3.761742655 
    1.28221346685524 
0.096462656
1 -1 1 1
         2.321900578 
   0.825132922657258 
0.052805167
1 -1 1 1
         3.691884811 
   0.893519931775529 
0.11633582
1 -1 1 1
         3.825021681 
    1.27768729047223 
0
1 -1 1 1
                   0 
                   0 
0.18694724
1 -1 1 1
         1.237284871 
   0.512945882083065 
