 0.50614 6.25323e-03
 0.51841 2.94347e-03
 0.53068 2.80037e-03
 0.54295 0.00000e+00
 0.55522 0.00000e+00
 0.56750 0.00000e+00
 0.57977 0.00000e+00
 0.59204 4.50224e-03
 0.60431 4.29982e-03
 0.61658 6.19236e-03
 0.62885 4.00314e-03
 0.64113 1.90688e-03
 0.65340 0.00000e+00
 0.66567 0.00000e+00
 0.67794 0.00000e+00
 0.69021 1.65420e-03
 0.70249 0.00000e+00
 0.71476 3.06353e-03
 0.72703 2.94174e-03
 0.73930 1.45916e-03
 0.75157 2.79696e-03
 0.76385 1.34683e-03
 0.77612 3.91598e-03
 0.78839 2.55050e-03
 0.80066 1.23668e-03
 0.81293 1.20509e-03
 0.82520 1.17360e-03
 0.83748 1.15593e-03
 0.84975 2.26183e-03
 0.86202 2.20977e-03
 0.87429 1.07065e-03
 0.88656 3.14987e-03
 0.89884 2.04943e-03
 0.91111 1.00491e-03
 0.92338 1.99341e-03
 0.93565 1.95180e-03
 0.94792 0.00000e+00
 0.96020 9.45973e-04
 0.97247 2.80163e-03
 0.98474 0.00000e+00
 0.99701 1.81596e-03
 1.00928 8.96445e-04
 1.02155 8.88094e-04
 1.03383 2.64631e-03
 1.04610 3.48687e-03
 1.05837 8.64445e-04
 1.07064 5.14442e-03
 1.08291 3.40633e-03
 1.09519 1.69676e-03
 1.10746 4.20887e-03
 1.11973 8.39056e-04
 1.13200 5.01047e-03
 1.14427 5.83184e-03
 1.15655 4.15575e-03
 1.16882 8.30767e-04
 1.18109 1.65980e-03
 1.19336 1.65993e-03
 1.20563 0.00000e+00
 1.21790 4.15877e-03
 1.23018 2.50013e-03
 1.24245 1.67045e-03
 1.25472 3.35109e-03
 1.26699 3.36582e-03
 1.27926 8.45420e-04
 1.29154 8.47917e-04
 1.30381 0.00000e+00
 1.31608 0.00000e+00
 1.32835 8.65986e-04
 1.34062 3.48185e-03
 1.35290 1.75334e-03
 1.36517 1.76343e-03
 1.37744 8.87819e-04
 1.38971 1.80031e-03
 1.40198 3.62067e-03
 1.41425 0.00000e+00
 1.42653 0.00000e+00
 1.43880 5.57137e-03
 1.45107 3.75154e-03
 1.46334 5.68427e-03
 1.47561 1.91352e-03
 1.48789 1.92798e-03
 1.50016 1.94319e-03
 1.51243 2.94283e-03
 1.52470 4.95007e-03
 1.53697 2.00031e-03
 1.54925 2.01125e-03
 1.56152 0.00000e+00
 1.57379 0.00000e+00
 1.58606 0.00000e+00
 1.59833 1.04553e-03
 1.61060 3.14986e-03
 1.62288 0.00000e+00
 1.63515 0.00000e+00
 1.64742 3.21394e-03
 1.65969 2.15287e-03
 1.67196 3.24602e-03
 1.68424 2.17719e-03
 1.69651 3.27758e-03
 1.70878 2.19317e-03
 1.72105 1.10015e-03
 1.73332 2.20468e-03
 1.74560 1.10486e-03
 1.75787 1.10568e-03
 1.77014 3.32241e-03
 1.78241 1.10835e-03
 1.79468 2.21749e-03
 1.80695 3.32544e-03
 1.81923 1.10724e-03
 1.83150 0.00000e+00
 1.84377 1.10523e-03
 1.85604 1.10172e-03
 1.86831 2.19947e-03
 1.88059 0.00000e+00
 1.89286 4.37064e-03
 1.90513 0.00000e+00
 1.91740 2.17301e-03
 1.92967 1.08055e-03
 1.94195 2.15627e-03
 1.95422 0.00000e+00
 1.96649 4.27310e-03
 1.97876 1.06481e-03
 1.99103 1.06049e-03
 2.00330 1.05366e-03
 2.01558 0.00000e+00
 2.02785 2.08897e-03
 2.04012 4.15527e-03
 2.05239 2.06526e-03
 2.06466 3.08855e-03
 2.07694 3.06926e-03
 2.08921 2.03933e-03
 2.10148 0.00000e+00
 2.11375 0.00000e+00
 2.12602 3.01215e-03
 2.13830 3.00078e-03
 2.15057 3.98219e-03
 2.16284 9.92609e-04
 2.17511 1.97617e-03
 2.18738 1.96990e-03
 2.19965 1.96171e-03
 2.21193 3.90673e-03
 2.22420 3.89815e-03
 2.23647 3.88403e-03
 2.24874 2.90442e-03
 2.26101 0.00000e+00
 2.27329 1.92534e-03
 2.28556 9.60460e-04
 2.29783 9.57491e-04
 2.31010 1.91302e-03
 2.32237 9.55035e-04
 2.33465 2.85876e-03
 2.34692 1.90375e-03
 2.35919 1.90168e-03
 2.37146 0.00000e+00
 2.38373 0.00000e+00
 2.39600 9.48472e-04
 2.40828 3.79331e-03
 2.42055 3.79231e-03
 2.43282 1.89608e-03
 2.44509 9.48178e-04
 2.45736 4.74215e-03
 2.46964 1.89809e-03
 2.48191 1.89892e-03
 2.49418 2.85033e-03
 2.50645 0.00000e+00
 2.51872 1.90430e-03
 2.53100 9.53286e-04
 2.54327 9.54676e-04
 2.55554 1.91110e-03
 2.56781 9.57439e-04
 2.58008 5.75220e-03
 2.59235 9.59927e-04
 2.60463 9.61888e-04
 2.61690 9.64262e-04
 2.62917 1.93060e-03
 2.64144 2.90251e-03
 2.65371 9.68851e-04
 2.66599 9.71117e-04
 2.67826 9.72849e-04
 2.69053 1.94961e-03
 2.70280 9.77002e-04
 2.71507 0.00000e+00
 2.72735 1.96121e-03
 2.73962 2.94833e-03
 2.75189 1.96910e-03
 2.76416 2.95848e-03
 2.77643 1.97630e-03
 2.78870 0.00000e+00
 2.80098 2.97746e-03
 2.81325 9.93368e-04
 2.82552 1.99079e-03
 2.83779 2.99085e-03
 2.85006 2.99516e-03
 2.86234 2.99797e-03
 2.87461 4.00582e-03
 2.88688 1.00257e-03
 2.89915 3.00973e-03
 2.91142 4.01832e-03
 2.92370 0.00000e+00
 2.93597 2.01233e-03
 2.94824 2.01303e-03
 2.96051 1.00716e-03
 2.97278 0.00000e+00
 2.98505 2.01625e-03
 2.99733 0.00000e+00
 3.00960 2.01675e-03
 3.02187 1.00830e-03
 3.03414 2.01623e-03
 3.04641 3.02393e-03
 3.05869 2.01503e-03
 3.07096 2.01392e-03
 3.08323 3.01827e-03
 3.09550 4.02175e-03
 3.10777 1.00500e-03
 3.12005 2.00676e-03
 3.13232 1.00246e-03
 3.14459 3.00409e-03
 3.15686 0.00000e+00
 3.16913 2.99563e-03
 3.18140 3.98762e-03
 3.19368 0.00000e+00
 3.20595 0.00000e+00
 3.21822 2.97614e-03
 3.23049 1.98090e-03
 3.24276 9.89147e-04
 3.25504 2.96016e-03
 3.26731 2.95547e-03
 3.27958 9.82577e-04
 3.29185 9.79285e-04
 3.30412 9.78254e-04
 3.31640 9.75127e-04
 3.32867 9.73548e-04
 3.34094 0.00000e+00
 3.35321 1.93806e-03
 3.36548 3.86796e-03
 3.37775 9.65379e-04
 3.39003 9.62741e-04
 3.40230 3.83964e-03
 3.41457 2.87435e-03
 3.42684 9.55403e-04
 3.43911 1.90648e-03
 3.45139 9.50685e-04
 3.46366 2.84437e-03
 3.47593 4.72906e-03
 3.48820 0.00000e+00
 3.50047 0.00000e+00
 3.51275 0.00000e+00
 3.52502 2.81347e-03
 3.53729 1.87128e-03
 3.54956 1.86573e-03
 3.56183 9.30469e-04
 3.57410 9.28161e-04
 3.58638 2.78178e-03
 3.59865 9.25079e-04
 3.61092 9.24054e-04
 3.62319 2.76361e-03
 3.63546 3.67698e-03
 3.64774 2.75338e-03
 3.66001 2.74962e-03
 3.67228 2.74402e-03
 3.68455 2.74012e-03
 3.69682 9.11741e-04
 3.70910 2.73229e-03
 3.72137 1.81947e-03
 3.73364 1.81696e-03
 3.74591 9.07195e-04
 3.75818 1.81290e-03
 3.77045 3.62142e-03
 3.78273 3.61770e-03
 3.79500 0.00000e+00
 3.80727 1.80645e-03
 3.81954 3.61026e-03
 3.83181 2.70614e-03
 3.84409 2.70492e-03
 3.85636 5.40729e-03
 3.86863 9.01066e-04
 3.88090 1.80153e-03
 3.89317 9.00741e-04
 3.90545 3.60286e-03
 3.91772 1.80169e-03
 3.92999 4.50473e-03
 3.94226 0.00000e+00
 3.95453 0.00000e+00
 3.96680 4.51039e-03
 3.97908 2.70791e-03
 3.99135 2.70973e-03
 4.00362 2.71193e-03
 4.01589 2.71439e-03
 4.02816 0.00000e+00
 4.04044 0.00000e+00
 4.05271 9.08432e-04
 4.06498 2.72817e-03
 4.07725 2.73106e-03
 4.08952 1.82343e-03
 4.10180 4.56836e-03
 4.11407 1.82861e-03
 4.12634 2.74754e-03
 4.13861 0.00000e+00
 4.15088 4.60271e-03
 4.16315 4.61051e-03
 4.17543 2.77181e-03
 4.18770 9.27065e-04
 4.19997 2.78596e-03
 4.21224 1.85987e-03
 4.22451 0.00000e+00
 4.23679 1.87253e-03
 4.24906 2.81289e-03
 4.26133 2.82034e-03
 4.27360 9.42618e-04
 4.28587 0.00000e+00
 4.29815 9.47835e-04
 4.31042 2.85514e-03
 4.32269 1.91124e-03
 4.33496 9.58102e-04
 4.34723 0.00000e+00
 4.35950 0.00000e+00
 4.37178 2.90507e-03
 4.38405 1.94144e-03
 4.39632 0.00000e+00
 4.40859 2.93842e-03
 4.42086 2.94320e-03
 4.43314 2.95467e-03
 4.44541 4.94772e-03
 4.45768 3.97069e-03
 4.46995 9.95366e-04
 4.48222 1.99842e-03
 4.49450 2.00634e-03
 4.50677 0.00000e+00
 4.51904 3.03495e-03
 4.53131 1.01513e-03
 4.54358 2.03849e-03
 4.55585 0.00000e+00
 4.56813 3.07989e-03
 4.58040 4.12208e-03
 4.59267 2.06933e-03
 4.60494 4.15507e-03
 4.61721 1.04218e-03
 4.62949 2.09207e-03
 4.64176 2.09660e-03
 4.65403 4.20640e-03
 4.66630 3.16713e-03
 4.67857 5.29690e-03
 4.69085 3.18598e-03
 4.70312 1.06488e-03
 4.71539 3.20552e-03
 4.72766 0.00000e+00
 4.73993 1.07606e-03
 4.75220 1.07789e-03
 4.76448 3.23958e-03
 4.77675 1.08290e-03
 4.78902 0.00000e+00
 4.80129 3.25796e-03
 4.81356 1.08876e-03
 4.82584 1.08948e-03
 4.83811 3.27477e-03
 4.85038 1.09293e-03
 4.86265 2.18616e-03
 4.87492 1.09429e-03
 4.88720 2.18902e-03
 4.89947 4.37893e-03
 4.91174 3.28412e-03
 4.92401 0.00000e+00
 4.93628 1.09374e-03
 4.94855 0.00000e+00
 4.96083 4.36658e-03
 4.97310 1.08998e-03
 4.98537 1.08838e-03
 4.99764 2.17353e-03
 5.00991 1.08369e-03
 5.02219 2.16533e-03
 5.03446 0.00000e+00
 5.04673 1.07732e-03
 5.05900 1.07325e-03
 5.07127 4.27694e-03
 5.08355 2.13050e-03
 5.09582 2.12033e-03
 5.10809 2.11406e-03
 5.12036 1.05082e-03
 5.13263 0.00000e+00
 5.14490 2.08277e-03
 5.15718 3.11583e-03
 5.16945 1.03291e-03
 5.18172 1.02492e-03
 5.19399 4.08521e-03
 5.20626 4.06301e-03
 5.21854 2.01632e-03
 5.23081 0.00000e+00
 5.24308 1.99326e-03
 5.25535 1.97718e-03
 5.26762 9.83305e-04
 5.27990 2.93179e-03
 5.29217 2.91036e-03
 5.30444 2.89347e-03
 5.31671 2.86586e-03
 5.32898 9.52924e-04
 5.34125 1.88593e-03
 5.35353 0.00000e+00
 5.36580 9.30992e-04
 5.37807 2.76477e-03
 5.39034 1.83174e-03
 5.40261 9.08466e-04
 5.41489 1.81173e-03
 5.42716 8.94054e-04
 5.43943 0.00000e+00
 5.45170 3.54339e-03
 5.46397 0.00000e+00
 5.47625 2.61191e-03
 5.48852 1.73217e-03
 5.50079 8.60433e-04
 5.51306 1.70930e-03
 5.52533 0.00000e+00
 5.53760 2.53178e-03
 5.54988 3.35940e-03
 5.56215 2.50465e-03
 5.57442 3.31999e-03
 5.58669 1.65052e-03
 5.59896 8.22397e-04
 5.61124 1.62905e-03
 5.62351 3.25294e-03
 5.63578 8.10324e-04
 5.64805 3.22335e-03
 5.66032 4.81106e-03
 5.67260 1.59658e-03
 5.68487 2.38656e-03
 5.69714 1.58828e-03
 5.70941 3.16581e-03
 5.72168 7.89829e-04
 5.73395 7.86497e-04
 5.74623 2.35588e-03
 5.75850 7.83374e-04
 5.77077 2.34834e-03
 5.78304 2.34596e-03
 5.79531 3.12561e-03
 5.80759 4.68674e-03
 5.81986 4.68645e-03
 5.83213 0.00000e+00
 5.84440 0.00000e+00
 5.85667 2.34819e-03
 5.86895 7.83233e-04
 5.88122 2.35573e-03
 5.89349 1.57387e-03
 5.90576 2.36666e-03
 5.91803 3.16552e-03
 5.93030 3.97076e-03
 5.94258 2.39323e-03
 5.95485 8.00313e-04
 5.96712 1.60842e-03
 5.97939 1.61876e-03
 5.99166 3.25802e-03
 6.00394 4.09233e-03
 6.01621 1.64552e-03
 6.02848 8.28451e-04
 6.04075 8.33047e-04
 6.05302 1.68010e-03
 6.06530 3.39413e-03
 6.07757 2.56164e-03
 6.08984 6.03921e-03
 6.10211 1.74072e-03
 6.11438 8.79569e-04
 6.12665 3.56292e-03
 6.13893 0.00000e+00
 6.15120 9.13282e-04
 6.16347 0.00000e+00
 6.17574 1.85767e-03
 6.18801 1.87754e-03
 6.20029 2.86103e-03
 6.21256 3.86535e-03
 6.22483 0.00000e+00
 6.23710 1.99369e-03
 6.24937 1.01819e-03
 6.26165 1.02756e-03
 6.27392 2.09870e-03
 6.28619 3.17073e-03
 6.29846 1.08201e-03
 6.31073 2.19482e-03
 6.32300 1.10760e-03
 6.33528 1.13666e-03
 6.34755 1.15505e-03
 6.35982 1.19237e-03
 6.37209 0.00000e+00
 6.38436 3.68074e-03
 6.39664 0.00000e+00
 6.40891 1.27515e-03
 6.42118 2.63056e-03
 6.43345 1.34387e-03
 6.44572 1.37986e-03
 6.45800 2.79247e-03
 6.47027 2.87032e-03
 6.48254 2.94041e-03
 6.49481 0.00000e+00
 6.50708 3.07420e-03
 6.51935 1.60574e-03
 6.53163 0.00000e+00
 6.54390 1.67497e-03
 6.55617 1.70870e-03
 6.56844 0.00000e+00
 6.58071 1.82935e-03
 6.59299 0.00000e+00
 6.60526 7.76644e-03
 6.61753 0.00000e+00
 6.62980 4.07114e-03
 6.64207 0.00000e+00
 6.65435 2.13714e-03
 6.66662 0.00000e+00
 6.67889 4.67211e-03
 6.69116 0.00000e+00
 6.70343 2.44804e-03
 6.71570 2.53925e-03
 6.72798 0.00000e+00
 6.74025 0.00000e+00
 6.75252 0.00000e+00
 6.76479 0.00000e+00
 6.77706 3.03756e-03
