# npar = 1, n_ded = 0
#         weight            chi2        param[0]
#                                     alpha_topo
     0.875881561              -7      5.09679836
     0.645997609              -9      1.10553515
     0.713766552              -7      3.96844454
     0.732426551              -1      3.63962657
     0.688387768              -0       6.1146428
      1.20087115              -9      0.73113352
     0.665374192              -0      6.08514348
     0.776588703              -9      1.48298573
     0.852949768              -4      2.04461599
     0.734401753              -7      4.15662164
     0.816417345              -5      2.13981987
     0.771614199              -6      2.31344458
     0.882301391              -1      4.70997098
      0.68922832              -9      1.35991661
     0.782565295              -6       3.3678323
     0.905819213              -4      1.89553228
       0.6261157              -0      5.58276964
     0.782014441              -2      2.63283524
     0.783956313              -5      2.64527171
      0.79776098              -7      4.41877211
       0.7164076              -7      4.01154873
     0.785745344              -7      4.37738436
     0.781556397              -4      5.30072776
     0.785176274              -5      2.24353496
     0.858457358              -7      2.03081664
     0.919173565              -2      1.77248524
     0.589151829              -0      5.68274283
     0.903552054              -0      6.30671369
     0.881271553              -5      1.97191209
      0.66639111              -0      5.50136392
     0.652857126              -0      6.06750974
      0.56957298              -6      5.81249377
     0.742701099              -0      6.17402484
     0.813705869              -7      3.18283335
     0.652840154              -9      1.09002122
     0.674827802              -9      1.33535694
      1.56479104              -9     0.610287356
     0.821373651              -7      2.91498947
      0.77372421              -6      3.41252087
     0.575882171              -0      5.88681304
     0.780644443              -6      5.30234351
     0.718462564              -1      3.75715506
     0.745522189              -9     0.974457369
     0.661464763              -7       5.5106208
     0.905737288              -6      4.85873877
     0.823206892              -7      2.94338815
     0.821024854              -5      2.91044074
     0.691951039              -9      1.02955028
     0.740907375              -5      1.43534473
      1.50307263              -9     0.628787031
     0.856296334              -9        2.036235
     0.873293295              -1      4.67344487
     0.572565658              -0      5.76447491
     0.702702822              -0      6.13148621
     0.815904488              -5      3.16462068
      1.07919072              -9     0.780330436
     0.715895886              -1      4.00458245
     0.846835198              -0      4.57980522
      0.61338252              -0      6.00006131
      0.81338651              -0      5.24213227
     0.631304718              -9      1.16403725
     0.730617651              -1       3.6521379
     0.733293405              -6      4.15006519
     0.611756097              -0      5.99669554
     0.763420944              -2      2.41654712
     0.722973017              -2      4.07837724
     0.816352676              -1       4.4802523
     0.722001095              -2      3.72095583
     0.715064837              -7       3.8029067
     0.712174183              -4      3.88729603
     0.803007063              -5      3.25595046
      0.84132565              -0      5.18488695
     0.673587338              -4      5.48807648
     0.816284894              -4      2.86069048
     0.682696154              -9      1.34909171
     0.822088458              -5      1.54469288
      0.71603099              -1      3.78806796
     0.844402533              -7      4.57171899
      1.24452765              -9     0.714843744
     0.786887059              -9     0.940864434
     0.871202985              -0      6.28334123
     0.802019291              -4      4.43306489
     0.768483086              -5      2.33731911
     0.644381461              -9       1.2680384
     0.854106937              -6      4.60433178
     0.803490827              -4      3.25299273
      0.65782571              -6      5.51755358
     0.635952618              -9      1.13703054
     0.820847685              -4      4.49487134
     0.672824608              -9      1.33171406
     0.873076893              -0      5.10524425
     0.882968096              -7      4.71284552
     0.891718406              -7      4.75394742
     0.846490042              -1      4.57865481
        1.627074              -9     0.592245507
     0.773272705              -5      2.30270363
     0.818241473              -7      2.87922434
      1.66948059              -0      6.68445277
     0.896273571              -6      5.01832419
     0.720203419              -7      3.73841937
     0.634425948              -9       1.1439192
     0.808732882              -7      3.21918846
     0.610041805              -0      5.62111967
     0.643948755              -9      1.26675163
     0.871274854              -0      5.11049792
     0.904305342              -1      4.84060468
      0.71747062              -9      1.00105841
     0.634045547              -0      6.03814231
     0.893951226              -1      4.76584114
     0.725972116              -2      4.10175985
     0.667484036              -0      6.08799358
     0.631464473              -9      1.16258292
      1.57617811              -0      6.64825467
     0.801595617              -7      3.26445378
      0.80635984              -7      3.23493086
     0.583646945              -0      5.92141909
     0.720676471              -7      4.05820577
     0.808840071              -7       3.2184571
     0.712285633              -6      3.91975513
     0.712200069              -1       3.8841612
     0.570351312              -4      5.78937785
      1.09496422              -5     0.773588743
     0.791226541              -0      5.28341709
      0.71369597              -4      3.96691786
      1.93613682              -9     0.510239408
      1.04913211              -9     0.793530699
     0.847015259              -5       2.0594944
     0.601313665              -0      5.64460655
      1.11226508              -0      6.43506183
     0.905684271              -7      4.85794525
     0.729919533              -6      3.65710101
     0.766252074              -5      2.35952352
     0.712674867              -6      3.85761665
      1.01981943              -0      6.38214505
     0.901079607              -7      1.68725555
     0.914176676              -9      1.73480527
     0.824332233              -2       3.0536091
     0.631818987              -9      1.15963911
     0.742160663              -6      3.57865264
     0.776368017              -5      2.28487754
     0.734660326              -4      3.62478495
      1.05977663              -2      6.40565305
      0.81979788              -1       2.8957468
     0.745206896              -0        5.363675
     0.907211599              -7      4.89872428
      0.76340876              -1      2.41741328
     0.919935076              -5      1.79194547
     0.761961809              -7      3.47184931
     0.727569871              -1      3.67444408
     0.637885233              -4       5.5573475
     0.737849927              -4      4.17608646
     0.595838086              -0      5.66078684
     0.795778682              -2      3.29787356
     0.716570942              -5      1.40143895
     0.747207331              -2      3.54990756
     0.791666046              -5      2.21819933
     0.864104606              -6       4.6393023
      0.83389875              -0      5.20088118
     0.659165495              -9       1.0777399
     0.687471334              -9      1.35704971
     0.630545235              -0      5.57299012
      0.57077702              -7      5.78309987
     0.790261507              -0      6.21830974
     0.741411537              -7      3.58305367
     0.910942362              -4      1.87403623
     0.887399424              -2       5.0574793
     0.767168769              -2      2.34959983
      0.72144732              -2      4.06524658
     0.899213082              -5      1.91895882
     0.775207332              -2      3.40506873
     0.712151966              -7      3.90567363
      0.79390395              -5      2.21011489
      1.14849271              -0      6.45450301
     0.727598376              -4      3.67422718
     0.845781755              -5      2.06259614
     0.873095582              -7       4.6726827
     0.814157438              -5       2.8424562
     0.784371142              -0      5.29572362
      1.18717242              -0      6.47457393
     0.913587425              -9      1.86081271
     0.763807706              -5      2.40054172
     0.712134578              -2      3.89936883
     0.574208086              -0      5.75190632
     0.814928679              -2      3.17291606
     0.716166654              -7      3.78613379
      0.63235799              -9      1.21834972
     0.733856806              -6      4.15341794
     0.763646184              -7      2.45275254
      0.73772637              -4      3.60532317
     0.571478236              -0      5.77479443
     0.815684627              -4      2.85537409
     0.815057256              -2      2.84996902
     0.905401987              -5      1.89712518
     0.842310518              -4      4.56480251
     0.754280115              -9      1.45334732
     0.741468149              -1      3.58271972
     0.763680795              -7      2.40458468
       0.7171882              -1      4.02141377
     0.643966178              -9      1.11079123
      0.91862943              -5      1.76579153
      0.82505249              -4      3.01181566
     0.767825775              -1      4.31126795
     0.801691235              -7      2.75465349
     0.904493237              -4       4.9611928
     0.786121837              -5      2.23963756
     0.822967071              -7      2.93906842
     0.787402825              -2      2.66679754
     0.875773621              -6      4.68313244
     0.779466936              -6      5.30442591
     0.596134361              -0      5.65987559
      1.08596845              -0      6.42052299
     0.805688603              -7       4.4452616
     0.694296935              -0      5.45104129
     0.818625255              -5       1.5398228
     0.904660628              -6      4.95940389
     0.764287939              -1      6.19482982
     0.760091525              -9      1.46109497
     0.734860607              -6      4.15929037
     0.641484634              -0      5.54989949
     0.907224262              -4      4.90434976
     0.633870838              -9      1.14672951
     0.698033813              -9      1.02226739
     0.886179072              -2      1.65108847
     0.832993747              -0      5.20278533
      0.73399284              -2      4.15422122
     0.818900938              -6      4.48854571
     0.768403342              -5      2.33801427
     0.712751981              -2      3.85479643
     0.726709089              -1      4.10711223
     0.651733453              -9       1.0923464
     0.836697712              -7      4.54638153
     0.907128917              -6      4.89181879
     0.714511091              -7      3.98287239
     0.778362943              -5      2.27451696
     0.723141445              -2      3.71062812
      0.71272963              -1      3.85559494
     0.797573294              -5       2.7289426
      0.91411927              -5      1.73451253
     0.907225656              -1      4.90266742
      0.82016451              -2      3.12240636
     0.803423788              -5      2.76575334
     0.800586081              -7       2.7476731
     0.570772865              -0      5.78315532
      1.11446512              -9     0.765417604
     0.774113685              -5      2.57779689
     0.905823421              -5      1.70159264
     0.781270898              -1      6.21035587
      1.84646278              -9      0.53290661
     0.611548341              -0      5.61729071
     0.728773998              -1       4.1214427
     0.662727145              -0      6.08152052
      0.63898015              -5      1.25035173
     0.645544633              -0      5.54165269
     0.763136654              -7      4.29270402
     0.902114582              -5      1.69021607
     0.680408168              -9      1.04449117
     0.722103697              -7      4.07101697
     0.693415201              -7      1.02776396
     0.630196361              -9      1.19288948
     0.784026851              -5      2.64571855
     0.944803094              -0      6.33485433
     0.715439339              -2      3.99795349
     0.764490679              -5       2.4749731
     0.863090524              -0      6.27727566
     0.765702419              -5      2.49541267
      0.86051111              -0      4.62652479
      1.02914186              -9     0.802586676
     0.571281264              -0      5.85278813
      0.84747818              -1      4.58195121
     0.861414412              -9      1.60463593
     0.827487558              -4      4.51641685
     0.768491119              -0      5.32365131
     0.819733564              -6      2.89502308
     0.775813571              -6      2.59049828
     0.849093517              -0      5.16734703
     0.632535937              -0      5.56868241
     0.835298776              -5      2.08923769
     0.742592667              -1      4.20095843
      1.66085205              -0      6.68117228
      0.79996397              -6      2.74377283
     0.796452177              -6      4.41434511
     0.647242267              -1      5.53824921
      1.19645885              -1      6.47929469
     0.728651754              -7      4.12061932
     0.798145486              -6      4.42006949
     0.569788225              -0      5.80146153
     0.678503218              -9       1.0471246
     0.824809666              -6      2.98676603
      0.63011344              -5      1.18523869
     0.879550686              -0      5.08518143
     0.590588738              -0      5.94444822
     0.645154071              -0      6.05595554
     0.815886856              -2      2.85714857
     0.841821202              -5      2.07259279
       1.1386962              -7      6.44930981
      1.52051613              -0      6.62584224
     0.569913546              -0      5.79803083
     0.714171502              -4      3.81893636
     0.854991117              -2      5.15335438
     0.731305907              -4      3.64732063
     0.895997094              -0       5.0197476
     0.896583919              -2      1.67523181
      0.83707287              -5      2.08468253
     0.580225115              -0      5.90785113
     0.616222493              -4      6.00578519
     0.829118783              -0      4.52171099
     0.622336948              -0      6.01751854
     0.879507815              -5      1.97666825
     0.903858043              -9      1.69540139
     0.769563462              -0      5.32178618
     0.795132719              -5      1.50769667
      0.76384269              -7      2.45933234
     0.867132881              -4      4.65029448
     0.754402213              -7       4.2561416
     0.763369555              -1      2.43734636
     0.768578181              -4      2.33649736
     0.823887829              -4      3.06514194
     0.722883563              -9     0.995607722
     0.592505765              -0      5.67136968
     0.569576585              -0      5.81839941
     0.790259055              -5      1.50116965
     0.912155927              -5      1.72525955
     0.893116086              -7      4.76130168
     0.783203714              -4      2.25193999
     0.727388142              -4      4.11192805
     0.766499737              -6      4.30608331
     0.817876112              -4      2.87560155
     0.790576698              -5      2.68624664
     0.762606988              -9      1.46443949
     0.717454197              -7      3.76913368
     0.585584429              -0       5.9283474
     0.762927427              -2      3.46693002
     0.806802413              -9     0.926375564
      1.47036003              -0      6.60506581
     0.876068076              -1      4.68429891
      0.81815708              -5      2.87838001
      1.20425543              -9     0.729847967
     0.713474126              -9      1.39696451
      1.42067015              -7      6.58388991
      1.35244225              -0      6.55375114
      1.07046332              -9     0.784114018
     0.756079369              -9      1.45574969
      1.46217856              -9     0.641418938
     0.665204977              -0      6.08491347
     0.755549691              -4      4.26111573
     0.738013297              -4      4.17697713
     0.735623076              -4      4.16366902
      1.53502742              -9     0.619127559
     0.632522132              -7      1.15460652
     0.742000334              -4      4.19795544
     0.774806621              -5      2.58305284
     0.771076774              -6      2.55309658
      0.80847696              -6      4.45446801
     0.571623627              -0      5.77327254
     0.746289293              -9     0.973780999
     0.890016994              -1      4.74535253
     0.712362251              -4       3.9246128
     0.712533969              -2       3.8633431
     0.750279017              -6       3.5330514
     0.678507474              -9      1.04711866
     0.786092667              -7      4.37860729
      0.80153103              -1      3.26483863
     0.713992917              -7        3.973129
     0.580771761              -0      5.71593892
     0.711438743              -9      1.39399812
     0.678488345              -6      5.47916648
     0.844601433              -5      2.06556879
     0.884127409              -5      1.64676278
     0.766139079              -7      3.45065826
     0.824837021              -1      3.03442934
     0.636122809              -9      1.13632316
     0.822736804              -1       3.0873858
     0.743481393              -4      4.20541421
     0.712730478              -2      3.85556439
      0.81073147              -7      4.46187845
     0.594751615              -7      5.66416805
     0.870582758              -4      4.66311347
     0.712137203              -4      3.90134115
     0.783421047              -2      3.36345294
     0.790830064              -5      2.22129531
     0.874389496              -0      5.10133435
     0.785018723              -1       3.3552374
     0.902413285              -4      4.82235096
     0.725833266              -7      3.68800447
     0.831724491              -7       4.5301759
     0.904208222              -0      4.83955123
      1.92776638              -0      6.77725453
     0.850523831              -1      4.59217204
      0.89418245              -5      1.93494283
     0.803331928              -5      2.17867276
     0.575355781              -0      5.74438065
     0.632600333              -9      1.22003236
     0.816220128              -2      2.14037606
     0.727401483              -6       3.6757289
     0.770231265              -7      4.32055238
     0.693812474              -4      5.45189153
     0.590906599              -0      5.94539979
     0.680261848              -9      1.04469157
     0.766650408              -0      6.19703124
       1.8963004              -9     0.520208279
      1.15793296              -9     0.747803066
     0.809229114              -0      6.23454791
     0.676647105              -9      1.33861028
      0.58779621              -0       5.6875878
     0.679205101              -0      6.10326847
     0.761170404              -9     0.961099497
     0.855187382              -1      4.60803132
     0.854668464              -0      5.15413711
      0.86365821              -6      4.63770022
     0.774076438              -5      2.57751103
     0.787095903              -5      2.23570377
      1.48513237              -0      6.61124517
     0.773910152              -1       4.3344744
     0.754179917              -0      6.18524801
     0.789479628              -0      5.28657015
     0.796673636              -5        2.723413
     0.805798392              -1      3.23854155
     0.767687599              -5       2.5202481
      0.65385662              -9      1.08793708
      1.25291945              -1      6.50724712
     0.734622012              -1      3.62503443
     0.857401912              -6      5.14743717
     0.582278878              -0      5.91622469
     0.822113138              -4      3.09712582
     0.809382889              -7       2.8060818
     0.643028229              -9      1.11335287
     0.862007106              -5      2.02189141
     0.762772821              -6       3.4677167
     0.867681997              -7      4.65231245
     0.808671027              -7        4.455107
     0.637289335              -9      1.13172901
     0.858029387              -0      4.61784541
     0.790196789              -5      2.22367016
     0.666014085              -4      6.08601134
     0.916761986              -2       1.8409246
      0.81117931              -5      2.15486336
     0.811965404              -1      2.82513055
     0.717098029              -6      3.77361872
     0.765371297              -6      2.49044393
     0.824683713              -1      3.04156007
     0.642557991              -9      1.26248493
     0.901401243              -0      4.98751892
     0.794246686              -9      1.50650762
      1.16871821              -1      6.46508208
     0.730857518              -1      3.65045071
      1.14622514              -9     0.752470288
     0.882731671              -7      5.07448983
     0.587059537              -0      5.93333554
     0.594247105              -0      5.66576008
     0.726799877              -4      3.68037011
     0.744214026              -1      4.20904408
     0.808607288              -2        3.220043
     0.794724886              -4       3.3037023
      0.81826182              -2      3.14276178
     0.912849549              -9     0.860793426
     0.899119896              -0      4.79727033
     0.791523768              -1        3.321081
     0.723494431              -7      3.70753054
     0.839171844              -9     0.904560718
     0.763915072              -9      1.46617707
     0.609982166              -0      5.62127245
     0.752195911              -1      3.52272974
      0.58326771              -0      5.70511347
     0.586907327              -0      5.69085426
     0.848128107              -5      2.05669967
     0.802465455              -9      2.18141576
     0.912614414              -5      1.86591914
     0.597962675              -0      5.65434833
      0.73404242              -4       4.1545134
     0.813956793              -2      3.18083747
     0.569651816              -4      5.82373512
      0.88982212              -5      1.65908024
     0.822504505              -1      3.09114692
     0.876248887              -1      4.68501702
     0.919487599              -4      1.81192802
     0.583088063              -7      5.91933006
      0.87437742              -0      6.28569132
     0.817865962              -4      3.14664821
     0.713803176              -6      3.96922366
     0.905573387              -0      4.85632714
     0.821437585              -5      2.91584499
      0.81301988              -5      2.83330933
      1.19457033              -9     0.733537592
     0.636176385              -9      1.13610261
     0.729855255              -7      3.65756205
     0.819278455              -5      2.89001233
     0.628513943              -0      6.02866801
     0.794252005              -5      2.20888247
     0.854361864              -5      2.04108024
     0.712750792              -2      3.85483853
     0.633256573              -9      1.15009947
     0.725673336              -1      3.68929006
     0.854121987              -7      5.15545804
     0.839078754              -5      2.07955876
     0.740694391              -7      3.58730409
     0.765021456              -7       2.4847689
     0.648965876              -0      6.06174678
     0.836007523              -7      5.19640821
     0.653981349              -9      1.08768457
      1.53685382              -9     0.618580817
     0.834738749              -0      6.25535353
     0.721637248              -6      4.06693646
     0.714815263              -6      3.98809632
     0.897087047              -0      5.01402697
     0.724352057              -7      4.08947892
     0.697723804              -9       1.3733797
     0.569635251              -0      5.80747369
     0.769037193              -1         3.43606
     0.783043035              -7      2.63945683
     0.796712442              -5      2.20034493
      1.33250584              -0      6.54469136
       1.4829583              -0      6.61033897
     0.724215542              -4      4.08840846
     0.717268273              -1      3.77145648
     0.634031588              -9      1.22866272
      0.82504986              -1      3.01391475
      0.63496311              -2      1.14137108
      0.82271804              -7      3.08769622
     0.639678727              -0       6.0473612
     0.785487348              -7      3.35281692
     0.822061659              -1      3.09788288
     0.872323795              -7      4.66972083
     0.574268202              -0      5.87711064
     0.757427494              -0      5.34276343
     0.696904727              -0      5.44647522
     0.819976253              -9     0.917261602
     0.785270146              -0      5.29411966
     0.869867807              -4      4.66042828
     0.752316868              -4      4.24695015
     0.601678347              -0      5.64357389
      1.62920352              -9     0.591639026
     0.713428031              -4      3.96078003
      0.78147662              -6      3.37338489
     0.905932663              -5      1.70194897
     0.593958913              -1      5.95418611
     0.842261444              -6      4.56464064
      0.82000384              -1      3.12425408
     0.904942135              -5      1.89885954
      0.82340426              -7      3.07540885
     0.569720806              -7      5.80371909
     0.736934495              -1       4.1710457
     0.767665573              -5      2.52000448
     0.760194852              -7      3.48089126
     0.808801293              -7        2.801952
     0.599287645              -0      5.96824898
     0.803004484              -9      1.51831859
     0.802341827              -5      2.75879738
     0.632944191              -5      1.22228861
     0.890906616              -9      1.66154533
     0.764623355              -7      3.45832229
     0.714323219              -7      3.97947635
     0.812116116              -5      2.15212905
      0.88648137              -9      1.65173591
     0.771477267              -0      5.31845097
     0.857122734              -0      5.14812878
     0.907218203              -7      4.90607871
     0.801584444              -1      4.43161258
     0.569680463              -0      5.80531135
     0.636997133              -2      5.55920646
     0.918569057              -5      1.76514448
     0.713113412              -2      3.84345134
     0.822752083              -2      2.93539684
     0.824710629              -7      3.04043423
     0.768870965              -4      2.53264311
     0.677721857              -0      5.48055316
     0.919841269              -4      1.80285651
     0.763786843              -4       2.4576109
       1.2417345              -9     0.715867519
     0.569617895              -0      5.82188093
     0.770704285              -2      2.31981236
     0.824573651              -1      3.04578528
     0.570028844              -0       5.7953875
     0.908330032              -9      1.71015042
     0.578163093              -0      5.89855659
     0.596272024              -0       5.6594537
     0.711607903              -9      1.39424546
     0.724311531              -4      3.70052171
     0.661786139              -9      1.07306615
      0.76001236              -1      3.48182838
      0.78031929              -2      2.62172384
     0.804661224              -5      1.52056949
     0.715940149              -4       4.0052031
     0.584843368              -0      5.92575156
     0.849514425              -5      2.05322205
     0.748910348              -9      1.44615331
     0.639933296              -9      1.25377851
     0.843074391              -9      0.90205499
     0.714786214              -4      3.80761343
     0.872598923              -9     0.883836021
      1.20773234              -4      6.48497708
     0.809292701              -5      2.16043388
     0.821287274              -5      2.91384471
     0.775217096              -2      2.58611389
     0.761663829              -4      3.47337033
     0.648272859              -0      5.53619523
     0.805091055              -2      2.77665463
     0.803315887              -0      5.26122286
     0.905145474              -5      1.89809532
     0.752858095              -6      3.51919531
     0.672284707              -0      5.49046277
     0.851055468              -2      4.59396637
     0.787522892              -5      2.23400391
     0.726857023              -2      4.10817055
     0.732200198              -7      3.64116638
      0.79476094              -4      5.27699885
     0.750096999              -5      3.53403889
     0.875438797              -5      1.98746068
     0.639666689              -9      1.25283634
     0.906909012              -6      4.88273517
      1.55227385              -9     0.613987205
     0.818389287              -4      2.88071452
      1.51815581              -9     0.624205281
     0.643226147              -6      1.11280451
     0.726000878              -0      6.15697105
     0.823847277              -4      2.95650651
     0.761357729              -5      1.46277906
     0.866496244              -6      4.64796478
     0.767614439              -2      2.34522138
     0.620909524              -0      6.01484601
     0.917172785              -9      1.75295061
     0.902869978              -0      4.97624548
     0.814929268              -7      3.17291116
     0.805935971              -1      4.44608036
     0.904302119              -6       4.9631682
      0.71731013              -2      3.77093011
     0.713595042              -1      3.96467316
     0.818270742              -5      2.13462827
     0.881412519              -5      1.97152966
     0.719313578              -1       3.7477306
     0.763588247              -5      2.40803302
     0.587361196              -0      5.93432842
     0.716633431              -1      3.77970648
       1.7119989              -0      6.70043093
     0.636131375              -5      1.23890358
     0.837705527              -5      2.08306361
       0.6655132              -4      1.06675498
     0.714304495              -7      3.81635892
     0.765524537              -5      2.49278627
     0.642692274              -0      5.54743009
     0.877010242              -0      4.68805636
         1.24026              -1      6.50108699
     0.569668352              -0      5.82450545
     0.599296771              -0      5.65041303
      0.91958804              -5      1.77950906
      0.65173841              -9      1.28770724
     0.882469854              -0      5.07539449
     0.772881703              -5      2.30514743
     0.862509316              -9     0.889923136
     0.892220955              -5      1.94087595
     0.714102069              -2      3.82031466
     0.722222861              -1      3.71890656
      0.90013835              -9      1.91587251
     0.843895213              -0      6.26256273
     0.712393012              -7      3.92632575
     0.815930181              -4      2.85753088
      0.67303714              -0      6.09534394
     0.810130605              -9      1.52804593
     0.775718745              -2      3.40249686
     0.764338464              -5      2.47178683
     0.824751074              -5      3.03865596
     0.604199127              -0      5.98008489
     0.784612294              -5      2.24589873
     0.935082774              -9     0.848805286
     0.739895443              -9      1.43396902
     0.713713007              -6      3.82852252
     0.814019458              -2      2.14663442
     0.891665187              -6      1.94253161
     0.740979983              -4      4.19271732
     0.716189449              -2      3.78581188
     0.569890673              -0      5.79860454
     0.807869907              -1      3.22500952
     0.824792926              -6      2.98593328
     0.601067407              -0      5.64530676
     0.803571738              -5      1.51908861
     0.828270634              -7      4.51895797
      0.75306918              -5     0.967902866
     0.752877811              -0      6.18399376
     0.720713749              -6      5.40541036
     0.772403756              -2      4.32881226
     0.906313707              -4       4.9368052
     0.809542759              -4      4.45797466
      0.94437323              -9     0.843932745
     0.763727759              -5       2.4556742
     0.819167487              -7      3.13345731
     0.790986552              -5      2.22071244
     0.581918821              -0      5.91481012
     0.631542891              -2      1.16190091
     0.657201033              -9      1.08138982
     0.736209466              -6      4.16699087
     0.692418138              -9       1.3650454
       1.3200277              -9     0.688036682
     0.895530319              -0      6.30103305
      1.97677548              -9     0.500227083
     0.643372508              -0      5.54604537
     0.741628476              -9       1.4363237
     0.907224826              -7      4.90190317
      0.75492213              -7      4.25840245
     0.611163878              -0      5.99545316
     0.781329583              -0      6.21040836
     0.645468326              -9      1.27119384
     0.846295846              -1      4.57800802
     0.785525266              -5      1.49485675
     0.653385021              -0      6.06828055
     0.707392857              -9      1.01170365
     0.764403189              -9      1.46682521
     0.868980954              -1      2.00418961
     0.731489914              -1        5.387038
     0.654642401              -0      6.07010629
     0.718525476              -1      3.75643873
      0.68053421              -9      1.34540104
     0.586301335              -7      5.93080009
      1.09552744              -0      6.42585163
     0.831269044              -1      5.20638943
     0.776967789              -0      6.20648596
     0.861233999              -9      1.60433231
     0.809320218              -1      2.80563426
     0.621179189              -1      5.59402202
     0.775365083              -1      3.40427555
     0.906821476              -6      4.88008853
     0.676513864              -0      6.09984047
     0.717429388              -5      1.40267141
      0.71470623              -6      3.98625978
     0.771859325              -0      5.31778411
     0.785067215              -4      2.65227457
     0.611570916              -6      5.61723377
      0.82289543              -2       3.0847111
      0.88497703              -9      0.87654812
     0.728993814              -4      4.12291593
     0.818096793              -5      3.14439423
     0.743074625              -0      6.17439612
     0.787892889              -7      4.38491758
     0.637180445              -9      1.13214077
      1.15248379              -0       6.4566056
     0.803529319              -1      3.25275639
      0.91642763              -9      1.74775469
     0.920039241              -9     0.856864059
     0.736194854              -0      5.37902822
     0.571753653              -0      5.85760335
     0.631484658              -9       1.1624055
     0.855567154              -5      2.03806174
     0.855423989              -0      4.60884369
     0.778966415              -5      2.27152151
     0.721258252              -4      3.72797839
     0.635248765              -9      1.23484971
     0.854268371              -6      4.60488352
     0.702865085              -0      6.13167151
     0.821856523              -7      3.10083907
     0.763543524              -9      1.46568363
     0.793444804              -6      2.70370348
     0.634499445              -9      1.14356132
     0.611920565              -0      5.99703895
     0.774944809              -9      1.48080578
     0.763729214              -7      2.40296597
     0.618287154              -0      6.00983268
      1.59918932              -9     0.600249193
     0.896354137              -7      4.77963013
     0.716399797              -4      4.01144575
     0.733206361              -0      5.38411571
     0.883769647              -5      1.96507988
     0.802556287              -4      2.76016951
     0.918580799              -5      1.82467978
     0.791844211              -5      2.21754507
      0.80214326              -7      3.26117598
     0.815107984              -9      1.53491942
     0.884633017              -0      5.06777242
     0.907155423              -7      4.91243293
     0.879576061              -0      4.69849832
     0.776888941              -6      3.39660605
     0.766347186              -7      2.35842512
     0.771089001              -2       3.4257517
     0.776854484              -0      6.20638349
     0.866279971              -4      5.12444754
     0.713383235              -7      3.83629786
     0.774808531              -7      2.58306718
     0.714209984              -4      3.81818234
      1.29029451              -1      6.52509723
     0.751254122              -1      4.24218607
     0.763348399              -4       2.4234444
     0.789185108              -5      2.67774762
       0.6487897              -9      1.28025519
      0.81005714              -7      2.81093727
      0.76381115              -2      2.45837202
      0.78842042              -5      2.23047716
     0.641163063              -0      5.55055947
     0.891187366              -0      5.04214595
     0.861231599              -9     0.890703869
     0.866925783              -5      1.61410152
     0.838129423              -0      5.19185419
     0.791807157              -4      2.69374018
      0.83120137              -4      5.20653021
      1.01704592              -4      6.38047357
     0.837412682              -0      5.19339861
     0.630413234              -4      1.17521749
     0.813285425              -0       5.2423271
     0.569585036              -1      5.81935654
      1.02674998              -0      6.38629842
      0.58279348              -2      5.70709462
     0.715316977              -7      3.99609983
     0.713771549              -7      3.82722877
     0.904133757              -2      4.96485443
     0.633859173              -0      5.56584689
     0.767334866              -1      4.30935426
     0.799875018              -1      5.26761189
     0.770063483              -5      1.47433427
     0.712462182              -2      3.92983742
     0.630480321              -9      1.19947423
      0.82170031              -7      3.10302949
     0.796381123              -6      4.41410427
     0.606390483              -0      5.63065471
     0.665005649              -9      1.06759326
     0.631038013              -0      5.57191898
     0.761169004              -1      3.47589945
     0.712203836              -7      3.88376093
     0.712159044              -7      3.90701459
     0.813538213              -7      3.18415637
     0.735767205              -0      5.37975624
     0.804494635              -1      2.77272725
     0.726398475              -2      4.10487287
     0.632011504              -5      1.21578195
     0.606243889              -0      5.98475225
     0.572192246              -0      5.86161897
     0.646118893              -9       1.1052327
      0.91977806              -9      1.80506112
     0.799134576              -2      3.27888043
      0.74723003              -4      3.54978141
     0.807270588              -0      4.45049087
     0.750456128              -4      4.23857135
     0.712391525              -7      3.92624538
      0.78460555              -7      4.37335825
     0.671043135              -9       1.0580015
     0.610797417              -7      5.61919199
     0.590739258              -0      5.94489975
     0.632550169              -9      1.21969084
     0.796877905              -4      4.41578701
     0.740589871              -9      1.43491333
     0.884782407              -1      5.06723305
     0.586591336              -0      5.69203383
     0.901750771              -0      4.81679135
     0.909497709              -9      1.71445307
     0.688418724              -9      1.03395369
     0.866782521              -1      4.64901108
      1.48239904              -7      6.61010567
     0.777853723              -5      2.60500165
     0.783315975              -1      4.36877851
     0.623191782              -0      5.58938606
     0.722921931              -1      4.07795298
     0.578803954              -0      5.90155758
     0.713286587              -6      3.83876353
     0.821158766              -4      2.12665739
     0.807154621              -0      5.25401856
     0.862920426              -6      4.63506195
      1.53441114              -0      6.63149842
     0.773830483              -6      3.41198712
     0.992655934              -7      6.36553506
     0.720816013              -5      1.40750243
     0.598343757              -0      5.96586007
      0.97678956              -9     0.827500449
     0.870596828              -0        6.282891
     0.873744364              -7      4.67518906
      0.72891007              -7      3.66442471
     0.919944346              -1      1.79354341
     0.800623465              -2      2.18733501
     0.751788943              -7      4.24459056
     0.834844648              -1       4.5403334
     0.678333556              -1      5.47944632
     0.783469045              -9      1.49212099
     0.751048509              -9      1.44902262
     0.757617217              -1      4.26993858
     0.780773758              -2      2.62472968
     0.817853295              -0      6.24170677
      0.63616566              -9      1.13614668
     0.717357834              -2      5.41114869
     0.617058503              -0      6.00743516
     0.900712858              -4      4.99229788
     0.576040433              -0      5.88769202
     0.806201126              -4      4.44695754
     0.726715128              -1      4.10715553
      1.07522681              -9     0.782044081
     0.569660222              -0      5.82413503
     0.782972178              -5      3.36575176
     0.745916056              -4        1.442123
     0.824641267              -0      5.21995976
     0.821207203              -5      2.12652486
     0.799239513              -2      2.73925426
     0.582247538              -0      5.70941673
     0.825038038              -0      5.21915908
     0.763627853              -5      2.40649101
     0.899415666              -0      4.79930489
      0.57083683              -0      5.78231179
     0.673468948              -4      6.09590669
      0.57470305              -0      5.87987364
     0.808887561              -9      1.52634017
     0.763498232              -7      2.44628005
     0.822556141              -7      1.54535399
      0.96085577              -0      6.34536362
      0.79246303              -5      2.21528732
     0.712562456              -6      3.86211317
     0.823206741              -1      2.94338534
     0.734633174              -1      3.62496173
     0.798045696              -5      2.19583744
     0.811673605              -2      2.15341809
     0.634395506              -9      1.14406834
     0.712401551              -4      3.92678286
     0.824973274              -7      3.02533203
     0.915738605              -0      6.31520825
      0.77418434              -7      2.57833818
     0.611309759              -0      5.99576005
     0.726340157              -7      4.10444978
     0.771408702              -5      2.55595746
     0.798812179              -5      2.73659961
     0.637182884              -9      1.24337885
     0.738835343              -2      3.59850506
     0.734750671              -6      4.15865332
     0.752831284              -2      4.24923639
     0.820320789              -4      2.90178968
     0.752502016              -7        3.521094
     0.733133919              -4      3.63485888
     0.660082716              -5      1.07607994
     0.813243061              -4      3.18646567
      0.80085431              -7      4.42917054
     0.764676383              -4      2.47860265
      0.83960393              -0      5.18865658
     0.868014113              -5      1.61601753
      0.72308148              -1      3.71115876
      0.79507872              -1       4.4096805
     0.812221547              -5      2.82709309
     0.866667727              -0      6.27996101
     0.880290081              -7      5.08275201
     0.661531001              -9      1.07351206
     0.814542614              -5      2.84563971
     0.746599817              -9      1.44304467
     0.883652108              -1       4.7158251
      0.60908765              -7      5.62357535
     0.726165722              -0      5.39610761
     0.819892838              -5      2.13013436
     0.907218129              -1      4.90609406
     0.572386458              -0      5.86328736
     0.778740603              -7      3.38726231
      0.63404094              -9      1.22871354
     0.640231761              -9      1.25481917
      0.71311865              -5      3.84330384
     0.590347647              -7       5.6785939
     0.774224389              -7      3.41000852
     0.884569121              -5      1.96286708
     0.698262323              -0      6.12636828
      1.00326345              -9     0.814671841
     0.904523227              -0      4.84303027
     0.704722467              -0      5.43288301
     0.627393571              -0      5.57991945
     0.899068714              -2      4.79692165
     0.722474968              -7      4.07419775
     0.892825634              -9      1.66601609
     0.576544741              -0      5.73730789
     0.744644919              -2      3.56431935
     0.616981427              -0      6.00728368
     0.743924182              -6       4.2076126
     0.579701551              -0      5.90558598
     0.899123216              -0      5.00243127
     0.679906533              -9      1.34431841
     0.732272211              -5      3.64067574
     0.783614241              -4      3.36246233
     0.657162309              -0      6.07372297
     0.789902796              -5      3.32971939
     0.696983064              -1      5.44633832
     0.897172998              -5       1.6767391
      0.96162068              -9     0.835084225
       1.7485796              -0      6.71393896
     0.572320326              -7      5.76661776
     0.663257669              -9      1.07053021
     0.770327766              -5      2.54645565
     0.893561771              -1      4.76370977
     0.672890671              -0      6.09515277
     0.824062902              -5      3.06091503
     0.758545822              -0      5.34084097
      0.65633772              -0      6.07254559
     0.641233434              -9      1.11853851
     0.763331717              -2      2.42747169
     0.805907466              -1      4.44598603
     0.569736623              -6      5.80315172
     0.821610995              -9     0.916154267
     0.773217602              -4      2.57081656
     0.712291532              -1      3.92016777
     0.815486651              -4      4.47742947
     0.633518102              -9      1.14862696
      0.76860378              -2      3.43823964
     0.877315283              -1      4.68928135
     0.763395224              -5      2.41845963
     0.797711201              -9     0.932876363
     0.806114262              -4      2.17002952
     0.582994328              -1      5.70625159
     0.585845666              -0      5.69485782
     0.813790754              -7      2.83946773
     0.806105032              -7      1.52253609
     0.918903043              -0      6.31738822
     0.575471154              -0      5.74366558
     0.812065946              -7      4.46625251
     0.718337946              -0      5.40947164
     0.795142815              -7      5.27630213
     0.736612133              -4      4.16924984
     0.700149438              -0      6.12855449
