10 1
0.21749731
1 -1 1 1
         5.925449154 
   0.531272000759148 
0.11476099
1 -1 1 1
         4.143741032 
    1.05525533004389 
0.085948696
1 -1 1 1
         3.499923777 
    1.16148244840874 
0
1 -1 1 1
                   0 
                   0 
0.11914015
1 -1 1 1
         3.885966468 
    1.13952961787372 
0.13145114
1 -1 1 1
         2.191857299 
   0.520226849469734 
0.052195439
1 -1 1 1
         3.897889035 
    1.06608940286804 
0.11889532
1 -1 1 1
          3.94163747 
    1.12576247358394 
0
1 -1 1 1
                   0 
                   0 
0.16011095
1 -1 1 1
         1.114914833 
   0.385255926147799 
