 0.50614 0.00000e+00
 0.51841 0.00000e+00
 0.53068 0.00000e+00
 0.54295 3.18999e-03
 0.55522 0.00000e+00
 0.56750 2.99224e-03
 0.57977 0.00000e+00
 0.59204 2.81172e-03
 0.60431 8.11832e-03
 0.61658 0.00000e+00
 0.62885 2.55463e-03
 0.64113 0.00000e+00
 0.65340 0.00000e+00
 0.66567 4.60436e-03
 0.67794 2.23714e-03
 0.69021 0.00000e+00
 0.70249 4.19729e-03
 0.71476 4.11102e-03
 0.72703 0.00000e+00
 0.73930 1.92802e-03
 0.75157 1.89256e-03
 0.76385 0.00000e+00
 0.77612 1.78598e-03
 0.78839 1.74533e-03
 0.80066 1.68832e-03
 0.81293 4.96169e-03
 0.82520 0.00000e+00
 0.83748 1.56537e-03
 0.84975 1.54552e-03
 0.86202 3.00635e-03
 0.87429 2.93798e-03
 0.88656 1.45059e-03
 0.89884 1.39539e-03
 0.91111 0.00000e+00
 0.92338 0.00000e+00
 0.93565 0.00000e+00
 0.94792 3.89954e-03
 0.96020 0.00000e+00
 0.97247 2.49696e-03
 0.98474 1.23452e-03
 0.99701 1.21232e-03
 1.00928 3.54261e-03
 1.02155 1.16465e-03
 1.03383 0.00000e+00
 1.04610 1.11962e-03
 1.05837 3.31988e-03
 1.07064 3.26134e-03
 1.08291 3.22860e-03
 1.09519 4.24864e-03
 1.10746 0.00000e+00
 1.11973 2.06874e-03
 1.13200 4.07074e-03
 1.14427 2.01192e-03
 1.15655 9.92327e-04
 1.16882 1.96658e-03
 1.18109 1.94543e-03
 1.19336 9.59847e-04
 1.20563 9.51387e-04
 1.21790 3.78796e-03
 1.23018 1.86651e-03
 1.24245 1.86082e-03
 1.25472 1.83458e-03
 1.26699 0.00000e+00
 1.27926 1.81339e-03
 1.29154 2.70255e-03
 1.30381 0.00000e+00
 1.31608 8.88684e-04
 1.32835 3.53392e-03
 1.34062 8.81579e-04
 1.35290 0.00000e+00
 1.36517 1.74560e-03
 1.37744 8.69939e-04
 1.38971 8.66490e-04
 1.40198 1.72590e-03
 1.41425 1.72020e-03
 1.42653 3.43119e-03
 1.43880 3.42423e-03
 1.45107 0.00000e+00
 1.46334 2.56006e-03
 1.47561 3.41027e-03
 1.48789 1.70376e-03
 1.50016 3.40647e-03
 1.51243 8.51608e-04
 1.52470 1.70378e-03
 1.53697 2.55758e-03
 1.54925 1.70634e-03
 1.56152 1.70925e-03
 1.57379 5.13700e-03
 1.58606 8.57615e-04
 1.59833 3.43726e-03
 1.61060 1.72403e-03
 1.62288 1.72816e-03
 1.63515 4.33311e-03
 1.64742 8.68969e-04
 1.65969 2.61486e-03
 1.67196 1.74901e-03
 1.68424 2.63564e-03
 1.69651 2.64607e-03
 1.70878 1.77279e-03
 1.72105 1.78073e-03
 1.73332 5.36015e-03
 1.74560 0.00000e+00
 1.75787 9.00662e-04
 1.77014 3.63277e-03
 1.78241 5.47167e-03
 1.79468 0.00000e+00
 1.80695 1.84586e-03
 1.81923 9.29034e-04
 1.83150 3.72792e-03
 1.84377 2.81200e-03
 1.85604 0.00000e+00
 1.86831 9.46550e-04
 1.88059 1.90526e-03
 1.89286 0.00000e+00
 1.90513 9.64102e-04
 1.91740 9.73299e-04
 1.92967 2.92792e-03
 1.94195 2.94535e-03
 1.95422 0.00000e+00
 1.96649 3.97385e-03
 1.97876 1.99333e-03
 1.99103 3.01345e-03
 2.00330 1.00950e-03
 2.01558 2.02811e-03
 2.02785 2.04146e-03
 2.04012 2.05391e-03
 2.05239 5.15336e-03
 2.06466 4.14058e-03
 2.07694 2.08591e-03
 2.08921 1.04708e-03
 2.10148 2.10039e-03
 2.11375 2.11448e-03
 2.12602 2.11925e-03
 2.13830 1.06285e-03
 2.15057 2.13558e-03
 2.16284 3.21924e-03
 2.17511 2.15178e-03
 2.18738 1.07932e-03
 2.19965 2.16607e-03
 2.21193 1.08717e-03
 2.22420 2.17849e-03
 2.23647 2.18366e-03
 2.24874 3.28202e-03
 2.26101 2.19247e-03
 2.27329 0.00000e+00
 2.28556 2.20023e-03
 2.29783 2.20253e-03
 2.31010 1.10390e-03
 2.32237 7.73116e-03
 2.33465 1.10505e-03
 2.34692 5.53161e-03
 2.35919 1.10669e-03
 2.37146 4.42843e-03
 2.38373 1.10724e-03
 2.39600 2.21434e-03
 2.40828 4.42739e-03
 2.42055 4.42586e-03
 2.43282 3.31699e-03
 2.44509 5.52510e-03
 2.45736 1.10387e-03
 2.46964 6.61643e-03
 2.48191 1.10154e-03
 2.49418 0.00000e+00
 2.50645 0.00000e+00
 2.51872 1.09617e-03
 2.53100 0.00000e+00
 2.54327 3.27855e-03
 2.55554 0.00000e+00
 2.56781 1.08906e-03
 2.58008 5.42905e-03
 2.59235 4.33618e-03
 2.60463 0.00000e+00
 2.61690 1.07804e-03
 2.62917 4.30056e-03
 2.64144 1.07243e-03
 2.65371 0.00000e+00
 2.66599 2.13297e-03
 2.67826 1.06310e-03
 2.69053 2.12136e-03
 2.70280 0.00000e+00
 2.71507 1.05570e-03
 2.72735 1.05078e-03
 2.73962 4.19692e-03
 2.75189 3.13806e-03
 2.76416 2.08550e-03
 2.77643 1.03898e-03
 2.78870 2.07420e-03
 2.80098 0.00000e+00
 2.81325 1.03166e-03
 2.82552 5.13458e-03
 2.83779 1.02510e-03
 2.85006 1.02230e-03
 2.86234 2.03397e-03
 2.87461 3.04427e-03
 2.88688 2.02182e-03
 2.89915 1.00781e-03
 2.91142 3.01688e-03
 2.92370 1.00201e-03
 2.93597 9.99330e-04
 2.94824 1.99287e-03
 2.96051 2.98326e-03
 2.97278 9.89900e-04
 2.98505 1.97652e-03
 2.99733 2.95620e-03
 3.00960 0.00000e+00
 3.02187 9.79439e-04
 3.03414 4.88883e-03
 3.04641 4.87246e-03
 3.05869 0.00000e+00
 3.07096 1.93975e-03
 3.08323 0.00000e+00
 3.09550 1.92981e-03
 3.10777 2.88738e-03
 3.12005 1.92022e-03
 3.13232 1.91878e-03
 3.14459 0.00000e+00
 3.15686 4.77068e-03
 3.16913 1.90539e-03
 3.18140 9.50407e-04
 3.19368 1.89540e-03
 3.20595 9.46689e-04
 3.21822 3.77681e-03
 3.23049 4.71259e-03
 3.24276 0.00000e+00
 3.25504 2.81768e-03
 3.26731 1.87420e-03
 3.27958 0.00000e+00
 3.29185 9.34876e-04
 3.30412 9.32205e-04
 3.31640 5.58970e-03
 3.32867 9.29802e-04
 3.34094 2.78659e-03
 3.35321 1.85486e-03
 3.36548 0.00000e+00
 3.37775 9.24896e-04
 3.39003 1.84793e-03
 3.40230 0.00000e+00
 3.41457 3.68809e-03
 3.42684 9.20744e-04
 3.43911 0.00000e+00
 3.45139 2.75750e-03
 3.46366 9.18680e-04
 3.47593 9.17394e-04
 3.48820 9.17194e-04
 3.50047 0.00000e+00
 3.51275 0.00000e+00
 3.52502 9.15148e-04
 3.53729 3.65909e-03
 3.54956 0.00000e+00
 3.56183 1.82761e-03
 3.57410 2.74043e-03
 3.58638 9.13123e-04
 3.59865 2.73883e-03
 3.61092 0.00000e+00
 3.62319 2.73758e-03
 3.63546 9.12414e-04
 3.64774 9.12368e-04
 3.66001 1.82471e-03
 3.67228 2.73711e-03
 3.68455 2.73732e-03
 3.69682 1.82510e-03
 3.70910 1.82541e-03
 3.72137 4.56446e-03
 3.73364 2.73929e-03
 3.74591 1.82679e-03
 3.75818 1.82767e-03
 3.77045 4.56982e-03
 3.78273 2.74309e-03
 3.79500 9.14930e-04
 3.80727 3.66130e-03
 3.81954 2.74735e-03
 3.83181 2.74900e-03
 3.84409 9.16796e-04
 3.85636 3.66979e-03
 3.86863 9.18278e-04
 3.88090 0.00000e+00
 3.89317 1.83888e-03
 3.90545 0.00000e+00
 3.91772 9.20888e-04
 3.92999 2.76457e-03
 3.94226 1.84468e-03
 3.95453 9.22857e-04
 3.96680 2.77099e-03
 3.97908 1.84869e-03
 3.99135 1.85030e-03
 4.00362 9.26122e-04
 4.01589 2.78057e-03
 4.02816 4.63815e-03
 4.04044 3.71444e-03
 4.05271 0.00000e+00
 4.06498 2.79052e-03
 4.07725 0.00000e+00
 4.08952 4.65778e-03
 4.10180 9.32653e-04
 4.11407 4.66636e-03
 4.12634 9.33880e-04
 4.13861 3.73995e-03
 4.15088 2.80753e-03
 4.16315 3.74613e-03
 4.17543 9.37074e-04
 4.18770 9.37484e-04
 4.19997 9.38265e-04
 4.21224 9.39102e-04
 4.22451 1.87931e-03
 4.23679 0.00000e+00
 4.24906 2.82166e-03
 4.26133 1.88221e-03
 4.27360 9.41638e-04
 4.28587 3.76758e-03
 4.29815 5.65328e-03
 4.31042 1.88498e-03
 4.32269 9.42616e-04
 4.33496 1.88562e-03
 4.34723 9.42902e-04
 4.35950 1.88584e-03
 4.37178 1.88571e-03
 4.38405 1.88555e-03
 4.39632 2.82762e-03
 4.40859 1.88453e-03
 4.42086 0.00000e+00
 4.43314 1.88292e-03
 4.44541 9.40975e-04
 4.45768 0.00000e+00
 4.46995 9.39655e-04
 4.48222 1.87778e-03
 4.49450 1.87652e-03
 4.50677 9.37543e-04
 4.51904 1.87244e-03
 4.53131 9.35407e-04
 4.54358 9.34255e-04
 4.55585 1.86612e-03
 4.56813 9.31635e-04
 4.58040 1.86058e-03
 4.59267 9.28331e-04
 4.60494 9.26734e-04
 4.61721 4.62504e-03
 4.62949 3.69316e-03
 4.64176 1.84296e-03
 4.65403 5.51369e-03
 4.66630 0.00000e+00
 4.67857 2.74514e-03
 4.69085 2.73729e-03
 4.70312 0.00000e+00
 4.71539 1.81646e-03
 4.72766 1.81279e-03
 4.73993 2.71050e-03
 4.75220 0.00000e+00
 4.76448 8.96248e-04
 4.77675 3.57947e-03
 4.78902 1.78397e-03
 4.80129 2.66799e-03
 4.81356 3.54279e-03
 4.82584 2.64754e-03
 4.83811 8.81210e-04
 4.85038 0.00000e+00
 4.86265 1.74874e-03
 4.87492 1.74008e-03
 4.88720 3.47057e-03
 4.89947 3.45866e-03
 4.91174 3.44020e-03
 4.92401 1.71375e-03
 4.93628 0.00000e+00
 4.94855 8.51603e-04
 4.96083 4.23482e-03
 4.97310 2.53303e-03
 4.98537 2.52157e-03
 4.99764 8.36147e-04
 5.00991 8.33930e-04
 5.02219 8.29467e-04
 5.03446 1.65329e-03
 5.04673 0.00000e+00
 5.05900 3.28122e-03
 5.07127 4.08672e-03
 5.08355 0.00000e+00
 5.09582 0.00000e+00
 5.10809 2.41919e-03
 5.12036 4.02616e-03
 5.13263 2.40570e-03
 5.14490 7.97321e-04
 5.15718 3.98143e-03
 5.16945 1.58421e-03
 5.18172 2.36928e-03
 5.19399 1.57515e-03
 5.20626 1.56901e-03
 5.21854 1.56353e-03
 5.23081 2.33842e-03
 5.24308 3.88398e-03
 5.25535 7.73606e-04
 5.26762 3.09010e-03
 5.27990 3.85159e-03
 5.29217 1.53581e-03
 5.30444 7.65991e-04
 5.31671 2.29133e-03
 5.32898 0.00000e+00
 5.34125 1.52110e-03
 5.35353 1.51667e-03
 5.36580 4.54555e-03
 5.37807 1.51210e-03
 5.39034 7.55451e-04
 5.40261 1.50679e-03
 5.41489 7.52265e-04
 5.42716 2.25519e-03
 5.43943 0.00000e+00
 5.45170 3.75167e-03
 5.46397 1.49968e-03
 5.47625 3.74767e-03
 5.48852 3.74668e-03
 5.50079 1.49845e-03
 5.51306 1.49857e-03
 5.52533 2.24844e-03
 5.53760 3.74896e-03
 5.54988 7.50480e-04
 5.56215 0.00000e+00
 5.57442 2.25557e-03
 5.58669 7.53064e-04
 5.59896 1.50813e-03
 5.61124 3.02033e-03
 5.62351 2.27045e-03
 5.63578 1.51633e-03
 5.64805 2.28041e-03
 5.66032 7.62793e-04
 5.67260 7.63665e-04
 5.68487 7.66434e-04
 5.69714 0.00000e+00
 5.70941 0.00000e+00
 5.72168 1.54844e-03
 5.73395 2.33424e-03
 5.74623 3.90778e-03
 5.75850 1.57048e-03
 5.77077 2.36685e-03
 5.78304 1.58472e-03
 5.79531 2.38994e-03
 5.80759 2.40313e-03
 5.81986 8.03784e-04
 5.83213 4.05254e-03
 5.84440 1.63075e-03
 5.85667 3.27692e-03
 5.86895 3.30762e-03
 5.88122 1.66556e-03
 5.89349 0.00000e+00
 5.90576 3.37936e-03
 5.91803 2.55833e-03
 5.93030 1.72037e-03
 5.94258 3.46312e-03
 5.95485 2.61804e-03
 5.96712 2.64001e-03
 5.97939 8.86317e-04
 5.99166 3.59538e-03
 6.00394 9.08130e-04
 6.01621 1.83888e-03
 6.02848 9.23032e-04
 6.04075 9.40587e-04
 6.05302 9.48601e-04
 6.06530 0.00000e+00
 6.07757 1.93323e-03
 6.08984 1.95261e-03
 6.10211 2.97058e-03
 6.11438 1.00428e-03
 6.12665 1.02236e-03
 6.13893 2.06940e-03
 6.15120 2.09100e-03
 6.16347 0.00000e+00
 6.17574 4.28456e-03
 6.18801 2.17444e-03
 6.20029 5.51405e-03
 6.21256 0.00000e+00
 6.22483 1.12878e-03
 6.23710 3.44698e-03
 6.24937 3.52023e-03
 6.26165 2.38526e-03
 6.27392 2.42276e-03
 6.28619 2.43977e-03
 6.29846 1.25877e-03
 6.31073 1.26973e-03
 6.32300 2.59079e-03
 6.33528 0.00000e+00
 6.34755 2.68759e-03
 6.35982 1.35291e-03
 6.37209 0.00000e+00
 6.38436 2.85099e-03
 6.39664 0.00000e+00
 6.40891 2.93082e-03
 6.42118 1.50557e-03
 6.43345 3.08704e-03
 6.44572 0.00000e+00
 6.45800 1.60787e-03
 6.47027 1.64308e-03
 6.48254 0.00000e+00
 6.49481 1.70547e-03
 6.50708 5.16189e-03
 6.51935 5.29851e-03
 6.53163 3.63326e-03
 6.54390 1.84138e-03
 6.55617 1.90853e-03
 6.56844 1.91778e-03
 6.58071 0.00000e+00
 6.59299 0.00000e+00
 6.60526 0.00000e+00
 6.61753 0.00000e+00
 6.62980 2.19659e-03
 6.64207 4.46445e-03
 6.65435 2.29641e-03
 6.66662 2.34597e-03
 6.67889 2.38258e-03
 6.69116 7.44820e-03
 6.70343 2.53648e-03
 6.71570 2.61349e-03
 6.72798 0.00000e+00
 6.74025 0.00000e+00
 6.75252 5.60065e-03
 6.76479 0.00000e+00
 6.77706 0.00000e+00
