# npar = 1, n_ded = 0
#         weight            chi2        param[0]
#                                     alpha_topo
      1.69673385              -0      5.90713945
       1.8415989              -7      1.93342085
      1.83756434              -6      3.05165309
      2.02814557              -9      1.01167508
      1.70377817              -7      1.48491424
      1.85562026              -9      1.96334798
      1.93431351              -0      6.17634514
      1.75175256              -9        1.733287
      1.85788981              -7      2.96047357
      1.81118161              -0      6.05572688
      1.73539697              -0      5.96350888
      1.68054991              -0        5.880678
      1.78366694              -1      3.95428665
      1.67385219              -4      5.03590803
      1.95659372              -5      2.26470522
      1.95313456              -1      2.53981092
      1.70449686              -9      1.53901121
      1.77240994              -6      3.62586033
       1.6062819              -4      5.26455626
      1.73059421              -7      4.85705282
      1.78006522              -2      3.89794147
      1.74989566              -9      1.72840388
      1.77228695              -5       3.6397164
      1.84009259              -4      3.03978223
       1.7589209              -9      1.29228318
      1.66331177              -0      5.06828726
      2.51027941              -1      6.56027413
      1.62275813              -4      5.20110402
      1.77343202              -6      3.57435133
      1.71535752              -0      4.90731379
      1.78452143              -1      4.62616521
      1.73881576              -1      4.82851595
      1.76910627              -5      1.77622338
      1.78031916              -0      6.02043303
      1.79313437              -0      4.56570281
      1.79480979              -1      4.55145118
      1.65373028              -0      5.83146505
      1.80147212              -7      4.22067737
      1.66476853              -0      5.06379074
      1.58554719              -0      5.62635112
      1.92336152              -9      2.12937974
      1.81686398              -1      3.15749677
      1.84039256              -2      1.17739246
      1.94602476              -5      2.58228823
      1.64733686              -4      5.11840338
      1.80310945              -0      4.44710798
       1.7416372              -0       4.8184235
      1.84208213              -5      3.03056365
      1.78246076              -4      3.41587792
      1.63020223              -0       5.1749923
      1.58921189              -0      5.64608221
      1.94589709              -1      1.07538044
      1.96367466              -1       2.4463098
       1.7206442              -5      1.38415231
      1.58275952              -0      5.60871037
      1.90808523              -0       6.1527717
      1.96331668              -2      2.32173286
      1.81308302              -7      3.17907511
      1.94318117              -1      2.19799641
      1.89107778              -5      2.82391103
      1.60276128              -7      5.27963097
      1.77907988              -4      4.65760138
      1.79340791              -4      3.31177151
      1.77229795              -6       3.6824209
       1.7757458              -2      3.81497727
       1.7929517              -1       4.0849413
      1.59794171              -0      5.68410277
      1.89425458              -6      2.05113055
      1.78385713              -0      6.02461739
      1.80465406              -4      3.23089949
       1.8987661              -9      1.11721524
      1.80362154              -4      4.43553854
      1.72381504              -7      4.87977166
      1.90003793              -7       2.7877848
      1.79194192              -1      4.57520909
       1.6031212              -0      5.27805637
       1.7403567              -9       1.3301538
      2.10275497              -0      6.30978753
      1.75849494              -9       1.2930691
      1.79772816              -7      4.15525677
      1.63183398              -0      5.78402453
      1.94164992              -0      6.18277415
      1.60249883              -1      5.28078428
       1.6176717              -0      5.74781543
      1.64880312              -2      5.11372354
      1.78489213              -2      3.97221064
      1.73280845              -9      1.67931691
      1.64701088              -1      5.11944656
      2.31206882              -9     0.840797475
      1.74175317              -9      1.32699542
      1.80744219              -6      3.21310902
      1.79009405              -2      4.04518581
      1.58350747              -0      5.38429198
       1.7422479              -0      4.81621629
      1.70436313              -9      1.47485677
      1.78908996              -7      4.03129308
      1.79749255              -5      1.83998719
      1.61670269              -0      5.22334212
      1.57568003              -0      5.47530912
       2.0569165              -0      6.27601916
      1.96513397              -1      2.35177986
      1.71264848              -0      4.91598213
      1.85888637              -2      2.95620953
      1.82237641              -5      3.12749764
      2.66164659              -1      6.63860458
      1.64467921              -7      5.81284647
      1.77223005              -5      3.66822115
       1.5783554              -0      5.43073825
      2.38768333              -9     0.802843985
      1.95300953              -4      2.54062966
      1.79279893              -9      1.23772758
      1.79312811              -1      3.31402888
      1.80901673              -5      1.86467256
      1.62993868              -4       5.1758974
      1.96505074              -2      2.42142398
       1.8160607              -2      3.16200753
      1.79473692              -4      4.11035915
      1.96573646              -4       2.3968546
      1.77707773              -1      3.84359231
      1.58083436              -0      5.40581023
      1.77527908              -7       3.5248762
      2.06309115              -7      6.28066307
      1.92948759              -7      2.14856961
      1.79658422              -1      4.13762325
      1.92788118              -2      2.67096587
      1.79136678              -5      4.06281417
      1.60725546              -0      5.26050695
      1.78277728              -6      3.41222161
      1.89738378              -9      2.05883455
      1.63157119              -0      5.17031129
      1.58661039              -0       5.3630293
      1.82525384              -6      3.11243277
      1.80524872              -9      3.22704471
      2.07463123              -9     0.979437001
       1.7889289              -2      4.02906205
      1.80473029              -6      4.39983476
      1.81575422              -2      3.16373866
      1.77565969              -6      3.81297901
      1.90994536              -1      2.74740836
       1.6947918              -0      4.97181521
      1.89743969              -1      2.05897337
      1.66183403              -1       5.0728579
      1.58428922              -0      5.61874528
      1.73579334              -9       1.6885684
       1.6904929              -1      4.98502817
      1.58140102              -0      5.59886452
      1.73098769              -9      1.67348517
      1.58677819              -1      5.36195967
      1.81522022              -1      3.16676853
      1.86327786              -2       2.9375914
      1.61105141              -0      5.24514537
      1.90463295              -5      2.76914703
      1.77498887              -0      4.67907653
      1.85883168              -6      1.97029196
       1.9380537              -2      2.17814695
      1.75095065              -0      4.78375804
      2.03572482              -0      6.25983898
      1.59022577              -0      5.34133165
      1.79507904              -2      4.11531964
      1.76561836              -2      4.72337894
      1.96602916              -9      1.05884141
      1.59736362              -0      5.30434002
      1.72251707              -0      4.88405128
      2.70191603              -9     0.664296779
      1.84317318              -7      3.02555173
       1.6577655              -0      5.83939282
       2.6691483              -9      0.67761104
      1.71685336              -5      1.39790163
      2.23591672              -9     0.881568091
      1.80445562              -4      4.41109362
      1.96142739              -7      2.47360252
      1.96383707              -2      2.32862916
      1.91113177              -1      2.74251593
      1.87172918              -7      2.90242784
      1.93594642              -7      2.63375309
      1.70511589              -9      1.46552154
      1.80453046              -1      4.30243019
      1.74326817              -0      5.97405188
      1.95206484              -2      2.54671351
      1.61707951              -4      5.74616962
      1.78477973              -0      4.62457199
      1.70331344              -4      4.94540659
      1.96483043              -5      2.34510295
      2.42088989              -9      0.78685826
      1.96378716              -4      2.44464694
       2.1971208              -9     0.903506355
      1.91221817              -4      2.73802155
      1.77281224              -6      3.59990876
      1.81087859              -5      1.21315665
      1.82619032              -4      6.07199563
      1.70330124              -2       1.5036626
      1.57859169              -1      5.42802919
      1.77294067              -7      3.59376992
      1.88873588              -1      2.83334267
      1.60508162              -2      5.26961667
      1.71702492              -0      5.93776142
      1.66598812              -0      5.06003277
      1.96454201              -7      2.43210018
      1.78181291              -6      4.64228511
       1.5760806              -0      5.53887669
      1.86053446              -6      2.94919044
      2.08952356              -9      0.96956469
      1.78775962              -4      4.01281675
      1.89671054              -9       1.1191563
      1.72311483              -4      4.88208294
      1.84555284              -2      1.17157816
      1.66390042              -0      5.85105645
      1.77242496              -7      3.62454111
      1.57595924              -0      5.53622511
      1.77259949              -5      1.78440809
       1.5823327              -0       5.6057245
      1.85034932              -0      6.09712528
      1.94703493              -7      2.57666506
      1.72030958              -9      1.63530438
      1.81801716              -4      3.15108638
      1.77319044              -7      3.73965687
      1.73841227              -9      1.69640756
      1.80440751              -2       4.2973602
      1.76201708              -6      4.73903696
      1.78639627              -6      4.61435247
      1.58733162              -4      5.35848024
      2.00050243              -4      6.23205546
      1.91327954              -7      2.73361651
      1.80363306              -0      4.43525658
      1.87981685              -9      1.13554439
      1.80567843              -7      3.22428015
      1.58475683              -0      5.37535686
      2.77945287              -0       6.6959613
      1.80512363              -0      4.37250068
      1.80194342              -1      4.23039087
       1.7136138              -9      1.41135304
      1.67268267              -4      5.86702171
      1.57550898              -4      5.52358843
      1.57888939              -0      5.57708548
      1.72239304              -6      4.88445913
      1.89495264              -5      2.05283831
      1.77542233              -1      3.80735411
      1.96230236              -5      2.46400283
      1.60537702              -0      5.26836404
      1.89968471              -0      6.14501407
      1.96416708              -5      2.43867843
      1.79850627              -1      4.16770437
      1.76290165              -0      4.73524936
      1.82628642              -2      3.10711578
      1.80111743              -7      4.21368303
      1.71624065              -7      1.40030521
       1.7697848              -5      1.77782297
      1.57557034              -4      5.47878878
      1.78719865              -1      4.00497775
      1.77277132              -2      1.78480758
      1.80466739              -7      4.30863714
      1.98508163              -0      6.21951053
       1.7878596              -7      4.60469587
      1.80477253              -1      4.31395444
      1.77288001              -7      3.72548911
      1.94660824              -7      2.57905366
      1.73914144              -0      4.82735949
      2.69529393              -0      6.65527863
      1.96470263              -1      2.34261178
      1.78833286              -2      4.02079385
      1.70784583              -9      1.57123431
      1.81151172              -9      1.21233783
       1.7838418              -0      4.63030835
      1.57601364              -0      5.46671845
      1.77677258              -5      3.83736528
      2.12708768              -9     0.945519091
      1.61447741              -4      5.23179169
      2.21949627              -0      6.38944123
       1.9606545              -4      2.48137148
      1.67443901              -0      5.87012045
      1.77526615              -7      4.67766912
      1.89643548              -0      6.14198489
      2.27311711              -0       6.4235145
      2.36052048              -7      6.47630393
      1.96536546              -5      2.41292878
      1.78299735              -4      3.94428007
      1.77240086              -1      3.62668408
      1.68234244              -4      5.00996655
       1.7820069              -4      3.92914152
      1.91994116              -2      2.11920848
      1.57545232              -0      5.48320972
      1.65440497              -0      5.83280558
      1.77796552              -6      3.86085165
      1.96354831              -5      2.32470145
      1.71929767              -4      4.89458006
      1.58737795              -0      5.63659967
      1.77770774              -2      3.85595927
      1.62601288              -7      5.76980617
      2.82463355              -0      6.71724465
      1.76118098              -9      1.28816579
      1.61879348              -4      5.21554659
      1.89011091              -5      2.82780443
      1.57530186              -0      5.51364898
       1.9113886              -5       2.7414547
       1.6126731              -0       5.2387691
      1.79660745              -5      3.28695094
      1.79313831              -4      3.31394632
      1.77799244              -7      3.86135747
      2.00510308              -0      6.23575153
      1.80098542              -7       4.4834901
      1.70519276              -9        1.547686
      1.75347752              -7      1.73776378
      1.64437253              -2      5.12792889
      1.80022534              -2      4.19704063
      1.96531931              -2      2.35663692
      1.70787705              -9      1.44234201
      1.90698858              -5       2.7595382
      1.86544631              -9      1.15015691
      1.96280105              -1       2.3155944
      1.63392572              -0      5.16233635
      1.96447541              -9      2.43333057
       1.6374504              -4      5.15056238
      1.81640226              -4      3.16008485
      1.84505221              -1      1.94074422
      1.80461568              -1      3.23114944
      2.80185392              -9     0.624960752
      1.92706243              -4      1.09152849
      1.77135403              -9      1.78150405
      1.93862407              -9      1.08153411
      1.95080484              -9      2.23220803
      1.66592904              -0      5.85481724
      1.71765562              -9      1.62428757
      1.78504587              -5      3.38751425
      1.74439711              -9      1.71350824
      1.58326811              -0      5.61215563
      1.61238255              -0         5.73265
      1.75952524              -0        5.995017
      2.85540504              -9     0.604597683
      1.95026152              -4      2.22951617
       1.7099411              -0      4.92458205
      2.00289417              -0      6.23397955
      1.75818189              -0      5.99332327
      2.12391251              -0      6.32485632
      1.93918537              -9      1.08105562
       1.7959429              -7      4.54109857
      1.86798391              -1      1.99033908
        1.697841              -4      4.96240407
      1.84654649              -9       1.9439212
      1.73478353              -4      1.68547868
      1.59519073              -0      5.31497847
      1.71079101              -9      1.42501571
      1.85757182              -1      1.96756286
      2.05648684              -5     0.991751577
      1.57556804              -0      5.47886703
      1.69507205              -4      4.97095173
      1.79308648              -1      4.08683806
      1.77761065              -5      1.26051038
      1.58194065              -0      5.60289847
      1.95903026              -5      2.28152782
      1.77399041              -1      3.76836009
      1.68972632              -1      4.98737882
      1.80079332              -0      4.48622576
      1.70905862              -9      1.57966166
      1.79291595              -6      4.08443865
      1.96568146              -9      2.37024768
      1.94812537              -1       1.0735148
      1.93434231              -5       1.0852043
       1.7423093              -9      1.70765908
       1.7098839              -9      1.42996143
      1.71805307              -1      4.89861953
      1.78255041              -4       1.8071222
      1.70367618              -9      1.52434205
      2.25215741              -9     0.872631778
      1.77988885              -1      4.65315709
      1.77221978              -7      3.66072107
      1.93534787              -7      2.16838801
      1.79261208              -4       3.3182323
      1.96338595              -2      2.32260524
      1.83688448              -9       1.9234571
      1.78941816              -6      4.03583607
      1.77345614              -7      3.57351384
       3.0239648              -9     0.543287686
      1.65307364              -0      5.83015444
      2.60542033              -9     0.704161392
      1.75206858              -0      4.77943571
      1.71746216              -1      5.93839439
      2.27729468              -9     0.859066406
       1.7730641              -6      3.58837798
      1.80427764              -4       4.2923954
      1.79717436              -4      4.52904003
      2.89774422              -5     0.588818024
      2.52044419              -9     0.741065731
      1.66156551              -4      5.07368951
       1.8828343              -9      2.02396406
      2.40525582              -4      6.50217013
      1.67328224              -0      5.03765178
      1.96276959              -5      2.45841922
      1.86810718              -2       2.9174033
      1.96361816              -4      2.44712938
      1.76857117              -1      4.71002952
       1.7036238              -5      1.52299992
      1.77233997              -4      3.68779172
       1.7797701              -6       3.4496557
       1.7385809              -9      1.33426258
      1.88609402              -5      2.03158181
      1.92711343              -0      6.16996751
      1.62546444              -4      5.19147227
      1.70310739              -0      5.91703602
      1.92319065              -9      1.09493666
      1.85066515              -5      2.99188426
      1.79154074              -6      4.06523029
       1.7887858              -7       4.0270789
      1.63623193              -0       5.1546116
      1.77524431              -1      4.67778023
      2.42943058              -0      6.51585626
      1.65529545              -0      5.83456548
      1.74796235              -5      1.72324446
      1.79765805              -4      4.15415494
      1.79143483              -0      4.57911277
       1.7858742              -6      3.37905833
      1.90071605              -7      2.78504141
      1.76663606              -9      1.27856739
      1.79832081              -6      4.51687987
      1.72811073              -7      5.95349811
      1.81765325              -5      3.15310116
      1.72781394              -0      5.95308496
       2.0623198              -0      6.28008463
      1.80310998              -0      4.25733411
      1.82358784              -6      3.12110925
      1.63451522              -0      5.79030958
      1.84247744              -7      3.02874425
      1.77493282              -2      3.53261931
      1.71286641              -9      1.41475845
      1.95371026              -7      2.24752162
       1.7993933              -2      4.18247237
      1.79331205              -4      4.09001946
      2.12968232              -9     0.943900352
      1.77250106              -1      3.70256872
      1.63643587              -0      5.79471856
       1.6637435              -7      5.85076362
      1.64669201              -0      5.12046799
      1.75297247              -0       4.7759123
      1.71528467              -5      1.61364207
      2.24389227              -0      6.40511722
      1.91815394              -7      2.71317588
      1.80821422              -9      1.21663096
      1.83358573              -2      3.07071963
      1.95877125              -0      6.19751744
      1.79494781              -2      4.11341283
      1.96564532              -2      2.36837758
       1.7459353              -9      1.31788434
      1.88974451              -1         2.82928
      1.63981419              -7      5.80229723
      1.79458947              -9      1.23518237
      1.96519436              -7       2.4178135
      1.96339427              -7      2.32271092
      1.70593047              -9      1.45746245
      1.73894547              -0      4.82805563
      1.78153183              -2        3.921714
      2.50187705              -2     0.749382432
      1.77392309              -7       3.7662201
      1.78236466              -7      3.93466064
      1.80489236              -7      4.39139815
       2.7690296              -0      6.69099787
        1.712283              -6      5.93082823
       1.7748808              -7      3.53382581
      1.93614009              -7      2.17120078
      1.79282295              -2      1.82984285
      1.70464442              -9      1.54102244
      1.77284874              -1      3.59810051
      1.77222728              -4      3.66705369
      2.37261634              -9     0.810227939
      1.84130091              -7      3.03417105
      1.80515571              -6      4.34601888
      1.93529317              -6      2.16819507
      1.58034396              -1      5.59039385
      1.77203754              -5      1.78309967
      2.16620349              -1      6.35409669
      2.77141515              -0      6.69213565
      1.79083616              -9      1.24054904
       2.8991662              -0      6.75158122
      1.77155609              -1      4.69599571
      1.87785484              -2      2.01250749
      1.89945005              -9      2.06399334
      1.80501383              -7      4.32953787
      2.79472724              -0      6.70319816
      1.80269775              -0       6.0462848
       1.7041172              -2      1.47861648
      1.66466195              -0       5.8524736
      1.80517474              -2      4.36248472
      1.71233511              -4      4.91698063
      1.77277055              -4      3.71974455
      1.79848887              -2      4.16742137
      1.91927938              -4      2.11727972
      1.57523966              -0      5.49698063
      1.79469363              -1      4.10973395
      1.83855454              -2      1.92698291
      1.93622712              -0      6.17802872
      1.79896566              -4      3.26968394
      1.57675628              -0      5.45254923
      1.94433136              -6      2.59148305
      1.93604426              -5      2.63328451
      1.85128553              -2      2.98914973
       1.5931801              -0      5.66457378
      1.94585404              -2      2.58322795
      2.44391417              -5     0.775994749
      1.78994855              -1      4.04317326
      1.72023632              -9        1.635011
      2.29914403              -0      6.43956954
      1.57656047              -6      5.45587903
       1.7727914              -5      3.72087877
      1.76581894              -5      1.76840188
      1.76248751              -0      4.73702718
      1.79460177              -7      1.83371886
      1.80401825              -7      4.28337274
      1.96128054              -5        2.475124
      1.79042937              -7      3.33663542
      1.79336645              -7      3.31210506
      1.92820656              -5      1.09052738
      1.77237773              -0      4.69202688
      1.86075023              -6      1.97446089
      1.92875556              -6      2.66704833
      1.77386963              -4      3.56028171
      1.96291299              -2      2.31687823
      1.73755211              -9      1.69385933
       1.6488042              -0       5.1137201
      2.01636995              -9      1.02022284
      1.57522362              -7      5.50438996
      1.91203373              -6      2.09688642
      1.72560611              -9       1.6552325
        1.805104              -2      4.33828061
      1.89511894              -1      2.80763612
      2.35481236              -2     0.819063891
      1.69644359              -0      5.90668218
      1.74997211              -9      1.72860627
      1.69897589              -1       4.9588913
      1.77253167              -7      3.70483958
      1.74768535              -6       1.7224986
      1.72337722              -1      5.94685646
       1.7985998              -4      4.16923017
      1.81021101              -1      3.19610206
      2.47446586              -0      6.54084462
      2.85161559              -9     0.606023444
      1.82827854              -5      3.09698248
      1.77343891              -7      3.74948172
      1.59441499              -0      5.31889335
      2.71664709              -0      6.66573539
      1.80145664              -4      3.25224553
      1.60668677              -1      5.26286644
      1.79753793              -7      4.15227413
      1.94027855              -5      2.18651972
      1.77346519              -7      3.57320199
      1.95970039              -2      2.28668148
      1.79575937              -9      1.83623335
      1.77934871              -7      4.65613239
      1.96086297              -7      6.19929455
      1.60886467              -0      5.72191528
      1.71178778              -9      1.59598468
      1.60350483              -6      5.27638688
      1.78137468              -7      3.42888654
      1.94752976              -2       2.2166458
      1.88594277              -9      1.12950889
      1.64155806              -1      5.13706056
      1.62627707              -0      5.77046983
      1.81371037              -1      1.87462394
       1.7099586              -9      1.42954133
      1.58371775              -4      5.61510809
      1.75932329              -9      1.75255477
      1.62227933              -0       5.7602223
      1.77381752              -1      3.76278333
      1.77298315              -0      4.68907106
       1.8695593              -7      2.91138386
      1.70504841              -9      1.46626564
      1.79303686              -5      3.31476835
      1.85624575              -9      1.15987851
      1.73927009              -9      1.69892444
      1.80468829              -1      4.40175136
      1.80338221              -4      4.26448889
       1.9356356              -2      2.63523847
      2.43347284              -0      6.51812566
       1.8394299              -7      3.04287641
      1.77481964              -6      3.53525974
      1.64869993              -0      5.11405224
       1.8063367              -6      3.22007829
      1.96232075              -0      6.20053006
      1.63667456              -0      5.15313815
      1.63725612              -0      5.15120657
       1.8929079              -1      2.04785285
      1.79554057              -0      4.12206951
      1.89968198              -5      2.06457616
        1.965505              -7      2.40821476
      1.84509396              -1      1.94083292
        1.705116              -9      1.54681581
      1.78833118              -6      3.35541148
      1.78027016              -4      4.65103709
      2.33885747              -0      6.46351065
      1.69659431              -4      4.96625639
      1.77533968              -4      3.80535271
      1.94926404              -4       2.5638347
      1.69641521              -0      4.96680929
      1.78298616              -4      3.40983952
      1.72350038              -9       1.6475867
      2.15886062              -0      6.34909959
      1.95344599              -9      2.24605668
      1.80450149              -0      4.40939132
      1.85828249              -1      2.95879154
      1.61103068              -4      5.24522758
      2.67221998              -1      6.64387078
      1.96192234              -4      2.46829392
      1.72765115              -9       1.6623669
      1.80916351              -5      3.20246394
      1.87825048              -5      2.87574818
      1.69042843              -0       4.9852259
      1.70880765              -9      1.43631173
      1.57527913              -1      5.49280925
      1.83837781              -1      6.08482701
      1.78229448              -1      3.93358268
      1.69571368              -0      5.90552966
      1.77231208              -4      3.68435872
      1.87903193              -5      1.13632575
      1.72736462              -0      5.95245864
      1.58545459              -0      5.37059885
      1.57586195              -7      5.47034509
      1.76837211              -9      1.77448707
      1.74570038              -0       4.8035744
      2.41026246              -0      6.50502082
      1.78788827              -4      4.01460972
      1.66714899              -0      5.05646069
      1.79116452              -4      3.33031859
      2.69367576              -7     0.667624474
      1.72871475              -9      1.66597679
      1.96408438              -5      2.44002928
      1.96389192              -7       2.4430587
      1.59884239              -7      5.29734714
      1.70350129              -9      1.49211914
      1.57928211              -0      5.42059407
       1.6418217              -0      5.80670027
      1.77959835              -0       6.0195758
      1.63885799              -0      5.80017419
      1.77267515              -4      3.71426707
      2.12161195              -4      6.32323266
      1.87888255              -5      2.87317804
      1.58691518              -0      5.36109156
       1.9542251              -9      2.25042295
      1.57684956              -0      5.45103588
      1.74389959              -1       4.8102039
       1.8529925              -5      2.98166378
      2.87124961              -2     0.598660484
      1.85131692              -0      6.09810669
      1.87866131              -2      2.87407741
      1.78283051              -7      3.41161235
      2.40438757              -0      6.50167488
      1.85379705              -7      2.97815411
      1.58073281              -7       5.4067131
      1.80437769              -7      4.29618823
      1.79422625              -4      4.10301511
       1.7090944              -9      1.43456139
      1.58618205              -4      5.36579229
      1.78889273              -6      3.35027047
      1.90880359              -0      6.15343023
      1.89162755              -9       2.8216974
      1.77409386              -1      3.77157648
      1.96343835              -0      6.20147559
      1.70453782              -9      1.47244905
      2.39779078              -0      6.49790356
      1.69438831              -7      4.97305788
      1.67493807              -0      5.87099555
      1.85753347              -2       1.9674799
      1.71239105              -7      4.91680246
      1.90809183              -7      2.75502205
      1.70698932              -9      1.56461502
      1.81712395              -9      1.88183668
      1.62654796              -0       5.1876626
      1.71985891              -0      4.89275302
      1.77225903              -1      3.67591796
      1.97693356              -9      1.05016382
      1.86595686              -7      2.92635856
        1.837771              -5      3.05067591
      1.58903713              -0      5.64520789
      1.77208168              -9      1.78320257
      1.80004915              -7      4.49625804
      1.70334392              -4      1.49915691
      1.78958169              -0      4.59276287
      1.80177784              -6      3.25005112
      1.78469021              -5      3.39123042
      1.79791296              -4      4.15817587
       2.3737046              -9     0.809691776
       1.9330099              -0       6.1751955
      1.96569354              -5      2.37092786
      1.78430928              -4      3.96373999
      1.77748415              -2      3.85164005
      1.96307958              -7      2.31883675
      1.77295289              -2      3.72906201
      1.79013047              -7      3.33924058
      1.70338154              -7      1.49693852
      1.96562713              -9       2.4031261
      1.61794124              -0      5.74856048
       1.8376683              -4      3.05116136
       1.7036279              -0      5.91783239
      1.57562649              -0      5.52751993
      2.59083484              -9     0.710367948
       1.5860806              -1      5.36645378
      1.80473038              -4      3.23040283
      1.94437663              -5      2.59124074
      1.77222123              -6      3.65709752
      1.78855236              -1      4.02384142
      1.57557735              -7        5.525957
      1.57609813              -7      5.46484587
      1.96517896              -5      2.41821889
      1.68499767              -7      5.00185257
      1.59432215              -0      5.66948568
      1.74659598              -4      4.80024702
      1.82816304              -7      3.09756564
      1.70405412              -9      1.53210436
      1.94488543              -5      2.58850463
      2.02795044              -0      6.25380538
      1.96535975              -4      2.41310512
      1.87035218              -9      1.99559977
      1.81411398              -9      1.20899895
       1.5760049              -0      5.53724693
      1.70905963              -9      1.57966826
      2.03005595              -9      1.01030391
       1.8038143              -2      4.27690532
       1.8066772              -1      3.21792022
      1.74832942              -2      4.79374684
      1.79451706              -0      4.55402575
      1.61929766              -0      5.75227224
      1.95346225              -0      6.19298378
      1.64359666              -7      5.13043727
      1.75455773              -7      5.98872025
      1.77989878              -7      3.44791107
      1.79643155              -2      4.13531967
      2.29688042              -4      6.43818502
      1.59082072              -0      5.65387519
      1.86057745              -0      6.10740801
      1.87424074              -7      2.89211414
      1.62839414              -0      5.77572288
      1.73618986              -4      5.96458336
      1.57600567              -0      5.53726396
      1.71805751              -9      1.62601099
      1.58384218              -0      5.38184106
      1.76571878              -4       4.7229329
      1.78990174              -4      3.34124902
      1.72142883              -9      1.63971933
      1.61366117              -0      5.73641656
      1.80257079              -7      4.24425833
      1.77869332              -1      3.87421609
      1.79082855              -5      1.82547861
      1.96577357              -7      2.37673256
      2.57807154              -9     0.715841015
      1.72727414              -9      1.36347357
      1.61302406              -0      5.73454825
      1.83811615              -4      3.04904669
      2.24487608              -9     0.876621053
      2.65085442              -0      6.63320378
      1.93909323              -7      2.61842507
      2.12179726              -5     0.948835865
      1.79515715              -9      1.23438099
      1.78642045              -6      3.99403272
      1.72637844              -9      1.65795836
       1.6220827              -0      5.75970648
      1.90671108              -9      2.08263368
      1.66136817              -2      5.07430092
      1.69246669              -1      5.90035659
      1.72852592              -9       1.3599237
      1.57529917              -0      5.49127149
      1.57905203              -1      5.57869514
      1.78876818              -6      4.02683469
      1.76729375              -9      1.77192597
      1.79499252              -1      4.11406183
      1.80406159              -0      4.28481095
      1.78532592              -7      3.97845687
      1.94840141              -9      1.07328431
      1.60087904              -0      5.28800326
       1.7033199              -9      1.51027985
      1.60309505              -0       5.2781705
      1.91381808              -2      2.10179397
      1.78253321              -4      4.63809709
      1.86822213              -0      6.11496565
      1.80731429              -9      1.21781509
      1.89168078              -7      2.04488489
      1.82288935              -5      3.12478432
      1.71034805              -9      1.58774344
      1.71222996              -9      1.59838238
      2.08221118              -9     0.974386614
      1.72074543              -9      1.63703838
      1.72879432              -4      4.86314887
       1.8321598              -9      1.18691615
       1.6631794              -0      5.06869628
       1.7858743              -4      3.98629078
      1.93797281              -4      2.62394611
      1.77328481              -7      3.74351514
      2.73213042              -0      6.67325911
      1.77296033              -4      3.72941684
      2.24827191              -0      6.40790013
      1.78668379              -4       4.6124872
      1.75322969              -0      4.77490484
       1.5861019              -1      5.62955029
      1.81025346              -4      3.19584599
      1.71439647              -0      5.93393404
      1.77270949              -7      3.71629791
      1.79297894              -4      4.08532441
      1.71834638              -4      4.89766903
      1.84863978              -9      1.16815372
      1.80450715              -7      4.30143694
      1.64805625              -7      5.11610481
      1.82296725              -5      1.19794276
      1.77913063              -6       3.4585624
       1.8899836              -7      2.82831713
      1.78441707              -1      3.96531375
      1.80038949              -4       4.4917742
        1.724616              -9      1.37135031
      1.77483922              -2      3.53479875
      1.96047316              -2      2.29299893
      1.76758093              -0      6.00503745
      1.88600658              -5       2.8443446
      1.77374788              -6      3.56398112
      1.61595902              -0       5.2261477
        1.647522              -7      5.11781135
      1.77612138              -1      3.82345521
      2.46198154              -0      6.53398142
      1.61055277              -1      5.24712722
      1.77223623              -4      3.65001215
      1.70329675              -9      1.50586587
      1.70732834              -0      5.92344465
      2.05449606              -0      6.27419026
      1.96344359              -2      2.32334097
      1.61400118              -0      5.23362191
      1.57554677              -4      5.47960415
      1.96510532              -1      2.35109193
      1.95279692              -2      2.24252467
      1.83313901              -6      3.07289203
       1.9099533              -7      2.09124955
      1.89565803              -9      2.05457023
      2.95996988              -9     0.566102452
      1.73954991              -9       1.3320073
      1.57670111              -0       5.4534654
      1.58730808              -0      5.35862675
      1.77429941              -4      3.77773271
      1.77386396              -7      3.76430768
      1.77751207              -6      3.48321711
      1.73748962              -7      4.83320294
      1.77399931              -2      3.76864014
      1.88940712              -1      2.03943083
      1.77654723              -5      3.83265357
        1.961641              -2      2.47134715
      1.94585103              -7       2.5832445
      1.80422106              -4      4.29033574
      1.75162302              -9      1.73294853
      1.92513795              -5      2.68310736
      1.77930875              -7      3.45604038
      1.96717024              -9      1.05792449
      1.77605559              -4      3.82199653
      2.51511558              -0      6.56286933
      1.86046894              -4      1.97384865
      1.57532554              -0      5.51518783
      2.16003376              -0      6.34990013
      1.96033906              -2      2.29187052
      1.75320633              -4      4.77499641
      1.60723343              -0      5.71673464
      1.80170607              -7      4.47257714
      1.57545849              -7      5.48295432
      1.71160933              -9      1.42081422
       1.5787574              -0      5.42618318
      1.63058776              -0      5.78104899
      1.77984522              -4      3.89424661
      1.80517272              -7      4.36319054
      1.67697656              -7      5.02635681
      1.79776333              -4      4.52291924
      1.77875871              -6       4.6593463
      1.80256618              -4      4.24415154
       1.8734054              -7      2.00243359
      1.89301844              -9      2.04812106
        1.593793              -0      5.32208099
      1.92036441              -9      2.12044847
      1.87535711              -6      2.88754611
      1.69943218              -1      4.95747727
      1.78626654              -7      4.61518921
      1.61540804              -0      5.74145603
      1.62483423              -0      5.19370003
      1.75440979              -0      4.77025458
      2.02551972              -0      6.25190778
       1.7379082              -9      1.33584754
      1.82260363              -7      3.12629418
      1.80051384              -2      3.25875612
      1.79374574              -7      3.30906584
      1.91348537              -4       2.7327605
      1.80507331              -2      4.37814139
      1.77773058              -7       3.4796809
      1.57669705              -0      5.45353342
      1.84833255              -4      3.00223506
      1.79900252              -4      3.26942017
       1.7083425              -9      1.43925408
      2.26572513              -4      0.86527088
      1.96577437              -1      2.39367224
      1.79178678              -2      4.06865171
      1.61154295              -6      5.24320173
      1.78494439              -7      1.81247451
      1.78340061              -4       4.6329613
      1.91852495              -9      1.09908643
      1.57541349              -0       5.4849027
       1.7119945              -9      1.59711265
      1.61972573              -7      5.21211219
      1.64552343              -7      5.81463622
      1.88080902              -5      2.86535846
      1.57589564              -7      5.53474637
      1.57690584              -0      5.55329431
      1.72141764              -0      5.94407357
      1.75036137              -5      1.72963503
       1.7903386              -9      1.82440333
      1.90878386              -2      2.75218341
      1.70894646              -9      1.57892006
       1.7987687              -5      1.84274322
      1.84156111              -0      6.08812588
      2.45987973              -0      6.53282123
      1.87796099              -5      2.01274962
      1.92293925              -5       2.6926921
      1.96364897              -0      6.20165363
       1.8807767              -2      2.86548948
      1.70856077              -2      1.57631516
       1.8040507              -1      4.28444711
      1.71565028              -9      1.61534208
      1.96504768              -4       2.4214971
      1.62728124              -4      5.18509856
      1.80445274              -1       4.2991785
      1.95576988              -2      2.52169134
      1.72565269              -7      4.87367604
      1.87431055              -9      1.14106554
      1.76536438              -9      1.28076433
      1.84872308              -2       3.0004943
      2.04447116              -0      6.26656332
      1.80449173              -6      3.23195774
      2.60505885              -9     0.704314606
      1.83378309              -7      6.08002764
       1.9227773              -2      2.69339336
      1.76680477              -7      4.71807448
      1.70672369              -7      1.56241565
      1.70902325              -4      4.92748436
      1.94499545              -4      2.58790983
      1.77290442              -7       3.7267063
      1.80284622              -1      4.25077812
      1.66556826              -0      5.06132586
      1.93280244              -7      2.15957774
      1.78321679              -1      3.94757801
      1.77456253              -6      3.78521941
      1.88606531              -0      6.13220641
      2.03239567              -9      1.00863034
      1.96517814              -1      2.35286943
      1.84135954              -6      3.03389973
      1.70476766              -9      1.46953076
      1.79695966              -4      4.14333451
      1.71330705              -4      1.60400287
      1.77546556              -7      3.80839206
      1.75693891              -0      5.99175013
      1.95506795              -4      2.25531798
      1.78501423              -1      4.62311649
      1.72125875              -9       1.6390563
      1.77391939              -0       3.7661012
      1.77918742              -2      4.65701464
      1.67347537              -0      5.86842397
      1.96189649              -4      2.46857852
      1.74248886              -1      4.81534309
      1.79945574              -7      4.50370883
      2.01808928              -0      6.24607337
      1.79693284              -2      4.14292422
      1.86022337              -5       2.9505123
      1.80497338              -1      4.38623765
      2.21743942              -0      6.38810572
      1.65276173              -0      5.82952981
      1.90530025              -5      2.07894435
      1.78523399              -6      3.97713693
        1.944251              -9      2.20240704
       1.5782809              -0      5.57071021
      2.09408667              -7      6.30352296
      1.92490556              -4      2.13409083
      1.71844564              -2      4.89734716
      2.43537141              -0      6.51918971
        1.948601              -4      2.22156973
      1.87100846              -7      2.90539764
      1.80143099              -7      1.84847278
      1.93387916              -1      2.64354578
      1.68137422              -4      5.88207663
      1.96259298              -9      1.06161538
      1.86693073              -2      1.98801015
      1.77237498              -7      3.69158527
       1.8811059              -9      1.13426519
      1.79895564              -7      4.17509964
      1.80485189              -7      4.31841461
      1.78561842              -2      4.61932502
      1.82552139              -1      3.11105075
      1.74768591              -0      4.79616936
      1.77504108              -4      3.79791755
      1.77762597              -5      1.26048621
      2.88817184              -0      6.74657387
      1.66191842              -0      5.84733714
      1.92959117              -5      2.14890635
       1.7900713              -7       4.0448711
      1.70848105              -9      1.57576555
      1.96581537              -1      2.38683226
      1.73676954              -0      5.96536709
       1.8050879              -7      4.37667525
      1.83873117              -5      1.92735603
      1.59025042              -0      5.34119219
      1.63667086              -0      5.15315047
      1.90218415              -7      2.77909438
      1.82739057              -9       1.9034608
      2.29930947              -9      0.84743653
      1.77440521              -2      3.78079246
        1.586809              -0        5.633507
      1.77639479              -7      3.82940726
