10 1
0.23709513
1 -1 1 1
         5.703504692 
   0.656246266750716 
0.11643197
1 -1 1 1
         4.163090547 
    1.32261055703608 
0.089668784
1 -1 1 1
         3.387975673 
    1.30710761536505 
0
1 -1 1 1
                   0 
                   0 
0.12269913
1 -1 1 1
         3.874719507 
    1.36955836525012 
0.090401538
1 -1 1 1
         2.341229777 
   0.875762225932947 
0.055008415
1 -1 1 1
         3.751407628 
   0.880108426138833 
0.12220016
1 -1 1 1
         3.945650218 
    1.36276626199214 
0
1 -1 1 1
                   0 
                   0 
0.16649486
1 -1 1 1
         1.360346783 
   0.513237021651073 
