@INTRINSIC_DISPERSION 0.15
@PECULIAR_VELOCITY 300
# Union sample (Kowalski et al. 2008)
# Same format as SNLS
# Union '08 set, with lightcurve covariance matrix.
# The sample id corresponds to the references in Tab 11 of Kowalski et al (2008) 
# The cut column has 0 for SN passing all cuts (307). 
# 
# SN  z     m      s     c     Cmm     Css     Ccc      Cms    Cmc     Ccs
04Eag 1.020 24.968 0.0977241014284603 0.994 0.0463680924774785 0.027 0.062449979983984 0.00054 0.00046 0.00153 
04Gre 1.140 24.730 0.124819870213039 1.143 0.136088206689632 -0.034 0.0788669766125214 -0.00361 -0.00165 0.00396 
04Man 0.854 24.527 0.0888819441731559 0.939 0.0573585215987999 -0.072 0.06 0.00021 0.00096 0.00103 
04Mcg 1.370 25.731 0.183030052177231 0.914 0.18907670401189 0.059 0.104019228991567 -0.01325 -0.00860 0.01284 
04Omb 0.975 24.884 0.0946572765295939 1.217 0.0593295878967653 0.098 0.0346410161513775 0.00088 0.00046 0.00115 
04Pat 0.970 25.017 0.0944986772394196 0.990 0.088656641037206 -0.123 0.0646529195009785 0.00067 -0.00011 0.00234 
04Rak 0.740 23.844 0.116533257055658 1.024 0.039496835316263 -0.107 0.0524404424085076 -0.00222 0.00373 -0.00084 
04Sas 1.390 25.821 0.170029409220876 1.395 0.707700501624805 0.343 0.166793285236547 0.06616 0.01562 0.10180 
04Yow 0.460 23.591 0.110724884285331 0.856 0.0662570750939098 0.242 0.0573585215987999 -0.00127 0.00371 0.00101 
05Fer 1.020 24.828 0.200249843945008 1.078 0.0991463564635635 0.106 0.073143694191639 -0.01235 0.00553 -0.00086 
05Gab 1.120 25.073 0.110317722964173 0.962 0.0539444158370447 0.034 0.0708519583356734 0.00114 0.00015 0.00221 
05Lan 1.230 26.017 0.124378454725889 0.877 0.0982344135219425 0.137 0.0649615270756469 -0.00038 0.00021 0.00366 
05Red 1.190 25.757 0.126925174807837 0.699 0.0948683298050514 0.247 0.0482700735445887 -0.00118 -0.00117 0.00180 
05Spo 0.839 24.196 0.141844985811977 1.003 0.0479583152331272 -0.043 0.07 0.00543 0.00662 0.00240 
05Str 1.010 25.027 0.0963327566303384 1.078 0.0419523539268061 -0.010 0.020976176963403 -0.00053 -0.00012 0.00025 
05Zwi 0.521 23.071 0.0848528137423857 1.209 0.0553172667437573 0.087 0.0592452529743945 0.00229 0.00338 0.00151 
2002dc 0.475 23.094 0.152315462117278 0.834 0.0467974358271904 0.001 0.130460722058403 0.00456 0.01857 0.00371 
2002dd 0.950 24.657 0.0995489829179585 1.090 0.0755645419492502 0.131 0.0458257569495584 -0.00181 -0.00114 0.00195 
2002fw 1.300 25.651 0.140071410359145 1.019 0.0918150314491042 0.011 0.111848111293843 0.00196 -0.00448 0.00455 
2002hp 1.305 25.410 0.157543644746464 0.862 0.0408656334834051 0.054 0.0780384520605067 0.00275 0.00014 0.00106 
2002hr 0.526 24.043 0.115368973298717 1.029 0.0946044396421225 0.157 0.046475800154489 0.00851 0.00368 0.00241 
2002kd 0.735 24.021 0.0772010362624751 0.916 0.0118321595661992 0.045 0.0391152144312159 0.00027 0.00131 0.00023 
2002ki 1.140 25.350 0.155177317930167 0.996 0.351695891360704 0.270 0.196494274725754 -0.00959 -0.01124 -0.02082 
2003ak 1.551 26.639 0.255851519440475 1.042 0.443666541447515 0.289 0.0814861951498534 -0.06338 -0.00166 0.02666 
2003az 1.265 25.684 0.124137021069462 0.993 0.0723878442834154 0.151 0.0523450093132096 -0.00087 -0.00100 0.00219 
2003dy 1.340 25.774 0.140035709731482 1.233 0.14422205101856 0.179 0.0653452370108182 -0.00407 -0.00249 0.00697 
2003eq 0.840 24.352 0.0793095202355934 0.971 0.05 0.024 0.0258843582110896 0.00004 0.00013 0.00015 
2000fr 0.543 23.030 0.0569209978830308 1.027 0.0242899156029822 -0.012 0.03 0.00043 0.00037 0.00005 
1998bi 0.750 23.906 0.0716937933157397 0.947 0.0189736659610103 -0.012 0.02 0.00018 -0.00006 0.00010 
1998be 0.640 23.804 0.0824621125123532 0.733 0.0446094160463909 0.019 0.0656505902486794 0.00141 -0.00124 0.00020 
1998ba 0.430 22.873 0.0791201617794099 0.963 0.0408656334834051 -0.033 0.0443846820423443 -0.00119 0.00201 -0.00057 
1998ay 0.640 23.724 0.0868331733843696 1.019 0.0462601340248815 -0.062 0.0458257569495584 0.00105 0.00010 -0.00009 
1998ax 0.497 23.148 0.0634034699365894 1.095 0.0343511280746353 0.069 0.042190046219458 0.00113 0.00049 0.00017 
1998aw 0.440 23.203 0.0497995983919549 1.013 0.0248997991959775 0.229 0.0314642654451045 0.00041 0.00063 0.00014 
1998as 0.355 22.666 0.0511859355682789 0.880 0.0216794833886788 0.132 0.0419523539268061 0.00005 0.00140 -0.00010 
1997ez 0.780 24.255 0.0909395403551173 1.088 0.0443846820423443 0.076 0.0288097205817759 -0.00134 -0.00006 0.00003 
1997eq 0.540 23.159 0.0518652099195598 0.952 0.0161245154965971 -0.015 0.02 0.00002 0.00008 0.00009 
1997ek 0.860 24.484 0.0845576726264388 1.002 0.0286356421265527 0.018 0.0288097205817759 0.00031 -0.00037 0.00021 
2002ad 0.514 23.061 0.243639077325457 0.894 0.0546808924579693 -0.086 0.248997991959775 -0.00188 0.05796 -0.00238 
2002ab 0.423 22.596 0.0475394572960188 0.956 0.0654980915752513 0.100 0.0275680975041804 -0.00060 0.00044 0.00056 
2002aa 0.946 24.605 0.192613602842582 0.957 0.145086181285469 0.304 0.33273112268016 -0.00067 -0.03469 0.03618 
2002x 0.859 24.727 0.104594454919943 0.817 0.0806845710157772 -0.097 0.0833066623986341 -0.00266 -0.00404 0.00493 
2002w 1.031 24.474 0.177002824836216 0.946 0.112915897906362 0.672 0.492574867405961 -0.00233 -0.01179 -0.02988 
2001kd 0.936 24.959 0.160093722550261 0.644 0.163125718389223 -0.145 0.170967833231869 -0.00950 -0.01096 0.00538 
2001jp 0.528 22.887 0.0762889244910426 0.941 0.0363318042491699 -0.105 0.044497190922574 0.00183 0.00203 0.00119 
2001jn 0.645 24.553 0.165710591091819 1.331 1.18117737872006 0.100 0.238767669503222 0.00808 0.00029 -0.03295 
2001jm 0.978 24.499 0.100299551344959 0.854 0.0435889894354067 -0.015 0.0913783344124853 -0.00149 0.00001 0.00106 
2001jh 0.885 24.309 0.112071405808975 0.940 0.0732120208708925 -0.283 0.18422811946063 -0.00412 -0.00558 0.00826 
2001jf 0.815 25.192 0.198040399918804 0.575 0.0994484791236146 -0.074 0.416905265018325 -0.00638 0.05351 -0.01293 
2001iy 0.568 23.065 0.0639531078212779 0.917 0.0554977477020464 -0.131 0.0654217089351845 -0.00041 0.00020 -0.00099 
2001ix 0.711 23.798 0.0754983443527075 0.961 0.0322490309931942 -0.087 0.0379473319220206 0.00097 0.00056 0.00070 
2001iw 0.340 22.096 0.0930591209930547 0.886 0.0403732584763727 0.067 0.0825832912882503 -0.00040 0.00662 -0.00011 
2001iv 0.397 22.471 0.0568330889535313 0.983 0.0266458251889485 0.150 0.0424264068711929 -0.00040 0.00160 -0.00021 
2001hy 0.812 24.946 0.0884307638777366 0.713 0.0506951674225463 0.034 0.0594978991225741 -0.00104 -0.00193 0.00135 
2001hx 0.799 24.784 0.0782943165242535 0.956 0.0770064932327138 0.378 0.0725947656515261 -0.00042 -0.00038 0.00343 
2001hu 0.882 24.910 0.103826778819339 1.127 0.171668284782018 0.629 0.161307160411434 0.00741 0.00835 0.02147 
2001hs 0.833 24.260 0.0922496612459905 1.088 0.051478150704935 0.115 0.10968135666557 -0.00222 0.00041 -0.00025 
2001fs 0.874 25.120 0.141739197119216 0.841 0.0961769203083567 0.367 0.165740761431822 0.00050 -0.00557 0.00735 
2001fo 0.772 23.745 0.0806225774829855 0.959 0.0337638860322683 -0.193 0.0392428337406972 0.00069 -0.00035 0.00025 
2001cz 0.016 15.030 0.138419651783986 1.007 0.0151657508881031 0.108 0.00836660026534075 0.00007 0.00006 0.00004 
2001cn 0.015 15.222 0.144637477854116 0.922 0.0134164078649987 0.172 0.00894427190999916 -0.00016 0.00017 -0.00003 
2001ba 0.031 16.184 0.0761577310586391 1.000 0.0122474487139159 -0.043 0.00894427190999916 0.00004 0.00002 -0.00000 
2000ca 0.025 15.511 0.0947100839404126 1.001 0.0303315017762062 -0.064 0.0134164078649987 0.00030 0.00020 0.00021 
2000bh 0.024 15.940 0.0939148550549912 0.942 0.0418330013267038 0.102 0.0158113883008419 0.00025 0.00017 0.00026 
1999gp 0.026 15.994 0.088656641037206 1.129 0.0272029410174709 0.043 0.0137840487520902 0.00027 0.00017 0.00010 
1996h 0.620 23.499 0.0872926113711808 1.101 0.16583123951777 -0.124 0.0878635305459552 0.00059 -0.00196 0.00682 
1996i 0.570 23.402 0.0678232998312527 0.824 0.0546808924579693 -0.063 0.0623698645180507 -0.00037 -0.00109 0.00042 
1996j 0.300 22.027 0.0965401470891774 0.789 0.0577927331071996 0.070 0.0944986772394196 0.00231 0.00736 0.00111 
1996k 0.380 22.641 0.0462601340248815 0.846 0.0144913767461894 -0.101 0.0476445169982864 0.00021 0.00101 0.00012 
1996u 0.430 22.608 0.0523450093132096 0.924 0.0654980915752513 -0.207 0.0923038460737146 0.00144 0.00149 0.00046 
1995ao 0.240 21.600 0.0838450952650183 1.346 1.05728898603929 0.179 0.0886002257333467 -0.00133 0.00665 -0.00663 
1995ap 0.300 21.528 0.381405296240102 0.540 0.200274811197015 0.047 0.321169737055034 0.05301 0.11640 0.03673 
1996t 0.240 20.992 0.0508920425999979 1.304 0.12633289357883 -0.099 0.0575325994545701 -0.00188 0.00207 0.00067 
1997ce 0.440 22.799 0.0605805249234438 0.856 0.0272029410174709 -0.043 0.0398748040747538 0.00012 0.00137 -0.00002 
1997cj 0.500 23.140 0.0540370243444252 0.914 0.0170293863659264 -0.040 0.0225831795812724 0.00034 0.00047 0.00016 
1997ck 0.970 24.720 0.154790180567115 1.026 0.117643529358822 0.424 0.281033805795673 -0.00489 -0.02487 0.01526 
1995k 0.479 22.719 0.0594138031100518 0.978 0.0383405790253616 -0.117 0.0516720427310553 0.00073 0.00075 0.00038 
b010 0.591 23.399 0.084970583144992 1.240 0.0847938677028003 -0.139 0.0780384520605067 0.00465 0.00199 0.00270 
b013 0.426 22.676 0.0475394572960188 1.011 0.0424264068711929 0.080 0.0330151480384384 0.00009 0.00064 0.00007 
b016 0.329 22.500 0.214196171767845 1.143 0.110950439386241 0.264 0.0853229160308062 -0.00849 0.01091 0.00046 
d033 0.531 23.225 0.0648074069840786 1.150 0.116146459265877 -0.154 0.0786129760281342 -0.00021 0.00095 -0.00071 
d058 0.583 23.595 0.102274141404365 1.089 0.204205778566621 0.178 0.149331845230681 0.01011 0.00224 0.00487 
d084 0.519 23.644 0.0921411959983155 1.094 0.172481883106603 -0.013 0.136491757992928 0.00647 0.00527 0.00527 
d085 0.401 22.475 0.0742967024840268 1.019 0.0566568618968612 0.078 0.084970583144992 0.00196 0.00399 0.00024 
d087 0.340 21.913 0.18072077910412 0.986 0.0721803297304744 0.042 0.0782304288624318 -0.00835 0.01062 -0.00218 
d089 0.436 22.497 0.0544977063737548 1.039 0.0418330013267038 0.004 0.052820450584977 0.00029 0.00138 0.00011 
d093 0.363 21.890 0.066783231428256 1.040 0.0260768096208106 -0.070 0.0568330889535313 0.00097 0.00286 0.00054 
d097 0.436 22.500 0.0498998997994986 1.256 0.0564800849857718 0.087 0.046690470119715 0.00030 0.00088 0.00066 
d117 0.309 22.359 0.0697137002317335 0.828 0.0192353840616713 0.071 0.0592452529743945 0.00054 0.00342 0.00021 
d149 0.342 22.190 0.0552268050859363 1.011 0.0250998007960223 0.075 0.0426614580154031 0.00041 0.00166 0.00008 
e029 0.332 22.525 0.0648845127900333 0.841 0.0612372435695794 0.169 0.0608276253029822 0.00093 0.00314 0.00023 
e108 0.469 22.546 0.0505964425626941 1.105 0.0486826457785523 -0.049 0.0456070170039655 0.00060 0.00066 0.00026 
e132 0.239 21.702 0.0519615242270663 0.923 0.0242899156029822 0.194 0.0396232255123179 0.00041 0.00177 0.00029 
e136 0.352 22.798 0.0619677335393187 0.821 0.0515751878329105 0.191 0.0592452529743945 0.00040 0.00273 -0.00011 
e138 0.612 24.046 0.191807194859838 1.366 0.193597520645281 0.675 0.312873776465846 0.01867 0.00166 0.00087 
e140 0.631 23.387 0.070427267446636 0.993 0.101192885125388 0.049 0.0695701085237043 0.00124 0.00035 0.00153 
e147 0.645 23.380 0.0743639697703128 0.962 0.0383405790253616 -0.087 0.0567450438364444 0.00121 0.00088 0.00101 
e148 0.429 22.645 0.0520576603392815 0.872 0.0324037034920393 -0.020 0.0493963561409139 0.00035 0.00112 -0.00009 
e149 0.497 22.901 0.071133676975115 0.925 0.0301662062579967 0.008 0.0670074622710038 0.00112 0.00236 0.00051 
f011 0.539 23.289 0.0715541752799933 0.878 0.0509901951359278 0.034 0.0666333249958307 0.00182 0.00180 0.00132 
f041 0.561 23.088 0.0634034699365894 1.072 0.0685565460040104 -0.053 0.0703562363973514 0.00150 0.00047 0.00138 
f076 0.410 22.369 0.0549545266561363 0.897 0.0282842712474619 0.085 0.0554977477020464 0.00008 0.00181 -0.00014 
f096 0.412 23.056 0.11216059914248 1.212 0.103682206766639 0.369 0.116533257055658 -0.00049 0.01002 0.00002 
f216 0.599 23.749 0.091214034007931 0.710 0.0589067059000926 -0.072 0.0907193474403338 0.00357 0.00105 0.00182 
f231 0.619 23.448 0.0750999334220744 1.014 0.0681909084849293 -0.070 0.0661059755241536 0.00258 0.00089 0.00198 
f235 0.422 22.446 0.0695701085237043 0.883 0.046475800154489 -0.029 0.0775241897732572 0.00120 0.00355 0.00064 
f244 0.540 23.302 0.058821764679411 0.935 0.104259292151827 -0.019 0.0580517010948 0.00148 0.00055 0.00148 
f308 0.401 23.072 0.0806225774829855 0.878 0.139749776386225 0.065 0.0959166304662544 -0.00081 0.00570 -0.00119 
g005 0.218 21.321 0.0729383301152419 1.174 0.0589067059000926 0.228 0.0549545266561363 0.00232 0.00374 0.00174 
g050 0.633 23.178 0.0882609766544649 0.957 0.068264192663504 0.087 0.0916515138991168 0.00326 0.00087 0.00162 
g052 0.383 22.332 0.0786765530510838 0.776 0.0324037034920393 -0.104 0.0777174369109018 0.00099 0.00467 0.00045 
g055 0.302 23.280 0.141492049246592 1.232 0.127161314872095 0.571 0.108027774206451 0.00644 0.01433 0.00420 
g097 0.340 22.267 0.0562138772902208 1.002 0.0293257565972304 0.187 0.0403732584763727 0.00045 0.00171 0.00009 
g120 0.510 22.791 0.0679705818718657 0.963 0.0610737259384099 0.056 0.0753657747256671 0.00161 0.00193 0.00046 
g133 0.421 23.166 0.121860576069539 1.150 0.10816653826392 0.301 0.0635609943282828 -0.00860 0.00542 -0.00175 
g142 0.399 23.457 0.112116011345392 0.748 0.0881476034841561 0.323 0.113710157857599 0.00247 0.01065 0.00053 
g160 0.493 22.922 0.057706152185014 1.060 0.0366060104354463 0.076 0.0673052746818554 0.00065 0.00130 0.00112 
g240 0.687 23.395 0.0935414346693485 0.923 0.0658027355054484 -0.102 0.0774596669241483 0.00351 0.00049 0.00163 
h283 0.502 23.450 0.129769025580067 0.651 0.099196774141098 0.184 0.1552417469626 0.00608 0.01618 0.00611 
h300 0.687 23.517 0.0791833315793166 1.042 0.0539444158370447 0.021 0.0586515131944607 0.00178 -0.00028 0.00104 
h319 0.495 22.902 0.0638748776906853 1.086 0.0755645419492502 0.047 0.0584807660688538 0.00239 0.00136 0.00080 
h323 0.603 23.483 0.0744311762637136 0.920 0.0520576603392815 0.021 0.0779743547584717 0.00168 0.00005 0.00079 
h342 0.421 22.443 0.0834266144584568 1.153 0.114673449411797 -0.049 0.0903880523078133 0.00381 0.00518 0.00192 
h359 0.348 22.651 0.0532916503778969 0.954 0.0270185121722126 0.151 0.0448330235429198 0.00035 0.00164 0.00001 
h363 0.213 22.012 0.0918150314491042 0.876 0.0289827534923789 0.359 0.0707106781186548 0.00138 0.00604 0.00070 
h364 0.344 21.707 0.0505964425626941 0.901 0.0192353840616713 -0.080 0.0417133072292284 0.00035 0.00141 0.00013 
k396 0.271 21.841 0.0721110255092798 0.810 0.0618061485614498 0.155 0.0610737259384099 0.00017 0.00374 0.00096 
k411 0.564 22.889 0.13114877048604 0.928 0.162818917819767 -0.121 0.101341008481266 0.01720 0.00443 0.00143 
k425 0.274 21.942 0.0921954445729289 0.906 0.0397492138287036 0.154 0.074565407529229 0.00152 0.00610 0.00056 
k430 0.582 23.809 0.0679705818718657 0.940 0.0634822809924155 -0.078 0.0791833315793166 0.00119 0.00007 0.00043 
k441 0.680 23.729 0.0718331399842719 1.128 0.0948156105290685 0.156 0.056302753041037 0.00120 -0.00084 0.00271 
k448 0.401 23.344 0.0714842640026461 0.965 0.0596657355607052 0.294 0.0701427116670007 -0.00001 0.00379 -0.00040 
k485 0.416 23.934 0.108673823895177 0.918 0.121449578014911 0.605 0.111085552615991 0.00379 0.00996 0.00176 
m027 0.286 22.522 0.123450394896088 1.097 0.191049731745428 0.243 0.0992975326984513 0.00222 0.01131 0.00004 
m062 0.314 21.990 0.106957935656967 0.834 0.131946959040366 0.028 0.0815475321515005 0.00280 0.00716 -0.00025 
m138 0.581 23.284 0.0888256719648098 1.198 0.109726933794762 -0.338 0.0923579991121505 0.00626 -0.00202 -0.00213 
m158 0.463 23.087 0.0736885337077622 0.997 0.0454972526643093 0.188 0.0846167832052247 0.00097 0.00296 -0.00027 
m193 0.341 21.661 0.079435508432942 0.979 0.0346410161513775 -0.069 0.0509901951359278 0.00195 0.00295 0.00057 
m226 0.671 23.637 0.0901665126307988 1.072 0.153460092532228 0.365 0.135646599662505 0.00469 0.00224 0.01173 
n256 0.631 23.409 0.0673052746818554 1.070 0.0751664818918645 -0.057 0.0506951674225463 0.00116 0.00016 0.00160 
n258 0.522 23.290 0.0736206492772239 0.913 0.0504975246918104 -0.082 0.107144761887831 0.00085 0.00213 0.00047 
n263 0.368 22.041 0.046475800154489 0.970 0.0277488738510232 -0.045 0.0420713679359253 0.00027 0.00112 0.00007 
n278 0.309 21.867 0.0529150262212918 0.886 0.0426614580154031 0.077 0.0452769256906871 0.00023 0.00180 -0.00005 
n285 0.528 23.265 0.0932201694913713 1.138 0.214102779057162 0.113 0.104259292151827 0.01172 0.00516 0.01559 
n326 0.268 22.108 0.0591607978309962 0.658 0.02 0.095 0.0478539444560216 0.00007 0.00239 0.00009 
p454 0.695 23.925 0.110408333018844 0.713 0.15511286213593 -0.022 0.150465942990432 0.00596 -0.00250 0.00993 
p455 0.284 21.664 0.0564800849857718 0.845 0.0178885438199983 -0.005 0.0469041575982343 0.00037 0.00212 0.00011 
p524 0.508 22.913 0.0565685424949238 1.020 0.0316227766016838 0.044 0.0411096095821889 0.00070 0.00057 0.00027 
p528 0.781 24.115 0.10733126291999 0.964 0.155306149266537 -0.005 0.158776572579206 0.00388 -0.00192 0.02072 
p534 0.613 23.403 0.112249721603218 0.633 0.312745903250546 -0.080 0.175613211348122 -0.02152 -0.01093 0.04431 
1999aa 0.015 14.692 0.145979450608639 1.053 0.00948683298050514 -0.017 0.00774596669241483 0.00006 0.00005 0.00003 
1999ao 0.054 17.888 0.0644204936336256 0.958 0.0428952211790544 0.073 0.0264575131106459 -0.00094 0.00075 -0.00029 
1999ar 0.156 19.973 0.0298328677803526 0.995 0.0374165738677394 -0.012 0.0151657508881031 0.00020 0.00009 0.00010 
1999aw 0.039 16.778 0.0603324125159934 1.198 0.0339116499156263 0.008 0.016431676725155 0.00005 0.00021 0.00012 
1999bi 0.124 19.761 0.0485798312059645 1.184 0.0573585215987999 0.210 0.025298221281347 -0.00033 0.00069 0.00028 
1999bm 0.144 20.432 0.0361939221417077 0.680 0.0340587727318528 0.124 0.02 0.00056 0.00022 0.00027 
1999bn 0.130 19.598 0.0370135110466435 1.089 0.0427784992724149 0.006 0.0170293863659264 0.00025 0.00012 0.00024 
1999bp 0.078 18.386 0.0354964786985977 1.085 0.0311448230047949 0.004 0.02 0.00027 0.00007 0.00007 
1993ac 0.049 17.801 0.144706599711278 0.779 0.0577927331071996 0.083 0.0379473319220206 -0.00562 0.00402 -0.00142 
1994m 0.024 16.299 0.0983361581515162 0.779 0.0230217288664427 0.108 0.0204939015319192 -0.00036 0.00061 -0.00010 
1994s 0.015 14.774 0.146047937335657 1.086 0.0473286382647969 -0.010 0.0212132034355964 0.00079 0.00044 0.00025 
1994t 0.036 17.045 0.11202678251204 0.837 0.039496835316263 0.017 0.0454972526643093 -0.00116 0.00320 -0.00035 
1995ac 0.049 17.031 0.049295030175465 1.038 0.0134164078649987 0.012 0.00894427190999916 0.00008 0.00007 0.00003 
1995ak 0.022 15.870 0.145636533878007 0.890 0.039496835316263 0.067 0.0488876262463213 -0.00164 0.00459 -0.00043 
1996c 0.028 16.645 0.0838450952650183 1.007 0.0238746727726266 0.123 0.0151657508881031 -0.00033 0.00026 -0.00011 
1996ab 0.124 19.525 0.0367423461417477 0.956 0.0336154726279432 -0.080 0.0154919333848297 -0.00059 0.00012 -0.00013 
1996bl 0.036 16.616 0.0759605160593318 0.987 0.0189736659610103 0.032 0.0126491106406735 0.00017 0.00017 0.00009 
1996bv 0.017 15.352 0.14142135623731 1.015 0.0411096095821889 0.224 0.0118321595661992 -0.00079 0.00024 0.00005 
1996bo 0.016 15.825 0.137840487520902 0.866 0.0189736659610103 0.370 0.0126491106406735 0.00018 0.00018 0.00008 
1993ag 0.050 17.794 0.0648845127900333 0.915 0.0173205080756888 0.095 0.0167332005306815 0.00008 0.00011 -0.00004 
1993o 0.053 17.613 0.0489897948556636 0.901 0.0137840487520902 -0.014 0.0151657508881031 0.00013 0.00013 0.00005 
1993h 0.025 16.740 0.0915423399307665 0.676 0.0118321595661992 0.207 0.0130384048104053 -0.00001 0.00017 -0.00002 
1993b 0.070 18.381 0.0903327183250897 0.987 0.0311448230047949 0.043 0.0380788655293195 -0.00116 0.00251 -0.00047 
1992bs 0.063 18.176 0.0498998997994986 0.999 0.0154919333848297 -0.033 0.0167332005306815 -0.00026 0.00047 -0.00010 
1992br 0.088 19.401 0.105782796332863 0.650 0.0404969134626332 0.033 0.051478150704935 -0.00329 0.00433 -0.00123 
1992bp 0.079 18.279 0.0424264068711929 0.873 0.0167332005306815 -0.043 0.0151657508881031 0.00007 0.00007 -0.00002 
1992bo 0.017 15.747 0.127279220613579 0.736 0.00632455532033676 0.029 0.01 0.00006 0.00009 0.00001 
1992bl 0.042 17.285 0.0617251974480439 0.791 0.0167332005306815 -0.014 0.0202484567313166 -0.00029 0.00052 -0.00016 
1992bh 0.045 17.593 0.0504975246918104 0.985 0.0126491106406735 0.095 0.0114017542509914 -0.00006 0.00008 -0.00004 
1992bc 0.020 15.073 0.112116011345392 1.011 0.0137840487520902 -0.058 0.0109544511501033 0.00012 0.00011 0.00003 
1992aq 0.101 19.299 0.0317804971641414 0.839 0.0238746727726266 -0.048 0.0154919333848297 -0.00013 0.00015 -0.00000 
1992ag 0.027 16.240 0.0935414346693485 1.032 0.0368781778291715 0.153 0.0246981780704569 -0.00035 0.00049 -0.00015 
1992ae 0.075 18.392 0.0470106370941726 0.938 0.0187082869338697 -0.022 0.0228035085019828 -0.00025 0.00056 -0.00014 
1992p 0.026 16.034 0.0843208159353312 1.139 0.0809320702811932 -0.006 0.0170293863659264 -0.00048 0.00013 0.00045 
1990af 0.050 17.725 0.0465832587954085 0.737 0.00836660026534075 0.000 0.00836660026534075 0.00002 0.00003 -0.00000 
1990o 0.031 16.196 0.0840832920383116 1.038 0.0319374388453426 0.001 0.0173205080756888 0.00002 0.00032 0.00010 
2000fa 0.022 15.838 0.114324100696222 0.960 0.0333166624979154 0.081 0.0248997991959775 0.00149 0.00106 0.00064 
2000dk 0.016 15.334 0.135609734163887 0.732 0.0137840487520902 0.053 0.00836660026534075 0.00011 0.00007 0.00004 
2000cn 0.023 16.534 0.0973139250056229 0.726 0.01 0.166 0.00894427190999916 0.00010 0.00008 0.00004 
2000cf 0.036 17.086 0.0665582451691749 0.880 0.0221359436211787 0.054 0.0118321595661992 -0.00034 0.00024 -0.00005 
1999gd 0.019 16.938 0.115282262295637 0.923 0.0343511280746353 0.433 0.0122474487139159 -0.00005 0.00015 0.00009 
1999ek 0.018 15.587 0.261113002357217 0.906 0.0134164078649987 0.165 0.00547722557505166 0.00004 0.00004 0.00002 
1999cc 0.032 16.785 0.071133676975115 0.821 0.0167332005306815 0.056 0.0126491106406735 0.00012 0.00012 0.00000 
1998eg 0.024 16.096 0.105688220724923 0.931 0.0319374388453426 0.054 0.0109544511501033 0.00015 0.00009 0.00015 
1998ef 0.017 14.813 0.135314448600288 0.850 0.0236643191323985 0.017 0.0137840487520902 0.00017 0.00021 0.00012 
1998dx 0.054 17.638 0.0619677335393187 0.755 0.0443846820423443 0.078 0.0254950975679639 0.00025 0.00089 0.00033 
1998co 0.017 15.697 0.129305839001957 0.607 0.0340587727318528 0.106 0.00547722557505166 -0.00017 0.00000 0.00011 
1998ab 0.028 16.051 0.0844393273303382 0.928 0.0225831795812724 0.100 0.0189736659610103 0.00062 0.00053 0.00029 
1998v 0.017 15.103 0.151888116717537 0.925 0.0336154726279432 0.055 0.0126491106406735 -0.00031 0.00020 0.00006 
1997dg 0.030 16.826 0.0817312669668102 0.916 0.0401248052954778 0.028 0.0158113883008419 0.00015 0.00023 0.00022 
1997y 0.017 15.313 0.131605471010897 0.881 0.0178885438199983 0.040 0.00836660026534075 -0.00006 0.00006 -0.00008 
1999fw 0.278 21.720 0.0575325994545701 0.886 0.0996995486449161 0.091 0.0615629758864855 -0.00181 0.00293 -0.00323 
1999fn 0.477 22.721 0.068629439747094 1.027 0.0474341649025257 0.020 0.0622093240599832 0.00146 0.00210 0.00063 
1999fm 0.950 24.300 0.10397114984456 1.156 0.0342052627529741 0.042 0.0978774744259372 0.00125 -0.00217 0.00066 
1999fk 1.057 24.765 0.127397017233529 0.951 0.126609636284131 -0.032 0.0730753036257804 0.00705 0.00238 0.00611 
1999fj 0.816 24.217 0.0924121204171834 1.025 0.0488876262463213 -0.109 0.178409640995099 0.00216 0.00102 0.00046 
1999ff 0.455 23.209 0.0692098258919931 0.865 0.0766811580507233 -0.004 0.0852642949891688 0.00077 0.00272 -0.00220 
1997ap 0.830 24.335 0.0945515732285825 0.996 0.0244948974278318 0.060 0.0376828873628335 0.00108 -0.00126 -0.00027 
1997am 0.416 22.460 0.0713442359269479 1.079 0.0474341649025257 -0.081 0.143840189098875 0.00229 0.00629 0.00200 
1997aj 0.581 23.164 0.0922496612459905 1.010 0.063166446789415 0.218 0.0963846460801719 0.00341 -0.00120 0.00170 
1997ai 0.450 22.918 0.0493963561409139 0.742 0.0697137002317335 0.045 0.0522494019104525 -0.00042 0.00072 -0.00075 
1997af 0.579 23.574 0.102615788258922 0.902 0.0515751878329105 -0.157 0.168849045007664 0.00231 -0.00899 0.00086 
1997ac 0.320 21.888 0.0383405790253616 1.049 0.0154919333848297 0.027 0.0306594194335118 0.00014 0.00061 0.00003 
1997r 0.657 23.917 0.122474487139159 0.975 0.111175536877498 0.046 0.157480157480236 0.00363 -0.01206 0.00654 
1997p 0.472 23.134 0.0610737259384099 0.938 0.0413521462562707 0.113 0.139570770578943 0.00088 0.00060 -0.00044 
1997o 0.374 23.323 0.145189531303052 1.065 0.0562138772902208 -0.180 0.325775996660282 0.00380 0.04354 0.00461 
1997h 0.526 23.182 0.0570964096944808 0.934 0.0214476105895272 0.170 0.0881476034841561 0.00014 -0.00118 -0.00011 
1997g 0.763 24.365 0.289534108526094 0.904 0.116318528188763 -0.359 0.240249869927124 0.01066 -0.05706 0.00363 
1997f 0.580 23.406 0.0683373982530796 1.107 0.0487852436706019 -0.044 0.0775241897732572 0.00125 -0.00139 0.00073 
1996cn 0.430 23.218 0.0544058820349418 0.954 0.0734846922834953 0.250 0.0936482781475452 0.00079 0.00231 0.00087 
1996cm 0.450 23.253 0.06 0.976 0.0406201920231798 0.106 0.109772492000501 0.00108 0.00141 -0.00040 
1996cl 0.828 24.546 0.166403124970657 1.378 1.13402380927386 0.049 0.169381226822809 0.07061 0.01682 0.08791 
1996ck 0.656 23.769 0.114673449411797 0.855 0.0872353139502575 -0.128 0.142056326856638 0.00189 -0.01076 0.00274 
1996ci 0.495 22.821 0.0549545266561363 0.917 0.0876356092008266 -0.045 0.0758946638440411 0.00101 0.00031 -0.00026 
1996cg 0.490 23.066 0.0494974746830583 0.981 0.0340587727318528 0.229 0.0482700735445887 0.00011 0.00022 0.00012 
1996cf 0.570 23.307 0.0625299928034539 1.083 0.0981835016690686 -0.014 0.0712741187248219 0.00135 -0.00084 0.00130 
1995ba 0.388 22.547 0.0679705818718657 0.948 0.0356370593624109 -0.138 0.0798749021908634 0.00143 0.00306 0.00056 
1995az 0.450 22.614 0.0612372435695794 0.954 0.0382099463490856 -0.156 0.0804984471899924 0.00106 0.00182 0.00052 
1995ay 0.480 23.060 0.0554075807087803 0.838 0.0467974358271904 0.015 0.0961249187255833 0.00099 0.00086 0.00027 
1995ax 0.615 23.217 0.104642247682282 1.117 0.159874951133691 0.022 0.150133274126691 0.00638 -0.00609 0.00926 
1995aw 0.400 22.176 0.0541294744108974 1.199 0.0475394572960188 -0.169 0.0857321409974112 0.00094 0.00249 0.00016 
1995at 0.655 23.221 0.107563934476199 1.145 0.131415372007996 0.163 0.105451410611713 0.00699 -0.00637 0.00138 
1995as 0.498 23.656 0.0592452529743945 1.044 0.1236122971229 -0.008 0.11916375287813 -0.00039 -0.00003 0.00162 
1995ar 0.465 23.368 0.107842477716343 0.933 0.143422452914458 0.328 0.242610799429869 0.01199 0.00493 0.00165 
1995aq 0.453 23.201 0.0629285308902091 0.931 0.0490917508345343 -0.118 0.0873498712076898 0.00021 0.00139 0.00033 
1994g 0.425 22.337 0.152446712001276 0.895 0.0952890339965728 0.091 0.114105214604767 0.01147 0.01552 0.00705 
03D4au 0.468 23.856 0.0493963561409139 1.000 0.0337638860322683 0.291 0.0387298334620742 0.00010 0.00038 -0.00002 
04D4bk 0.840 24.314 0.0902773504263389 1.050 0.0618061485614498 0.142 0.118067777145164 0.00105 -0.00327 0.00195 
04D3nr 0.960 24.542 0.132476412994918 0.922 0.0592452529743945 0.070 0.143944433723573 0.00122 -0.01087 0.00259 
04D3lu 0.822 24.342 0.0875214259481643 0.950 0.0304959013639538 0.019 0.124819870213039 0.00040 -0.00372 0.00013 
04D3ki 0.930 24.871 0.17343586710943 0.901 0.0465832587954085 -0.257 0.230997835487695 0.00109 -0.03272 0.00049 
04D3gt 0.451 23.235 0.044497190922574 0.953 0.0137840487520902 0.276 0.0236643191323985 0.00007 0.00013 -0.00001 
04D3do 0.610 23.574 0.06 0.861 0.018165902124585 -0.079 0.0256904651573303 0.00013 -0.00009 0.00013 
04D3cp 0.830 24.235 0.096591925128346 1.110 0.0319374388453426 -0.447 0.166132477258361 0.00045 -0.00878 0.00005 
04D2gp 0.707 24.151 0.0894427190999916 0.799 0.05 -0.052 0.0803741251896405 0.00082 -0.00217 0.00146 
04D2fp 0.415 22.528 0.0404969134626332 0.964 0.0104880884817015 0.006 0.0161245154965971 0.00006 0.00010 0.00002 
04D1ag 0.557 23.003 0.0562138772902208 0.944 0.0260768096208106 -0.181 0.0330151480384384 0.00039 0.00009 0.00050 
03D4fd 0.791 24.213 0.0808084154033477 0.938 0.0459347363114234 0.045 0.0575325994545701 0.00000 -0.00095 0.00146 
03D4cz 0.695 24.026 0.0756306816047562 0.749 0.0272029410174709 -0.062 0.0470106370941726 0.00072 -0.00002 0.00047 
03D4at 0.633 23.741 0.072525857457875 0.976 0.0585662018573853 -0.083 0.061400325732035 0.00094 -0.00067 0.00132 
03D3bh 0.249 21.132 0.0808702664766229 0.993 0.0319374388453426 -0.090 0.0559464029227975 0.00153 0.00388 0.00062 
03D3af 0.532 23.485 0.0635609943282828 0.943 0.0372827037646145 0.028 0.0507937003968012 0.00103 -0.00055 -0.00017 
03D1fc 0.331 21.800 0.0337638860322683 0.937 0.0122474487139159 0.042 0.01 0.00009 0.00005 0.00002 
03D1bp 0.346 22.449 0.0411096095821889 0.841 0.0130384048104053 0.119 0.0313049516849971 0.00002 0.00064 0.00001 
04D4dw 0.961 24.566 0.154887055624413 0.961 0.0781024967590666 -0.118 0.186467155284785 -0.00090 -0.02149 0.00552 
04D4an 0.613 24.022 0.0613188388670236 0.823 0.0248997991959775 0.064 0.0246981780704569 0.00038 -0.00003 0.00021 
04D3nh 0.340 22.140 0.0337638860322683 1.013 0.0144913767461894 0.085 0.00894427190999916 0.00009 0.00003 0.00006 
04D3lp 0.983 24.926 0.243063777638709 0.833 0.0648845127900333 0.022 0.282258746542955 0.00197 -0.05941 0.00129 
04D3is 0.710 24.260 0.0752994023880668 0.978 0.0386005181312376 0.220 0.0483735464897913 0.00052 -0.00056 0.00063 
04D3fq 0.730 24.131 0.073348483283569 0.920 0.0327108544675923 0.009 0.0428952211790544 0.00011 -0.00049 0.00059 
04D3df 0.470 23.465 0.0479583152331272 0.730 0.0197484176581315 0.060 0.0344963766213207 0.00011 0.00018 0.00000 
04D3co 0.620 23.781 0.0618061485614498 0.893 0.0170293863659264 -0.064 0.0298328677803526 0.00022 -0.00003 0.00013 
04D2gc 0.521 23.321 0.0559464029227975 1.066 0.0458257569495584 0.185 0.042190046219458 0.00066 0.00022 0.00010 
04D2cf 0.369 22.340 0.0360555127546399 0.894 0.0234520787991171 -0.001 0.0134164078649987 -0.00004 0.00004 0.00008 
03D4gl 0.571 23.255 0.0724568837309472 0.978 0.0615629758864855 0.031 0.0505964425626941 0.00245 0.00049 0.00140 
03D4dy 0.604 23.320 0.0580517010948 1.062 0.0194935886896179 0.112 0.0219089023002066 0.00006 -0.00010 0.00010 
03D4cy 0.927 24.719 0.156907616131276 1.050 0.0643428317685816 -0.291 0.21019038988498 0.00113 -0.02468 0.00182 
03D4ag 0.285 21.214 0.0319374388453426 1.017 0.0167332005306815 -0.078 0.0122474487139159 0.00017 -0.00003 0.00000 
03D3ba 0.291 22.048 0.0549545266561363 1.036 0.0294957624075053 0.263 0.0204939015319192 -0.00066 0.00077 -0.00022 
03D1gt 0.548 24.119 0.0752329714952161 0.856 0.0483735464897913 0.244 0.058309518948453 0.00235 0.00212 0.00182 
03D1ew 0.868 24.373 0.140925512239623 1.020 0.058309518948453 -0.113 0.250259864940425 0.00085 -0.02671 0.00060 
03D1ax 0.496 22.965 0.0512835256198323 0.877 0.0194935886896179 -0.047 0.0413521462562707 -0.00005 0.00001 0.00000 
04D4dm 0.811 24.390 0.085146931829632 1.000 0.0509901951359278 -0.160 0.134944433008554 0.00022 -0.00349 0.00164 
04D3oe 0.756 24.083 0.0856737999624156 0.814 0.0314642654451045 -0.228 0.0574456264653803 0.00045 -0.00123 0.00086 
04D3nc 0.817 24.271 0.0848528137423857 1.111 0.0507937003968012 0.062 0.110950439386241 0.00085 -0.00217 0.00143 
04D3ks 0.752 23.882 0.0792464510246358 1.013 0.0398748040747538 0.024 0.0458257569495584 0.00049 -0.00067 0.00101 
04D3hn 0.552 23.475 0.0544977063737548 0.898 0.017606816861659 0.106 0.0286356421265527 0.00013 -0.00001 0.00006 
04D3fk 0.358 22.534 0.0356370593624109 0.916 0.00447213595499958 0.149 0.0134164078649987 0.00000 0.00005 -0.00000 
04D3dd 1.010 25.120 0.274899981811567 1.088 0.099247166206396 -0.071 0.27557213211789 0.00811 -0.06629 -0.00099 
04D2ja 0.741 24.098 0.0746324326281812 0.945 0.0230217288664427 -0.067 0.0273861278752583 0.00034 -0.00039 0.00012 
04D2gb 0.430 22.796 0.0458257569495584 0.777 0.0158113883008419 -0.008 0.0304959013639538 0.00015 0.00042 0.00007 
04D1ak 0.526 23.631 0.0597494769851586 0.824 0.0256904651573303 0.018 0.0407430975749267 0.00071 0.00066 0.00049 
03D4gg 0.592 23.400 0.0670074622710038 1.000 0.0760920495189872 0.077 0.0537587202228625 0.00089 -0.00083 0.00167 
03D4di 0.905 24.295 0.116447413024077 1.102 0.0503984126734166 0.016 0.141950695665784 0.00091 -0.00981 0.00050 
03D4cx 0.949 24.498 0.135609734163887 0.898 0.0637965516309463 0.089 0.153264477293338 0.00095 -0.01364 0.00121 
03D3cd 0.461 22.561 0.095603347221737 1.128 0.175556258789028 0.020 0.0574456264653803 0.01430 0.00368 0.00669 
03D3ay 0.371 22.201 0.0418330013267038 0.968 0.0154919333848297 -0.018 0.020976176963403 0.00025 0.00026 0.00004 
03D1fq 0.800 24.518 0.0960728889958036 0.773 0.0579655069847578 -0.387 0.212414688757628 0.00144 -0.00770 0.00228 
03D1co 0.679 24.104 0.0717635004720366 1.014 0.0339116499156263 0.002 0.0478539444560216 0.00049 -0.00015 0.00066 
03D1aw 0.582 23.587 0.0659545297913646 0.977 0.0449444101084885 0.010 0.0573585215987999 0.00006 -0.00013 0.00092 
04D4bq 0.550 23.362 0.0601664358259653 0.995 0.0446094160463909 0.112 0.0423083916026124 0.00097 0.00062 0.00076 
04D3ny 0.810 24.273 0.0967987603226405 1.005 0.100548495761995 -0.065 0.18349386910739 0.00318 -0.00700 0.00213 
04D3ml 0.950 24.552 0.13 1.191 0.145705181788432 0.135 0.162665300540712 0.00374 -0.00909 0.01340 
04D3kr 0.337 21.968 0.0342052627529741 1.065 0.0130384048104053 0.073 0.0126491106406735 0.00009 0.00008 0.00006 
04D3gx 0.910 24.708 0.113357840487546 0.952 0.0375499667110372 -0.202 0.130652210084637 0.00033 -0.00901 0.00072 
04D3ez 0.263 21.678 0.0275680975041804 0.895 0.0154919333848297 0.091 0.00894427190999916 0.00005 0.00003 0.00003 
04D3cy 0.643 23.798 0.0658786763680024 0.963 0.0234520787991171 0.018 0.0366060104354463 0.00035 -0.00015 0.00027 
04D2iu 0.691 24.258 0.0713442359269479 0.799 0.0225831795812724 0.074 0.0357770876399966 0.00034 -0.00051 0.00006 
04D2fs 0.357 22.424 0.0388587184554509 0.940 0.0192353840616713 0.128 0.017606816861659 0.00023 0.00018 0.00011 
04D1aj 0.721 23.901 0.0772657750883274 1.074 0.0863712915267567 0.072 0.0491934955049954 0.00194 -0.00003 0.00255 
03D4gf 0.581 23.353 0.0567450438364444 1.019 0.0340587727318528 -0.051 0.0308220700148449 0.00018 -0.00014 0.00055 
03D4dh 0.627 23.391 0.0607453701939498 1.040 0.0189736659610103 0.014 0.0232379000772445 0.00011 -0.00012 0.00010 
03D4cn 0.818 24.646 0.102225241501304 0.751 0.0843800924389159 0.028 0.209332271759516 0.00131 -0.01026 -0.00056 
03D3aw 0.449 22.552 0.049598387070549 0.955 0.0207364413533277 -0.048 0.0306594194335118 0.00042 0.00012 -0.00005 
03D1fl 0.688 23.631 0.0718331399842719 0.956 0.047116875957559 -0.074 0.0435889894354067 0.00019 -0.00067 0.00066 
03D1cm 0.870 24.460 0.112294256309038 1.186 0.0629285308902091 -0.041 0.172133668990119 0.00045 -0.01138 -0.00121 
03D1au 0.504 22.984 0.049598387070549 1.078 0.0244948974278318 0.033 0.0286356421265527 -0.00006 0.00003 0.00019 
