 0.50614 2.38726e-03
 0.51841 4.60337e-03
 0.53068 0.00000e+00
 0.54295 0.00000e+00
 0.55522 2.05076e-03
 0.56750 0.00000e+00
 0.57977 0.00000e+00
 0.59204 1.78315e-03
 0.60431 3.46998e-03
 0.61658 0.00000e+00
 0.62885 0.00000e+00
 0.64113 1.55438e-03
 0.65340 1.50549e-03
 0.66567 5.86460e-03
 0.67794 0.00000e+00
 0.69021 4.12256e-03
 0.70249 4.00361e-03
 0.71476 2.58107e-03
 0.72703 1.27412e-03
 0.73930 3.67485e-03
 0.75157 1.18076e-03
 0.76385 1.15157e-03
 0.77612 2.27141e-03
 0.78839 4.44551e-03
 0.80066 2.16919e-03
 0.81293 1.05954e-03
 0.82520 3.11751e-03
 0.83748 0.00000e+00
 0.84975 9.88788e-04
 0.86202 0.00000e+00
 0.87429 0.00000e+00
 0.88656 1.89077e-03
 0.89884 1.85316e-03
 0.91111 9.11006e-04
 0.92338 2.68428e-03
 0.93565 2.65244e-03
 0.94792 8.69469e-04
 0.96020 8.65728e-04
 0.97247 1.70159e-03
 0.98474 1.68527e-03
 0.99701 8.37711e-04
 1.00928 2.48899e-03
 1.02155 2.46566e-03
 1.03383 1.63443e-03
 1.04610 8.13406e-04
 1.05837 2.41972e-03
 1.07064 2.40964e-03
 1.08291 8.00022e-04
 1.09519 0.00000e+00
 1.10746 2.38212e-03
 1.11973 1.58516e-03
 1.13200 7.91606e-04
 1.14427 2.37281e-03
 1.15655 3.16417e-03
 1.16882 7.91330e-04
 1.18109 7.92936e-04
 1.19336 2.38362e-03
 1.20563 3.98034e-03
 1.21790 1.59734e-03
 1.23018 8.00102e-04
 1.24245 3.22157e-03
 1.25472 4.04160e-03
 1.26699 1.63065e-03
 1.27926 4.90648e-03
 1.29154 8.25899e-04
 1.30381 3.31676e-03
 1.31608 3.33640e-03
 1.32835 2.52382e-03
 1.34062 2.54600e-03
 1.35290 1.70953e-03
 1.36517 2.58743e-03
 1.37744 1.73715e-03
 1.38971 0.00000e+00
 1.40198 8.87769e-04
 1.41425 2.68662e-03
 1.42653 3.62169e-03
 1.43880 1.83339e-03
 1.45107 1.84896e-03
 1.46334 9.35863e-04
 1.47561 2.82862e-03
 1.48789 2.86285e-03
 1.50016 0.00000e+00
 1.51243 9.75451e-04
 1.52470 9.84371e-04
 1.53697 9.97312e-04
 1.54925 0.00000e+00
 1.56152 3.04596e-03
 1.57379 3.06491e-03
 1.58606 1.03077e-03
 1.59833 3.12334e-03
 1.61060 3.16528e-03
 1.62288 2.12835e-03
 1.63515 3.20500e-03
 1.64742 0.00000e+00
 1.65969 3.25635e-03
 1.67196 2.18589e-03
 1.68424 0.00000e+00
 1.69651 2.20905e-03
 1.70878 1.11018e-03
 1.72105 3.36055e-03
 1.73332 0.00000e+00
 1.74560 1.12961e-03
 1.75787 0.00000e+00
 1.77014 4.53885e-03
 1.78241 2.27830e-03
 1.79468 0.00000e+00
 1.80695 0.00000e+00
 1.81923 2.28791e-03
 1.83150 1.14521e-03
 1.84377 1.14554e-03
 1.85604 3.43568e-03
 1.86831 2.28988e-03
 1.88059 3.43123e-03
 1.89286 1.14189e-03
 1.90513 2.28181e-03
 1.91740 2.27743e-03
 1.92967 0.00000e+00
 1.94195 0.00000e+00
 1.95422 3.38642e-03
 1.96649 4.50748e-03
 1.97876 0.00000e+00
 1.99103 2.24023e-03
 2.00330 1.11694e-03
 2.01558 1.11018e-03
 2.02785 2.21368e-03
 2.04012 3.30970e-03
 2.05239 3.29630e-03
 2.06466 2.18790e-03
 2.07694 2.17668e-03
 2.08921 4.34042e-03
 2.10148 3.24140e-03
 2.11375 5.38568e-03
 2.12602 1.07096e-03
 2.13830 1.06609e-03
 2.15057 5.31640e-03
 2.16284 1.06126e-03
 2.17511 2.10968e-03
 2.18738 2.10350e-03
 2.19965 2.09791e-03
 2.21193 2.08777e-03
 2.22420 4.16594e-03
 2.23647 5.18698e-03
 2.24874 2.06947e-03
 2.26101 1.03166e-03
 2.27329 1.02962e-03
 2.28556 4.10153e-03
 2.29783 3.06983e-03
 2.31010 2.04097e-03
 2.32237 3.05511e-03
 2.33465 1.01695e-03
 2.34692 2.02845e-03
 2.35919 2.02542e-03
 2.37146 3.03332e-03
 2.38373 1.00944e-03
 2.39600 1.00908e-03
 2.40828 0.00000e+00
 2.42055 1.00652e-03
 2.43282 0.00000e+00
 2.44509 2.00992e-03
 2.45736 2.00919e-03
 2.46964 2.00855e-03
 2.48191 2.00816e-03
 2.49418 2.00792e-03
 2.50645 3.01198e-03
 2.51872 1.00413e-03
 2.53100 1.00438e-03
 2.54327 1.00478e-03
 2.55554 2.01079e-03
 2.56781 1.00573e-03
 2.58008 1.00690e-03
 2.59235 1.00775e-03
 2.60463 3.02499e-03
 2.61690 1.00928e-03
 2.62917 1.01003e-03
 2.64144 3.03464e-03
 2.65371 1.01220e-03
 2.66599 2.02814e-03
 2.67826 3.04477e-03
 2.69053 3.04856e-03
 2.70280 2.03541e-03
 2.71507 2.03738e-03
 2.72735 0.00000e+00
 2.73962 2.04368e-03
 2.75189 3.06941e-03
 2.76416 0.00000e+00
 2.77643 2.05220e-03
 2.78870 3.08155e-03
 2.80098 2.05702e-03
 2.81325 0.00000e+00
 2.82552 4.12486e-03
 2.83779 2.06449e-03
 2.85006 2.06691e-03
 2.86234 2.06840e-03
 2.87461 3.10813e-03
 2.88688 1.03704e-03
 2.89915 5.18899e-03
 2.91142 2.07773e-03
 2.92370 0.00000e+00
 2.93597 2.08122e-03
 2.94824 1.04131e-03
 2.96051 1.04188e-03
 2.97278 0.00000e+00
 2.98505 1.04300e-03
 2.99733 1.04335e-03
 3.00960 0.00000e+00
 3.02187 0.00000e+00
 3.03414 1.04400e-03
 3.04641 1.04404e-03
 3.05869 1.04402e-03
 3.07096 3.13151e-03
 3.08323 3.13087e-03
 3.09550 1.04324e-03
 3.10777 2.08617e-03
 3.12005 0.00000e+00
 3.13232 1.04213e-03
 3.14459 3.12424e-03
 3.15686 2.08105e-03
 3.16913 0.00000e+00
 3.18140 3.11729e-03
 3.19368 2.07509e-03
 3.20595 3.11051e-03
 3.21822 2.07131e-03
 3.23049 3.10419e-03
 3.24276 2.06686e-03
 3.25504 1.03159e-03
 3.26731 3.09296e-03
 3.27958 2.05792e-03
 3.29185 3.08456e-03
 3.30412 0.00000e+00
 3.31640 3.07524e-03
 3.32867 2.04760e-03
 3.34094 1.02144e-03
 3.35321 5.10139e-03
 3.36548 2.03647e-03
 3.37775 3.05151e-03
 3.39003 2.03009e-03
 3.40230 0.00000e+00
 3.41457 5.05925e-03
 3.42684 3.02994e-03
 3.43911 1.00888e-03
 3.45139 2.01384e-03
 3.46366 4.01958e-03
 3.47593 3.00912e-03
 3.48820 2.00261e-03
 3.50047 9.99659e-04
 3.51275 0.00000e+00
 3.52502 3.98764e-03
 3.53729 1.98835e-03
 3.54956 9.92830e-04
 3.56183 0.00000e+00
 3.57410 4.94961e-03
 3.58638 3.95415e-03
 3.59865 1.97532e-03
 3.61092 1.97070e-03
 3.62319 2.95372e-03
 3.63546 9.83591e-04
 3.64774 1.96294e-03
 3.66001 0.00000e+00
 3.67228 9.79187e-04
 3.68455 9.78106e-04
 3.69682 0.00000e+00
 3.70910 0.00000e+00
 3.72137 9.75654e-04
 3.73364 0.00000e+00
 3.74591 0.00000e+00
 3.75818 9.72750e-04
 3.77045 9.72419e-04
 3.78273 2.91445e-03
 3.79500 2.91315e-03
 3.80727 1.94073e-03
 3.81954 9.70270e-04
 3.83181 2.90983e-03
 3.84409 9.69688e-04
 3.85636 9.69481e-04
 3.86863 9.69433e-04
 3.88090 5.81652e-03
 3.89317 0.00000e+00
 3.90545 0.00000e+00
 3.91772 9.70064e-04
 3.92999 3.88128e-03
 3.94226 9.70601e-04
 3.95453 0.00000e+00
 3.96680 1.94338e-03
 3.97908 3.88992e-03
 3.99135 9.72930e-04
 4.00362 9.74511e-04
 4.01589 2.92513e-03
 4.02816 3.90541e-03
 4.04044 1.95447e-03
 4.05271 2.93506e-03
 4.06498 9.79248e-04
 4.07725 2.94467e-03
 4.08952 1.96535e-03
 4.10180 2.95238e-03
 4.11407 2.95785e-03
 4.12634 3.94945e-03
 4.13861 9.89699e-04
 4.15088 1.98339e-03
 4.16315 2.98000e-03
 4.17543 0.00000e+00
 4.18770 3.99041e-03
 4.19997 9.99472e-04
 4.21224 4.01084e-03
 4.22451 3.01413e-03
 4.23679 1.00732e-03
 4.24906 2.01979e-03
 4.26133 3.03959e-03
 4.27360 1.01534e-03
 4.28587 1.01804e-03
 4.29815 0.00000e+00
 4.31042 0.00000e+00
 4.32269 3.08067e-03
 4.33496 3.08824e-03
 4.34723 4.13353e-03
 4.35950 2.07290e-03
 4.37178 3.11749e-03
 4.38405 2.08532e-03
 4.39632 1.04561e-03
 4.40859 0.00000e+00
 4.42086 2.10869e-03
 4.43314 2.11363e-03
 4.44541 1.06249e-03
 4.45768 3.19579e-03
 4.46995 1.06981e-03
 4.48222 4.28747e-03
 4.49450 2.15322e-03
 4.50677 2.15952e-03
 4.51904 2.16571e-03
 4.53131 1.08548e-03
 4.54358 3.27434e-03
 4.55585 2.19003e-03
 4.56813 0.00000e+00
 4.58040 3.30086e-03
 4.59267 1.10578e-03
 4.60494 3.32681e-03
 4.61721 2.22310e-03
 4.62949 1.11634e-03
 4.64176 4.47510e-03
 4.65403 1.12153e-03
 4.66630 4.50158e-03
 4.67857 0.00000e+00
 4.69085 2.26193e-03
 4.70312 4.53597e-03
 4.71539 0.00000e+00
 4.72766 1.13910e-03
 4.73993 3.42387e-03
 4.75220 3.42986e-03
 4.76448 4.57875e-03
 4.77675 1.14698e-03
 4.78902 2.29713e-03
 4.80129 0.00000e+00
 4.81356 3.45062e-03
 4.82584 2.30185e-03
 4.83811 2.30267e-03
 4.85038 1.15153e-03
 4.86265 1.15153e-03
 4.87492 3.45282e-03
 4.88720 1.15026e-03
 4.89947 1.14982e-03
 4.91174 2.29538e-03
 4.92401 5.73332e-03
 4.93628 2.28977e-03
 4.94855 1.14146e-03
 4.96083 2.27874e-03
 4.97310 0.00000e+00
 4.98537 2.26748e-03
 4.99764 2.25626e-03
 5.00991 2.25320e-03
 5.02219 1.12174e-03
 5.03446 4.47276e-03
 5.04673 2.22479e-03
 5.05900 1.10719e-03
 5.07127 2.20268e-03
 5.08355 1.09862e-03
 5.09582 0.00000e+00
 5.10809 3.24874e-03
 5.12036 3.23056e-03
 5.13263 1.06763e-03
 5.14490 2.12641e-03
 5.15718 2.10991e-03
 5.16945 0.00000e+00
 5.18172 2.08472e-03
 5.19399 2.06532e-03
 5.20626 2.05334e-03
 5.21854 2.03719e-03
 5.23081 3.02151e-03
 5.24308 9.96305e-04
 5.25535 1.98240e-03
 5.26762 9.85934e-04
 5.27990 3.90176e-03
 5.29217 1.92695e-03
 5.30444 3.82336e-03
 5.31671 3.79530e-03
 5.32898 1.87616e-03
 5.34125 0.00000e+00
 5.35353 2.77300e-03
 5.36580 2.74522e-03
 5.37807 1.80785e-03
 5.39034 8.93865e-04
 5.40261 1.78007e-03
 5.41489 2.64573e-03
 5.42716 1.74256e-03
 5.43943 2.59717e-03
 5.45170 1.71028e-03
 5.46397 5.08706e-03
 5.47625 0.00000e+00
 5.48852 6.66112e-03
 5.50079 4.95625e-03
 5.51306 2.44691e-03
 5.52533 0.00000e+00
 5.53760 2.41627e-03
 5.54988 0.00000e+00
 5.56215 7.93427e-04
 5.57442 1.57014e-03
 5.58669 7.80559e-04
 5.59896 4.63611e-03
 5.61124 3.84224e-03
 5.62351 2.28812e-03
 5.63578 1.51899e-03
 5.64805 7.53755e-04
 5.66032 1.49687e-03
 5.67260 3.72584e-03
 5.68487 2.22137e-03
 5.69714 2.20545e-03
 5.70941 2.19625e-03
 5.72168 2.91836e-03
 5.73395 0.00000e+00
 5.74623 1.44513e-03
 5.75850 1.44047e-03
 5.77077 0.00000e+00
 5.78304 0.00000e+00
 5.79531 1.42744e-03
 5.80759 7.13039e-04
 5.81986 2.13290e-03
 5.83213 3.55115e-03
 5.84440 2.83827e-03
 5.85667 3.54505e-03
 5.86895 1.41753e-03
 5.88122 2.83525e-03
 5.89349 2.12774e-03
 5.90576 1.42009e-03
 5.91803 1.42186e-03
 5.93030 1.42567e-03
 5.94258 4.28290e-03
 5.95485 1.43198e-03
 5.96712 3.58921e-03
 5.97939 7.19240e-04
 5.99166 0.00000e+00
 6.00394 0.00000e+00
 6.01621 2.91954e-03
 6.02848 1.46895e-03
 6.04075 7.38501e-04
 6.05302 2.97109e-03
 6.06530 1.49275e-03
 6.07757 1.50451e-03
 6.08984 3.03518e-03
 6.10211 4.58924e-03
 6.11438 7.70152e-04
 6.12665 1.55419e-03
 6.13893 3.14270e-03
 6.15120 7.90554e-04
 6.16347 0.00000e+00
 6.17574 2.43178e-03
 6.18801 8.25105e-04
 6.20029 1.66037e-03
 6.21256 1.67892e-03
 6.22483 2.56768e-03
 6.23710 8.64647e-04
 6.24937 8.80754e-04
 6.26165 8.83471e-04
 6.27392 8.95386e-04
 6.28619 3.67485e-03
 6.29846 3.72548e-03
 6.31073 0.00000e+00
 6.32300 9.58831e-04
 6.33528 9.82430e-04
 6.34755 9.92631e-04
 6.35982 4.06038e-03
 6.37209 3.10662e-03
 6.38436 3.16645e-03
 6.39664 1.06647e-03
 6.40891 0.00000e+00
 6.42118 3.34333e-03
 6.43345 2.28478e-03
 6.44572 2.35121e-03
 6.45800 2.38482e-03
 6.47027 0.00000e+00
 6.48254 5.00392e-03
 6.49481 2.54772e-03
 6.50708 1.30101e-03
 6.51935 1.33068e-03
 6.53163 2.76067e-03
 6.54390 2.85542e-03
 6.55617 0.00000e+00
 6.56844 1.49954e-03
 6.58071 6.16451e-03
 6.59299 0.00000e+00
 6.60526 1.63970e-03
 6.61753 1.65864e-03
 6.62980 1.73759e-03
 6.64207 5.27175e-03
 6.65435 3.65777e-03
 6.66662 0.00000e+00
 6.67889 0.00000e+00
 6.69116 2.03018e-03
 6.70343 2.07994e-03
 6.71570 2.13115e-03
 6.72798 0.00000e+00
 6.74025 2.27847e-03
 6.75252 0.00000e+00
 6.76479 2.46572e-03
 6.77706 0.00000e+00
