# npar = 1, n_ded = 0
#         weight            chi2        param[0]
#                                     alpha_topo
      1.10563289              -5      1.56458126
       1.1275825              -1      4.36708256
      1.10529513              -1      2.68889583
      1.12566415              -5       2.8890283
      1.06123992              -7      3.97558374
     0.782350186              -0       5.6979855
     0.763621755              -0      5.75023401
     0.898126179              -0      5.49971108
      1.05830087              -7      3.85633589
      1.18835954              -5      2.03600433
      1.10861111              -4      3.35868968
      0.81896269              -0      6.09815132
      1.08634003              -4      3.52026664
      1.80750702              -9     0.552016609
      1.11127983              -4      2.74459249
      1.13076478              -0        6.377917
      1.13373929              -9      1.60174511
      1.20926901              -7       5.0049457
      1.09418952              -6      2.44883783
      1.23014957              -4       4.8333134
      1.11293318              -7      2.29341011
     0.885168179              -9      1.27229828
      1.13947005              -5       2.1878621
     0.754604176              -0      5.95404096
     0.903702119              -5      1.30699352
      1.09616856              -4      2.58321297
      1.11856179              -7      4.33186278
     0.998103032              -1      5.36668622
      1.51450875              -7      6.57927054
     0.902247769              -9      1.30449982
        1.925081              -9     0.517516055
      1.06137804              -7      3.97788904
      1.68337147              -0      6.65087229
     0.814573095              -7      6.09145864
      1.13224207              -2       3.0715413
      1.13201568              -4      3.08489171
     0.964449456              -0      5.41061812
      0.97709461              -1      5.39409678
      0.89814765              -0      5.49968104
      1.10150165              -7      3.41100366
     0.926589229              -0      5.46073058
     0.901779028              -0      6.19857428
      1.37498781              -0      6.51381437
      1.09473234              -5      2.55693754
      1.02026864              -0      6.30146933
      1.09336802              -5      2.47819903
     0.913853301              -9      1.32362998
     0.845318549              -0      5.57819186
      1.20184259              -4      4.64178263
     0.848793383              -0      6.13899915
      1.11832596              -2      4.33091874
      1.18299239              -5      2.05270671
      1.10249819              -4      4.26385073
      1.09404045              -4       3.4644106
       1.0598378              -4      3.79534968
      1.12732392              -2      1.59295462
      1.15798294              -2       4.4779575
      1.09786119              -4      5.23024474
      1.17389328              -7      2.08038531
      1.08708789              -1      4.18773187
      1.21557592              -0      6.42911665
      0.74822935              -0      5.91911971
     0.745149183              -0      5.88008165
      1.07707203              -1      3.59236544
      1.11097688              -9      1.57140755
     0.913037147              -0      6.20980077
     0.926905799              -9      1.34345769
      1.09115588              -7      3.48512032
      1.95944188              -9      0.50780225
      1.22488442              -9      1.86119086
      1.04409907              -5      1.49027109
      1.32178241              -0       6.4869182
      1.10744013              -0      5.21582336
      1.15473396              -2      5.13679163
     0.787114588              -0      5.68679346
     0.978794375              -0      6.26870395
      1.13884191              -0      6.38302882
      0.87700915              -9      1.25409267
      1.12909373              -2      2.22471513
      1.06443936              -9      1.51427123
     0.906337506              -9      1.00397117
     0.814412092              -0      5.63112203
     0.745898156              -0      5.89600362
     0.948219445              -9       1.3732354
      1.14875626              -5      2.15740597
      1.08177234              -0      5.25368978
      1.12534975              -7      3.20883579
      1.08559328              -0          5.2482
     0.826067618              -0      5.61025472
       1.1072496              -2      2.32399153
      1.12715674              -5      2.90865691
       1.1222135              -7      4.34631979
      0.75581025              -0      5.95907196
     0.745056989              -0      5.87514682
      1.00664691              -0      6.29100983
      1.09434955              -2      3.46219957
     0.796228793              -0      5.66683798
     0.750752426              -4      5.93530438
      1.51305034              -0      6.57861917
     0.897662922              -0      5.50035947
       1.1013549              -6      3.41206131
      1.12633125              -2      2.89754723
     0.830376813              -0      5.60284543
     0.906795093              -9      1.31219828
      1.07147675              -1      4.08658204
      1.11388782              -1      3.31745119
     0.778674248              -0      6.02544868
      1.06030174              -1      3.78471079
      1.10313948              -5      2.35034749
      1.18853572              -5      2.03544874
      1.22349615              -1      4.75486529
      1.12021664              -7       3.2624784
     0.870743516              -9      1.23792894
     0.752188576              -0      5.94287911
     0.901883087              -9      1.01027835
      1.16256581              -0      5.12181469
      1.10918595              -9      1.56910939
      1.10452221              -2      4.27291106
     0.872912003              -9      1.24380591
      1.12231074              -5      2.85046383
       1.1155417              -1       5.2033024
      0.99354319              -5      1.43046084
      1.05851422              -7      3.84033509
     0.975187665              -9     0.929367474
     0.748577924              -0      5.81878788
     0.746107059              -0      5.84221319
      1.22137341              -0      4.74015364
      1.22168934              -4       4.7422403
      1.53037239              -9     0.643210142
      1.16570903              -5      2.10507193
      1.21116823              -5      1.74970805
      1.22458881              -2      1.86743847
      1.09326234              -1      2.50189391
      1.13117733              -7      4.38070404
      1.13235171              -1      3.03550406
     0.790245131              -0      5.67974361
      1.12024503              -5      2.82903265
      1.12930263              -5      2.94190705
      1.03169169              -6      5.32247349
      1.20238717              -5      1.98929502
      1.10438082              -5      2.67999085
     0.773437239              -0       6.0131177
       1.1199148              -6       2.8257179
     0.860599295              -9      1.20314936
     0.999485565              -9      1.43760809
      1.13140355              -7      3.10754919
      1.22160676              -4       4.9519279
      1.04101619              -4      5.31000787
     0.971699055              -0      5.40114017
      1.05914946              -2      3.92995229
      1.17029916              -5      2.09122335
      1.91279698              -0      6.73845063
     0.751473038              -0      5.93921291
      1.08050255              -1      4.14948766
      1.02694567              -0       5.3287777
      1.21561575              -4      4.70632165
      1.09081903              -7      4.20757784
       1.1080252              -7      2.71468998
      1.19381693              -5      2.01850643
     0.880600663              -0      6.17625532
      1.10012755              -2      3.42088658
      1.21541321              -9      1.76531469
      1.21864463              -5       1.9187371
      1.13056481              -2      3.12897897
     0.945574552              -0       5.4354332
      1.19935276              -7      4.63139536
      1.21515546              -7      4.70387312
      1.12209459              -4      2.84815701
     0.751292292              -0       5.9382544
      1.11208054              -0      6.36587587
      1.10718438              -7      3.36941003
     0.899992773              -1      5.49710379
      1.20716472              -7      4.66502243
      1.20836923              -1       4.6705229
      1.13032519              -2       2.9615811
     0.824102439              -0       5.6136847
      1.30039823              -9     0.735139204
      1.12984871              -5      2.22189835
     0.855254264              -9      1.16714315
      1.10142628              -0       6.3588674
     0.746349145              -7      5.83915822
      1.08895349              -1      3.50107745
      1.11205263              -7      2.75164905
      1.04222809              -0      5.30837903
      1.19009652              -5      2.03050224
      1.11960016              -9      1.58263628
      1.70253741              -0      6.65857247
      1.11608439              -4      2.78879905
     0.795699941              -2      5.66795125
     0.882769853              -9      1.04172717
      1.12636838              -4      2.89803258
      1.09478839              -7      4.22757896
      1.07580684              -7      4.11875367
     0.889593171              -9      1.28126013
      1.07034217              -1       3.6524761
      1.01505964              -9     0.896595628
      1.06528919              -0      5.27690424
      1.11425348              -6      6.36729228
       1.2191428              -5      1.78230861
      1.07617847              -6      4.12132188
      1.17838396              -5      2.06679168
      1.22392528              -5      1.81689202
      1.22996828              -4      4.87473838
      1.11462012              -2      3.31146815
      1.06166667              -7      3.75873073
      1.07748803              -2      3.58892969
      1.12078042              -4      2.83446571
      1.33155129              -9     0.721432679
      1.07488795              -1      3.61084929
      1.20245493              -7       4.6443797
      1.22198209              -5      1.89623251
      0.93231632              -0      5.45305307
     0.923758606              -7      5.46454246
      1.16397535              -5      2.11031784
     0.776580969              -0       5.7124363
      1.10382892              -7      2.67452784
      1.15031913              -5      2.15244275
       1.1533881              -7      4.46160437
     0.772755337              -0      5.72269085
        1.200434              -4       4.6358736
      1.22604982              -2      4.92285867
       1.1007074              -7      2.36873472
      1.05929197              -1      3.93417973
      1.92078786              -9     0.518740801
     0.860730549              -9      1.20373429
      1.11659714              -4      2.79361352
      1.04559703              -4      5.30383944
      1.22889954              -0      4.89398294
      1.12128582              -6      2.83966745
     0.809859913              -1      6.08402369
      1.12039413              -2      3.26080146
      1.10240018              -1      4.26340761
      1.05880049              -7      3.82684537
      1.04528542              -9      1.49166484
      1.08660353              -5      1.54092491
      1.07156913              -0      6.33862779
     0.836134054              -0      6.12252827
      0.75686661              -6      5.96324653
      1.09659002              -4      4.23633353
      1.22401657              -1      4.75876215
      1.17029076              -9      1.65754445
      1.17271289              -5      1.66174244
      1.05823078              -7      3.87647544
      1.12535679              -5      2.23905303
      1.08209862              -1      3.55227794
      1.08189866              -0      6.34573443
      1.15989433              -1      4.48475038
      1.19105717              -9     0.787702691
      1.10737395              -5      2.32326114
     0.970250784              -9      1.40179167
      1.10993964              -1      2.30886282
       1.1276886              -1      2.91621892
      1.06390662              -7      4.01343122
     0.860470707              -9      1.20257024
      1.23038902              -6      4.85711715
      1.16847475              -6      2.09672335
     0.775290026              -0      5.71582973
      1.19557316              -1      4.61608698
      1.09325996              -5      2.50144817
      1.12496597              -1      2.88047528
      1.07040005              -2      4.07779853
      1.06571122              -2      4.03397578
      1.10369842              -5      2.34646733
      1.22470788              -1      4.76416328
     0.781099841              -1      5.70102674
      1.38962782              -9     0.697071837
       1.0640777              -4      4.01550908
     0.875381583              -0      5.53224486
     0.925669079              -0      5.46196839
     0.873669049              -5      1.06076189
     0.856928856              -9      1.11935786
      1.09755516              -1       5.2306993
      1.22440073              -2      4.76172957
       1.2294687              -4      4.81686537
      1.19119382              -2      4.59890965
      1.12239655              -1      4.34703687
      1.09331458              -4      2.50830942
      1.13221634              -5      2.21321946
      1.11105175              -5      2.30297187
     0.772692139              -0      6.01127082
      1.09994838              -5      2.37510179
     0.877630489              -9      1.25557466
     0.915562677              -0      6.21226496
     0.935060483              -0      6.23068271
      1.21397101              -2      4.69770135
      1.07678484              -7      3.59475212
      1.10609924              -5      2.33091215
      0.93188006              -9      1.35065495
      1.20856517              -9      1.96601112
      1.14991061              -2      4.44918318
      1.16747322              -2      5.11202046
     0.986452472              -9      1.42185572
     0.832522905              -0      5.59920956
      1.22895171              -1      4.80824879
      1.16304908              -7      5.12086515
      1.06832449              -7      4.05969244
      1.19452429              -4      4.61192334
     0.859185242              -9      1.19639921
      1.07885975              -7      3.57776812
     0.996089545              -9     0.911579089
      1.12650959              -5      2.89988998
      1.20283322              -5      1.72499872
      1.22792869              -1      4.79474526
      1.09852961              -5      2.61628194
     0.751075493              -0      5.80273327
      1.06005706              -1      3.79016067
      1.10717787              -4      4.28455312
     0.886243357              -9      1.27452558
      1.20150193              -1      5.02999038
      1.22928448              -6        4.888273
      1.22981138              -1      4.87847316
     0.903053292              -0      5.49284642
      1.07611868              -2      4.12091051
      1.07470866              -1      4.11100451
      1.15329681              -5      2.14308671
      1.18814482              -4      1.69094759
     0.975747238              -5      1.40867027
      1.07835833              -4      3.58181962
      1.13239388              -2      3.05125696
     0.909478878              -0      5.48397488
      1.09004576              -2      3.49314345
       1.0317371              -9      1.47575972
      1.13162171              -5      3.10059579
     0.786162458              -0      6.04146763
      1.33231795              -4      6.49234191
       1.1619367              -6      4.49200806
     0.856738791              -9      1.12070106
      1.20962982              -5      1.96170789
      0.98309076              -9     0.922464634
       1.1098619              -1      3.34916349
     0.925062321              -0      5.46278531
      1.22516824              -9      1.84857661
      1.21165033              -1      4.68608136
      1.20015994              -6       5.0339496
     0.778635231              -7      5.70716378
     0.822170112              -7      6.10291205
     0.945110791              -9     0.958093113
      1.17998434              -1      4.55683969
      1.21520982              -4      4.98233332
      1.01250589              -4      5.34782587
      1.19393363              -4      5.05124658
     0.860263122              -9      1.10151591
      0.85787025              -9      1.11342309
      1.12890013              -5      2.93502128
      1.21565142              -9      1.76628618
      1.15313196              -9      1.62987779
      1.02693056              -9       1.4701143
      1.22732081              -0      4.91180907
      1.10054544              -6       3.4178856
      1.06408312              -2      4.01557435
      1.13029095              -9      2.22025983
      0.74551778              -0      5.85155649
      1.12767851              -5      1.59343498
      1.13216687              -5      3.07667534
      1.21818855              -9     0.773914611
      1.79741876              -4      6.69560147
      1.14615272              -0      6.38760912
     0.796460091              -0       6.0612015
      1.07938941              -1      3.57352191
       1.1766786              -5      1.66881213
      1.21949777              -1      4.96294643
      1.22411343              -9      1.87479559
      1.13203309              -4      3.08404101
      1.08238187              -7      4.16089497
      1.11540589              -5       2.7824707
      1.01101987              -9     0.899705069
      1.13193574              -2      3.08856993
     0.751675774              -0      5.94027186
      1.03795472              -0       5.3141133
      1.21490739              -9     0.775552825
      1.09589796              -5      3.45113521
      1.44947124              -0      6.54958472
       1.6507106              -0      6.63756573
     0.857890053              -9      1.11330856
      1.06347545              -4      4.00804907
      1.00319456              -0      5.36003016
     0.793896196              -0      5.67178662
      1.40277564              -0      6.52739968
      1.13053318              -4      2.21936583
      1.15309934              -4      5.13982716
     0.943860873              -0      6.23867278
      1.06725184              -7      4.04959841
      1.06646302              -2      4.04178366
       1.3033095              -0      6.47728421
      1.09341966              -2      2.51593509
     0.747154094              -0      5.83061748
      1.14485671              -4      4.43101734
      1.64179588              -0       6.6338919
     0.774743669              -0      5.71728574
     0.806606776              -7      5.64590276
     0.857900886              -0      5.55845856
      1.22768813              -1      4.79198117
      1.22656249              -7       4.9186344
      1.15009922              -5       2.1531388
      1.12253704              -5      2.25036997
      1.09769044              -5      2.60539012
      0.83234867              -7      5.59950346
      1.22642319              -7      4.77901548
      1.13652647              -9      2.19795197
      1.14139695              -7      1.61254372
      1.11708988              -5      2.79827006
      1.08650949              -4      3.51901211
      1.19381908              -4      1.70312956
      1.09363724              -5      2.46509094
      1.10966672              -2       3.3506586
      1.00142076              -0      6.28692205
      1.09648642              -6      3.44693285
      1.00032275              -1      5.36378562
       1.6361345              -9     0.606474378
      1.07872574              -2       3.5788478
     0.745066488              -0      5.86547342
      1.09813295              -4      3.43517041
      1.12416078              -7      3.22243108
      1.11848814              -5      2.26753953
     0.874664984              -2      1.24832459
      1.08644758              -4      3.51947025
     0.753269358              -0      5.94807881
       1.9917784              -0       6.7665816
      1.17185624              -1      5.10296471
      1.05877535              -7      3.82787101
      1.14972325              -2      2.15433054
     0.851445532              -0      6.14231502
      1.17085961              -6       1.6585227
      1.12624198              -6      2.89638539
     0.932388459              -1       6.2282188
     0.797076364              -0      6.06231448
      1.14493383              -7      5.15458111
      1.10908897              -1      3.35506536
      1.09579486              -4      2.41994217
      1.03254097              -7     0.883591745
      1.12284994              -1      2.85629532
      1.20138055              -6      4.63983461
      1.05822829              -7      3.87497621
      1.34127203              -9     0.717251804
      1.33037568              -0       6.4913458
      1.10651546              -4      3.37438934
      1.10111207              -2      2.64631967
      1.14806139              -7      5.14900688
      1.06275459              -6      5.28041455
     0.857282538              -9      1.18539517
      1.19340952              -4      4.60753383
      1.07696783              -1      3.59323001
     0.854685323              -2      1.14803606
      1.06776649              -4      4.05451262
     0.750820051              -0      5.93568146
      1.12652493              -1      2.90009292
      1.19717433              -9     0.784544652
       1.0855063              -7      3.52646282
      1.11409993              -5      2.28770703
      1.02380256              -0      5.33293966
     0.859466731              -9       1.1978166
      1.05908915              -1      3.92806413
      1.10053166              -5      1.55814748
     0.854739822              -9      1.15658005
      1.13173537              -2      2.99952362
     0.745680658              -0      5.89261451
      1.09319258              -7      4.21966212
     0.828127214              -0      6.11148886
      1.13096661              -4      4.37991114
      1.10361858              -4      3.39567211
      1.16750926              -2      5.11194722
      1.16523397              -4      4.50373453
      1.03372194              -9     0.882737951
      1.11293047              -4      2.29342354
     0.982177392              -5      1.41662076
      1.22677246              -1      4.91682034
      1.12469183              -4      2.87720572
     0.845195711              -4      6.13442991
      1.07512913              -0      5.26313209
      1.11985022              -5      3.26591065
      1.19963627              -0      6.41988208
       1.1147133              -1      2.77605318
      1.12879498              -2      3.16198516
      1.16853145              -4      4.51549001
      1.00859401              -0      6.29252195
      1.11309269              -1      3.32386375
      1.19151532              -5      2.02596424
      1.10576839              -4      2.69344337
      1.12295548              -7       4.3492222
     0.789053593              -0      5.68240077
     0.962317892              -0      6.25485344
      1.12220506              -6      3.24308815
      1.11478572              -1       4.3165803
     0.890874078              -9      1.02734548
     0.875397628              -9      1.05683206
      1.12671426              -5      2.23376427
        1.179796              -4      2.06249451
     0.823056627              -0      6.10420968
      1.10311726              -5      2.66736948
      1.11727739              -7      3.28902738
     0.813084047              -0      6.08913875
      1.14486723              -7       6.3868069
      1.12994781              -6       3.1417447
     0.897049897              -0      6.19373359
      1.09701727              -5      2.59604579
      1.12770357              -1      3.17845995
     0.875058396              -9      1.24931338
      0.94658564              -7        5.434097
      1.06606771              -1      4.03772522
      1.22292589              -2      4.75074042
      1.12528225              -7      3.20963324
      1.14102033              -1      4.41710382
     0.963414599              -0      5.41197286
      1.13764987              -6      2.19407176
     0.777090389              -0      5.71111464
      1.12619878              -1      3.19849976
      1.11566035              -5      2.78483883
     0.884711506              -9      1.03810355
       1.1750784              -1      4.53899441
      1.08140321              -7      4.15500993
      1.11936574              -7      3.27039024
      1.07390836              -2      3.61941593
      1.11788136              -4      3.28374027
      1.06185129              -7      3.98542192
      1.01029249              -9      1.45048696
      1.07275014              -2      3.62980331
      0.85494896              -9      1.16212952
      1.05890132              -7      3.92170886
      1.06507907              -4      4.02709792
     0.885764721              -4      5.51720399
      1.16344458              -5      2.11192654
      1.25742117              -0      6.45261932
     0.746416564              -0      5.83835797
       1.1658762              -1       2.1045667
      1.12299398              -4       2.8578729
      1.05913512              -1      3.92950915
      1.05005022              -0      5.29781108
      1.06464757              -7      3.71527743
      0.92136155              -9      1.33521728
     0.854829541              -9      1.14238216
      1.12756285              -4      6.37587528
      1.37216068              -9     0.704247417
      1.12530278              -7      4.35833239
      1.22000822              -5      1.78698935
       1.1513479              -9      1.62717238
     0.917723995              -9     0.989035957
      1.12445092              -5      2.87437001
      1.53044236              -0      6.58634659
      1.21649921              -5      1.76985005
      1.25545685              -9     0.755823774
     0.830556844              -0      5.60253909
      1.15174343              -1      4.45573609
       1.0327422              -9      1.47693962
      1.11780305              -1      3.28443013
     0.863181766              -9      1.21371516
      1.22984194              -1      4.87778857
      1.40732658              -1      0.68992417
      1.22489048              -5      1.86103548
      1.37174818              -9     0.704418387
       1.0582506              -4      3.86345792
      0.92409276              -0      5.46409184
     0.919046582              -9      1.33170076
     0.804914536              -0      6.07591437
      1.09400315              -2       4.2237032
     0.871157719              -9      1.06681654
     0.869649903              -9      1.07068306
     0.916467998              -9       1.3277263
      1.12488824              -4       4.3567312
     0.885088557              -9      1.27213197
     0.886382694              -5      1.27481176
     0.747068925              -0      5.83143485
      1.18984341              -1      4.59371329
      1.00264007              -0      6.28787961
      1.10231808              -2      4.26303612
      1.18506732              -4      2.04629596
      1.18927127              -9      1.69328937
      1.12350782              -0      5.19065664
       1.0749209              -7      4.11252153
       1.1434058              -1      4.42576972
     0.876194445              -0      6.17138841
      1.12977656              -5      2.95057127
       1.1276014              -9     0.822417865
      1.09903001              -4      3.42875327
      1.18335003              -2      5.07753547
     0.908115036              -9      1.31438108
      1.05921826              -6      3.81223601
      1.12773959              -6      4.36768218
      1.15050826              -5      2.15184472
      1.17096293              -5      2.08922265
      1.42038825              -0      6.53585899
      1.06148647              -4      3.97966313
      1.21953508              -7      4.72857747
      1.22928753              -6        4.813635
      1.22921352              -0      6.43689036
     0.873935273              -9      1.06014495
       1.1123969              -2      2.75479382
      1.65784117              -0       6.6404912
      1.19322395              -0      6.41612011
      1.11771929              -2      2.80426639
      1.20961974              -0      5.00371061
      1.21442594              -7      4.98555284
      1.11992627              -1      2.82583258
      1.20817254              -5      1.96757239
       1.4194821              -9     0.685083761
      1.08781846              -1      4.19170743
      1.11491255              -1      2.28382722
      0.93805792              -9      1.35936781
      1.12309147              -7      3.23395268
        1.120966              -4      4.34141401
     0.874932943              -9      1.24899903
     0.900987013              -9      1.30231246
     0.793782769              -0      6.05628419
       1.1976819              -7      5.04103199
      1.09733157              -5      2.60048603
     0.846888541              -2      6.13659034
      1.18014477              -1      4.55742777
        1.184881              -7      4.57494799
      1.10012788              -2      4.25301411
      1.09461795              -2      2.55442651
      1.22491757              -5      1.86032061
     0.804319133              -0      6.07491496
      1.15368167              -5      1.63071698
      1.34741983              -9     0.714630044
      1.27306464              -0      6.46115059
     0.920230924              -7      5.46931038
      1.10573672              -1      3.38015259
     0.849296917              -4      5.57186214
      1.12796088              -9     0.822209925
     0.885391422              -4      5.51773887
      1.39450988              -9       0.6950881
      1.08609923              -1      4.18227611
      1.08178728              -7      4.15733346
      1.03833423              -0      5.31360509
      1.18499475              -7      4.57537297
       1.0932476              -4      2.49821315
      1.20085806              -4      5.03190141
      1.00732633              -0      6.29153813
      1.20007114              -0      6.42013621
       1.5952909              -0      6.61442075
       1.1238896              -2      3.22541024
     0.893423343              -9      1.02317617
      1.21974765              -9      1.91204157
      1.49841094              -9      0.65488853
     0.757919965              -7      5.96722333
     0.747993598              -1       5.9173138
      0.98743637              -6      5.38060741
      1.10483699              -2       3.3867707
      1.07381807              -7      3.62021519
      1.09198286              -6      3.47916563
     0.817754658              -4      5.62500268
     0.942745286              -9       1.3658307
     0.909920874              -4      5.48336778
     0.746981062              -0      5.83229589
       0.7912576              -0      6.05151652
      1.13155437              -4      3.10283501
      1.07983991              -6      3.56993606
      1.12449956              -6       3.2186494
     0.791504784              -0      6.05198907
     0.827695074              -0      5.60743883
       1.0582537              -7       3.8825491
      1.05945543              -1      3.93868894
      1.11051297              -1      3.34415111
      1.02300827              -9      1.46550189
      1.10799356              -0      5.21497801
      1.13139472              -7      2.98820884
      1.11253939              -1      3.32827839
      1.09429178              -5      2.44644461
      1.06721494              -1      4.04924068
      1.17094139              -5      2.08928756
      1.16439764              -2      5.11819863
      1.13111915              -4      5.17821893
      1.12577876              -6      3.20368673
     0.841549371              -0      5.58427352
      1.19988936              -5      1.99809649
      1.22318375              -7      4.75258788
     0.905964733              -0      5.48881588
     0.866278256              -9      1.22451974
     0.887601368              -9      1.27729169
      0.86579531              -9      1.22293366
     0.910201408              -6      5.48298266
      1.10190486              -5      2.35934394
     0.745912909              -0      5.84491922
     0.866178479              -9      1.08043004
      1.05920375              -1      3.81268586
     0.747371136              -0      5.82860469
      1.10670833              -2      3.37295646
     0.820407697              -0      6.10030913
      1.30285833              -0      6.47704688
     0.933295877              -7       5.4517443
      1.09379302              -1      2.45970623
     0.894577433              -0      5.50469156
     0.903522868              -0       5.4921951
      1.02172725              -0      6.30257325
      1.14372048              -5      2.17369274
     0.889201689              -9      1.28048809
     0.967385008              -9     0.936419544
      1.10920526              -4      2.31286193
     0.854933542              -9      1.16181631
      1.15784657              -5      2.12900209
       1.0932515              -4      2.49100303
     0.815564543              -0      6.09298901
     0.751786521              -6      5.79879324
      1.22470483              -6      1.86522913
      1.05411637              -0      5.29227683
       1.4412472              -0      6.54573317
      1.47576914              -9     0.663344193
      1.23028375              -7      4.83875858
       1.0100012              -0       5.3511136
      1.64444337              -9     0.603700202
      1.11194107              -9       1.5726494
      1.23042268              -9     0.767873442
      1.28066327              -9     0.744081746
      1.12003993              -7      2.82697077
      1.25174726              -0      6.44949197
      1.09348809              -6      2.47141453
      1.09869061              -5      2.38654942
      1.09941344              -0       6.3575312
       1.0834461              -4      3.54196573
     0.949470177              -4      5.43028992
      1.10499352              -4      2.68597671
      1.05875162              -7       3.8288603
      0.74556979              -0       5.8505589
      1.15936138              -9      1.63955264
     0.758573082              -0      5.96960587
      1.18472433              -1      4.57436297
     0.773304532              -6      5.72118065
      1.35243519              -0      6.50256153
     0.963721686              -9     0.939818732
      1.22608443              -1      4.92258193
      1.00513151              -9      1.44435339
      1.11395971              -2        2.288384
      1.21009369              -4      5.00202434
     0.904596989              -0      6.20142266
       1.1073188              -9      1.56672479
      1.11934985              -1      5.19730139
      1.19872644              -9     0.783748061
      1.11205667              -5      2.75168596
      1.16428799              -2       4.5003682
      1.09240502              -7      4.21569506
     0.889526851              -9       1.2811296
      1.09406074              -5      2.54048799
      1.20763352              -7      4.66715116
      1.14002957              -5      2.18597137
     0.973898015              -4       5.3982688
     0.932854163              -9      1.35204461
     0.801617805              -0      5.65576258
      1.15796958              -4      4.47791001
       1.1297447              -4      3.14559752
      1.14315323              -9      1.61507307
      1.82163264              -0      6.70478074
      1.07410321              -2      4.10662325
      1.09815562              -7      4.24379458
       1.2154171              -4      4.70526131
      1.17168259              -5      2.08705331
        1.650564              -1      6.63750546
      1.15163913              -9      1.62761216
      1.06674603              -0      5.27488002
      1.32473069              -0      6.48844106
     0.873159029              -9       1.2444544
      1.09245518              -1      4.21594895
     0.943148455              -0      5.43864337
      0.83807244              -0      6.12512414
     0.745059966              -0      5.86596443
      1.12780695              -4      4.36793916
      1.13218245              -1      3.07568997
      1.08345509              -7      3.54189741
      1.22553256              -1       4.9268665
      1.09396354              -2      2.45465477
       1.1221558              -2      3.24358601
       1.1034121              -2      2.67035185
      1.16925757              -7      4.51808439
       1.2247165              -4      4.93276342
      1.20297773              -5      1.72538241
      1.14421868              -5      1.61661787
        1.070749              -6       4.0806862
      1.15261418              -5      2.14522081
      1.22971017              -6      4.82168045
       1.1567758              -7      4.47366551
     0.759061942              -2      5.97135093
      1.22004285              -7      4.96021383
      1.05822894              -2      3.87544978
       1.1014181              -2      2.64963216
      1.20998665              -5      1.96024134
       0.9494221              -9     0.953696358
     0.885366679              -4      5.51777434
      1.12332286              -7      3.23150911
      1.12468557              -6      2.24170489
     0.859254533              -9        1.196752
      1.10678859              -5      2.70312715
     0.990736836              -9      1.42706589
     0.854946167              -9      1.16207341
      1.04766764              -6       5.3010405
      1.17756999              -4      4.54802629
      0.74516382              -0      5.88064208
     0.870241041              -2      5.53982759
      1.20150611              -1       5.0299779
      1.21308585              -4      4.69320026
      1.20417375              -0      5.02181746
      1.12791893              -7      3.17536356
      1.06034934              -2      3.78368714
      1.15241871              -1      4.45814678
      1.09775133              -5      2.60620609
      1.05823853              -6       3.8792033
       1.0767991              -2      4.12555345
      1.20255533              -6      1.72426442
     0.895119965              -9      1.02048002
     0.989139543              -0      5.37838584
     0.967372077              -9      0.93643144
      1.09278725              -7      3.47338841
      1.14425042              -1      4.42882651
      1.46038431              -9     0.669181116
      1.21080452              -5      1.95683005
      1.20858802              -1      1.96591984
     0.775348148              -0      6.01774313
      1.17774485              -4      4.54866245
      1.07215858              -7      4.09196117
      1.07814992              -1      3.58351306
      1.12610912              -1      3.19961986
      1.06548876              -6      4.03159009
      1.22448493              -2      4.93435532
      1.06050423              -6      3.96228044
      1.66767376              -9     0.596022724
     0.748105238              -1      5.82240106
      1.23038721              -2      4.84570081
      1.06826267              -4       3.6735556
      1.08876721              -4       4.1968028
     0.747325341              -0      5.91175595
      1.19348145              -7        4.607816
      1.48075843              -9     0.661467395
      1.10089539              -5      2.64394858
     0.975986998              -9     0.928658725
      1.16682972              -1      4.50941862
      1.07306901              -1      4.09894396
     0.965398272              -0      6.25748332
      1.17966281              -5      1.67431042
      1.14164305              -2      2.18056389
     0.756520693              -4      5.96190132
      1.00932315              -0      5.35200298
     0.900591678              -2      5.49626898
      1.22457777              -6      4.76312539
       1.1589415              -4      4.48136441
      1.23000809              -7      4.82892712
      1.16881416              -9     0.799446588
     0.909278031              -9       1.3162864
      0.86967221              -9      1.07062443
       1.1266108              -4      2.23416396
      1.18238484              -2      2.05457456
      1.18401545              -2      5.07597517
      1.07270506              -1      4.09617874
       1.1041115              -2      2.67733399
       1.1273162              -1      3.18386923
      1.10962287              -5      3.35099405
     0.928436677              -9     0.976226328
      1.49445038              -0      6.57025603
      1.13044447              -2      5.17933674
      1.06517625              -4      4.02817549
      1.03810625              -9      1.48323523
      1.11680163              -5       3.2931393
     0.943232024              -9       1.3664951
      1.22105313              -5      1.90327266
      1.58380784              -0      6.60953062
     0.948566618              -9       1.3737002
      1.16358698              -4      2.11149481
       1.1243455              -5      2.24305811
      1.22130077              -1       4.7396783
       1.1075495              -4      3.36668009
     0.825234828              -4      5.61170421
      1.07083895              -7      3.64766355
      1.84595769              -0       6.7138991
      1.09232098              -4      4.21526926
     0.747066909              -0       5.8314544
     0.953527236              -0      5.42494693
     0.820026112              -4      5.62090898
      1.13389664              -6      4.39087989
      1.08657449              -4       4.1849099
      1.09366186              -7      2.52735911
     0.791165857              -0      6.05134079
       1.2265259              -6      4.91894521
      1.20655068              -4      4.66225655
      1.17400505              -6      2.08004791
      1.52910843              -0      6.58575701
     0.745145823              -0      5.87994818
      1.10053123              -6      3.41798766
      0.97896851              -9      1.41266536
      1.07354284              -9      1.52513171
      1.22365035              -1      1.81383477
      1.11568625              -0      5.20307603
      1.09336476              -5      2.47842278
     0.902699232              -0      5.49333785
      1.07418222              -4      3.61700191
     0.881111437              -0      6.17681414
      1.11446911              -5      2.28593538
      1.06144753              -7      3.97902958
      1.10690269              -6      2.70420132
     0.963018793              -0      5.41249115
      1.09335953              -5      3.46928569
      1.22117846              -9      1.90236862
      1.13227008              -4      2.21302505
     0.904253908              -0      5.49118207
      1.21057665              -5      1.95778771
      1.09222319              -5      3.47743816
      1.09390163              -7      5.23609851
      1.22328521              -5      1.88447391
      1.07801966              -9     0.852615645
     0.877856361              -9      1.25610888
      1.07351828              -4      3.62288136
      1.06715797              -2      3.68549275
     0.862283318              -9      1.21024051
      1.16300124              -4      2.11327135
     0.781386735              -0      5.70032479
      1.12759341              -9     0.822422487
      1.09496552              -4      3.45779613
      1.25041196              -0      6.44875337
      1.11557964              -1      4.31982389
      1.01125284              -9      1.45162534
     0.907383787              -9      1.31317453
      0.82084566              -0      6.10095889
      1.07720665              -2      4.12829472
     0.796392222              -0      5.66649495
     0.752268158              -0       5.7962377
      1.13237401              -5      3.05709036
      1.10194615              -5      2.35903265
      1.17218793              -9     0.797637951
     0.745646888              -0      5.89203956
      1.12993114              -6       3.1420665
     0.898012544              -4      1.29705132
      0.87309424              -0      5.53560697
      1.20306357              -9      1.98686025
        1.295416              -9     0.737377013
     0.826461118              -4      5.60957186
      1.21512978              -9      1.76417457
       1.0613262              -1      3.76466927
     0.918421414              -9     0.988168924
     0.782709796              -0      6.03428713
     0.989017414              -9      1.42497903
      1.11719331              -6      3.28975739
      1.03906334              -6      5.31262815
      1.11368605              -4      3.31908645
      1.11051755              -5      2.73762719
     0.759823865              -0      5.76354286
      1.10032207              -5      2.63756286
      1.10143806              -2      3.41146205
      1.14064998              -1      5.16207428
     0.899444772              -9      1.01386276
     0.933601184              -0      6.22933932
       1.0606488              -1      3.96505029
     0.890169001              -9       1.0285254
      1.05824458              -2      3.88070714
     0.746409179              -0      5.90256564
     0.745360104              -0      5.85495881
      1.22340966              -5      1.88317276
      1.10036982              -7       2.3715225
     0.822051299              -0      6.10273755
      1.20398523              -7      4.65095101
      1.09927657              -5      2.62542897
     0.745286679              -1      5.85682261
     0.901013792              -9      1.30235918
      1.10413841              -0      6.36066164
     0.862031861              -9      1.20923335
     0.854273953              -0      6.14580426
      1.22488621              -9      1.83221436
      1.09501068              -1      2.56270443
     0.762410955              -0      5.75432461
      1.19260559              -9     0.786900491
        1.107604              -5      2.71076983
     0.817455249              -0       5.6255461
      1.20773042              -0      5.01024249
      1.15365192              -0      6.39226286
      1.12924117              -7      3.15458059
      1.07089026              -1      4.08184367
     0.927342815              -9      1.34409707
      1.18572111              -9      2.04426482
     0.829299279              -0      5.60468426
      1.17131768              -0      4.52545976
     0.797427824              -2      5.66433213
      1.11712132              -1      4.32607537
      1.06291493              -0       5.2801929
     0.926986723              -9     0.977900386
      1.09852288              -5      3.43238213
     0.855603225              -9      1.13054181
      1.47071587              -9     0.665253031
      1.07894063              -4      4.13964898
      1.11796502              -6      4.32947127
      1.14712663              -9     0.811323861
     0.745309574              -0      5.85621586
     0.776218809              -0      6.01980066
     0.813976316              -0      5.63192858
     0.833361018              -0      5.59779895
     0.753087423              -0        5.947229
      1.18762372              -4      5.06731508
      1.19111722              -6      5.05857769
      1.02213061              -0        6.302878
     0.759734877              -0      5.97370286
     0.793527596              -0       5.6725779
       1.1078754              -5      2.32034865
      1.16399457              -5      2.11025961
     0.747805521              -0      5.82483498
      1.04725426              -6      6.32142501
      1.12667771              -7      2.23390542
      1.08364845              -4      4.16834478
      1.07901806              -4      3.57649544
       1.1204666              -5      2.25900062
      1.09833778              -7      2.39000507
     0.765074089              -0      5.74548904
      1.05911404              -7      3.81554151
      1.05985821              -7      3.79485285
     0.912212732              -9     0.996071535
      1.06044327              -1      3.78169838
     0.854754517              -9      1.14464355
      1.07913903              -0      5.25744765
