10 1
0.23907714
1 -1 1 1
         5.955746996 
   0.523875591725436 
0.10862125
1 -1 1 1
         4.153713325 
    1.10358109639173 
0.082070142
1 -1 1 1
         3.474736463 
    1.19696800053389 
0
1 -1 1 1
                   0 
                   0 
0.11327476
1 -1 1 1
         3.886627327 
    1.18527243498085 
0.12143565
1 -1 1 1
         2.198788579 
   0.549722771163277 
0.04937816
1 -1 1 1
         3.888697376 
    1.09358868571546 
0.11295538
1 -1 1 1
         3.945194295 
    1.17208684844214 
0
1 -1 1 1
                   0 
                   0 
0.17318752
1 -1 1 1
         1.084584468 
   0.400504546886928 
