 0.50614 0.00000e+00
 0.51841 0.00000e+00
 0.53068 0.00000e+00
 0.54295 0.00000e+00
 0.55522 2.61435e-03
 0.56750 2.51260e-03
 0.57977 0.00000e+00
 0.59204 4.78005e-03
 0.60431 4.69777e-03
 0.61658 0.00000e+00
 0.62885 2.18402e-03
 0.64113 0.00000e+00
 0.65340 6.26294e-03
 0.66567 0.00000e+00
 0.67794 1.96573e-03
 0.69021 0.00000e+00
 0.70249 1.85704e-03
 0.71476 7.30044e-03
 0.72703 1.75617e-03
 0.73930 1.72329e-03
 0.75157 1.67091e-03
 0.76385 4.95629e-03
 0.77612 3.22877e-03
 0.78839 0.00000e+00
 0.80066 0.00000e+00
 0.81293 1.49002e-03
 0.82520 1.46802e-03
 0.83748 0.00000e+00
 0.84975 4.20439e-03
 0.86202 1.38411e-03
 0.87429 2.68390e-03
 0.88656 0.00000e+00
 0.89884 2.58260e-03
 0.91111 2.54506e-03
 0.92338 0.00000e+00
 0.93565 0.00000e+00
 0.94792 2.41648e-03
 0.96020 0.00000e+00
 0.97247 1.15376e-03
 0.98474 1.14750e-03
 0.99701 3.36626e-03
 1.00928 2.20847e-03
 1.02155 2.16945e-03
 1.03383 0.00000e+00
 1.04610 2.10458e-03
 1.05837 3.12354e-03
 1.07064 3.07436e-03
 1.08291 2.02019e-03
 1.09519 3.99173e-03
 1.10746 9.82250e-04
 1.11973 4.86366e-03
 1.13200 9.58512e-04
 1.14427 9.45227e-04
 1.15655 1.87721e-03
 1.16882 2.78692e-03
 1.18109 2.75855e-03
 1.19336 9.10717e-04
 1.20563 4.50977e-03
 1.21790 1.78609e-03
 1.23018 8.84273e-04
 1.24245 2.64277e-03
 1.25472 1.74641e-03
 1.26699 1.73561e-03
 1.27926 1.72195e-03
 1.29154 8.55076e-04
 1.30381 1.69693e-03
 1.31608 8.42832e-04
 1.32835 1.67675e-03
 1.34062 8.34497e-04
 1.35290 4.15429e-03
 1.36517 2.48065e-03
 1.37744 8.26088e-04
 1.38971 8.20696e-04
 1.40198 1.63889e-03
 1.41425 3.26793e-03
 1.42653 3.25924e-03
 1.43880 4.87491e-03
 1.45107 0.00000e+00
 1.46334 3.24125e-03
 1.47561 3.23772e-03
 1.48789 8.08564e-04
 1.50016 8.08070e-04
 1.51243 1.61599e-03
 1.52470 1.61619e-03
 1.53697 4.04194e-03
 1.54925 2.42733e-03
 1.56152 1.61911e-03
 1.57379 8.10511e-04
 1.58606 0.00000e+00
 1.59833 8.13541e-04
 1.61060 2.44645e-03
 1.62288 2.45104e-03
 1.63515 8.19676e-04
 1.64742 4.10958e-03
 1.65969 2.47415e-03
 1.67196 2.48092e-03
 1.68424 1.66031e-03
 1.69651 1.66562e-03
 1.70878 0.00000e+00
 1.72105 2.52113e-03
 1.73332 3.36967e-03
 1.74560 8.47739e-04
 1.75787 0.00000e+00
 1.77014 8.54524e-04
 1.78241 1.71967e-03
 1.79468 8.64798e-04
 1.80695 0.00000e+00
 1.81923 1.74718e-03
 1.83150 2.63251e-03
 1.84377 0.00000e+00
 1.85604 3.55512e-03
 1.86831 1.78739e-03
 1.88059 9.01062e-04
 1.89286 5.42408e-03
 1.90513 2.72380e-03
 1.91740 3.65633e-03
 1.92967 9.22605e-04
 1.94195 1.85501e-03
 1.95422 9.29857e-04
 1.96649 3.73961e-03
 1.97876 2.82033e-03
 1.99103 1.89736e-03
 2.00330 9.51817e-04
 2.01558 9.58527e-04
 2.02785 9.65742e-04
 2.04012 3.88408e-03
 2.05239 1.94677e-03
 2.06466 1.95979e-03
 2.07694 9.84821e-04
 2.08921 2.97374e-03
 2.10148 2.98472e-03
 2.11375 2.00235e-03
 2.12602 4.02237e-03
 2.13830 2.02059e-03
 2.15057 3.04406e-03
 2.16284 3.05814e-03
 2.17511 3.06994e-03
 2.18738 3.08476e-03
 2.19965 1.03127e-03
 2.21193 1.03729e-03
 2.22420 2.07930e-03
 2.23647 4.17668e-03
 2.24874 1.04705e-03
 2.26101 0.00000e+00
 2.27329 5.26992e-03
 2.28556 1.05613e-03
 2.29783 1.06142e-03
 2.31010 3.18684e-03
 2.32237 4.25763e-03
 2.33465 1.06666e-03
 2.34692 1.06987e-03
 2.35919 2.14289e-03
 2.37146 4.29055e-03
 2.38373 0.00000e+00
 2.39600 2.15001e-03
 2.40828 0.00000e+00
 2.42055 2.15343e-03
 2.43282 2.15498e-03
 2.44509 2.15592e-03
 2.45736 3.23469e-03
 2.46964 1.07830e-03
 2.48191 2.15647e-03
 2.49418 2.15598e-03
 2.50645 0.00000e+00
 2.51872 1.07709e-03
 2.53100 1.07638e-03
 2.54327 3.22489e-03
 2.55554 3.22289e-03
 2.56781 0.00000e+00
 2.58008 3.21490e-03
 2.59235 3.20987e-03
 2.60463 1.06842e-03
 2.61690 4.26957e-03
 2.62917 1.06490e-03
 2.64144 3.19145e-03
 2.65371 3.18305e-03
 2.66599 1.05905e-03
 2.67826 3.17206e-03
 2.69053 1.05507e-03
 2.70280 3.15868e-03
 2.71507 2.10203e-03
 2.72735 0.00000e+00
 2.73962 1.04459e-03
 2.75189 0.00000e+00
 2.76416 0.00000e+00
 2.77643 3.11563e-03
 2.78870 2.07043e-03
 2.80098 0.00000e+00
 2.81325 1.02966e-03
 2.82552 2.05482e-03
 2.83779 4.09504e-03
 2.85006 2.04591e-03
 2.86234 1.01887e-03
 2.87461 2.03330e-03
 2.88688 1.01422e-03
 2.89915 3.03375e-03
 2.91142 0.00000e+00
 2.92370 1.00571e-03
 2.93597 4.01116e-03
 2.94824 2.00168e-03
 2.96051 9.98588e-04
 2.97278 9.94783e-04
 2.98505 3.97009e-03
 2.99733 0.00000e+00
 3.00960 3.94737e-03
 3.02187 0.00000e+00
 3.03414 3.92563e-03
 3.04641 9.80038e-04
 3.05869 9.76182e-04
 3.07096 3.89456e-03
 3.08323 2.91346e-03
 3.09550 9.68441e-04
 3.10777 1.93401e-03
 3.12005 9.64170e-04
 3.13232 0.00000e+00
 3.14459 1.91818e-03
 3.15686 0.00000e+00
 3.16913 1.91109e-03
 3.18140 9.53852e-04
 3.19368 1.90348e-03
 3.20595 2.84938e-03
 3.21822 0.00000e+00
 3.23049 1.89057e-03
 3.24276 0.00000e+00
 3.25504 9.40325e-04
 3.26731 1.87822e-03
 3.27958 0.00000e+00
 3.29185 9.35556e-04
 3.30412 9.33820e-04
 3.31640 9.31845e-04
 3.32867 4.65322e-03
 3.34094 0.00000e+00
 3.35321 1.85474e-03
 3.36548 4.62788e-03
 3.37775 1.84782e-03
 3.39003 2.76792e-03
 3.40230 3.68582e-03
 3.41457 4.60183e-03
 3.42684 9.18170e-04
 3.43911 3.66987e-03
 3.45139 3.66442e-03
 3.46366 3.65954e-03
 3.47593 2.74205e-03
 3.48820 9.12965e-04
 3.50047 9.11204e-04
 3.51275 3.64274e-03
 3.52502 1.81955e-03
 3.53729 0.00000e+00
 3.54956 4.53873e-03
 3.56183 0.00000e+00
 3.57410 0.00000e+00
 3.58638 9.05531e-04
 3.59865 4.52290e-03
 3.61092 2.71126e-03
 3.62319 2.70891e-03
 3.63546 1.80449e-03
 3.64774 9.01423e-04
 3.66001 9.00796e-04
 3.67228 1.80132e-03
 3.68455 1.79997e-03
 3.69682 2.69821e-03
 3.70910 4.49450e-03
 3.72137 2.69481e-03
 3.73364 1.79609e-03
 3.74591 3.59068e-03
 3.75818 1.79430e-03
 3.77045 1.79361e-03
 3.78273 4.48202e-03
 3.79500 1.79226e-03
 3.80727 0.00000e+00
 3.81954 1.79119e-03
 3.83181 0.00000e+00
 3.84409 2.68509e-03
 3.85636 8.94721e-04
 3.86863 1.78905e-03
 3.88090 0.00000e+00
 3.89317 0.00000e+00
 3.90545 8.93915e-04
 3.91772 8.93817e-04
 3.92999 1.78719e-03
 3.94226 1.78694e-03
 3.95453 1.78644e-03
 3.96680 8.93127e-04
 3.97908 1.78596e-03
 3.99135 8.92788e-04
 4.00362 1.78542e-03
 4.01589 8.92543e-04
 4.02816 1.78486e-03
 4.04044 2.67673e-03
 4.05271 8.92034e-04
 4.06498 1.78389e-03
 4.07725 8.91715e-04
 4.08952 1.78317e-03
 4.10180 8.91384e-04
 4.11407 0.00000e+00
 4.12634 2.67323e-03
 4.13861 1.78174e-03
 4.15088 4.45319e-03
 4.16315 1.78074e-03
 4.17543 0.00000e+00
 4.18770 8.89842e-04
 4.19997 1.77933e-03
 4.21224 8.89253e-04
 4.22451 8.89070e-04
 4.23679 3.55466e-03
 4.24906 1.77666e-03
 4.26133 8.88104e-04
 4.27360 8.87638e-04
 4.28587 6.21019e-03
 4.29815 3.54722e-03
 4.31042 3.54479e-03
 4.32269 4.42866e-03
 4.33496 1.77045e-03
 4.34723 1.76920e-03
 4.35950 5.30374e-03
 4.37178 1.76642e-03
 4.38405 8.82772e-04
 4.39632 1.76481e-03
 4.40859 2.64345e-03
 4.42086 1.76190e-03
 4.43314 8.79905e-04
 4.44541 8.79018e-04
 4.45768 0.00000e+00
 4.46995 8.77802e-04
 4.48222 2.63038e-03
 4.49450 8.75773e-04
 4.50677 1.74983e-03
 4.51904 0.00000e+00
 4.53131 2.61989e-03
 4.54358 1.74415e-03
 4.55585 8.71512e-04
 4.56813 1.73915e-03
 4.58040 0.00000e+00
 4.59267 2.60294e-03
 4.60494 8.66978e-04
 4.61721 0.00000e+00
 4.62949 8.64755e-04
 4.64176 4.31650e-03
 4.65403 4.30971e-03
 4.66630 5.16565e-03
 4.67857 3.43859e-03
 4.69085 3.43306e-03
 4.70312 1.71433e-03
 4.71539 8.55818e-04
 4.72766 2.56434e-03
 4.73993 8.53147e-04
 4.75220 1.70370e-03
 4.76448 2.55293e-03
 4.77675 1.69942e-03
 4.78902 2.54579e-03
 4.80129 2.54057e-03
 4.81356 3.38315e-03
 4.82584 4.22248e-03
 4.83811 8.43623e-04
 4.85038 2.52494e-03
 4.86265 1.68056e-03
 4.87492 1.67824e-03
 4.88720 2.51541e-03
 4.89947 2.51032e-03
 4.91174 8.36321e-04
 4.92401 8.34340e-04
 4.93628 8.33931e-04
 4.94855 3.32937e-03
 4.96083 4.15643e-03
 4.97310 1.66078e-03
 4.98537 0.00000e+00
 4.99764 0.00000e+00
 5.00991 8.27025e-04
 5.02219 8.26164e-04
 5.03446 8.25298e-04
 5.04673 3.29949e-03
 5.05900 4.94220e-03
 5.07127 4.11695e-03
 5.08355 3.29003e-03
 5.09582 8.22115e-04
 5.10809 3.28484e-03
 5.12036 8.20611e-04
 5.13263 1.64038e-03
 5.14490 2.45916e-03
 5.15718 1.63897e-03
 5.16945 1.63836e-03
 5.18172 2.45704e-03
 5.19399 1.63763e-03
 5.20626 1.63747e-03
 5.21854 8.18723e-04
 5.23081 8.18844e-04
 5.24308 8.19009e-04
 5.25535 0.00000e+00
 5.26762 2.45845e-03
 5.27990 1.63986e-03
 5.29217 1.64083e-03
 5.30444 3.28337e-03
 5.31671 1.64280e-03
 5.32898 8.22339e-04
 5.34125 3.29231e-03
 5.35353 2.47203e-03
 5.36580 1.65055e-03
 5.37807 1.65247e-03
 5.39034 1.65506e-03
 5.40261 6.63091e-03
 5.41489 4.15078e-03
 5.42716 2.49480e-03
 5.43943 1.66653e-03
 5.45170 4.17586e-03
 5.46397 1.67432e-03
 5.47625 8.39881e-04
 5.48852 8.42488e-04
 5.50079 4.21906e-03
 5.51306 8.45060e-04
 5.52533 0.00000e+00
 5.53760 1.70471e-03
 5.54988 0.00000e+00
 5.56215 8.58542e-04
 5.57442 1.71908e-03
 5.58669 8.62259e-04
 5.59896 4.33592e-03
 5.61124 4.35504e-03
 5.62351 5.24484e-03
 5.63578 0.00000e+00
 5.64805 1.76633e-03
 5.66032 2.65784e-03
 5.67260 2.67379e-03
 5.68487 1.79185e-03
 5.69714 2.69606e-03
 5.70941 1.80997e-03
 5.72168 2.73536e-03
 5.73395 1.82923e-03
 5.74623 9.22868e-04
 5.75850 1.85114e-03
 5.77077 2.79455e-03
 5.78304 9.36398e-04
 5.79531 9.43399e-04
 5.80759 1.90301e-03
 5.81986 3.83576e-03
 5.83213 9.65835e-04
 5.84440 9.69550e-04
 5.85667 3.92188e-03
 5.86895 0.00000e+00
 5.88122 9.93921e-04
 5.89349 4.02032e-03
 5.90576 1.01005e-03
 5.91803 0.00000e+00
 5.93030 1.03107e-03
 5.94258 3.10684e-03
 5.95485 1.04924e-03
 5.96712 5.27797e-03
 5.97939 1.06690e-03
 5.99166 2.15977e-03
 6.00394 7.62286e-03
 6.01621 1.09858e-03
 6.02848 3.34802e-03
 6.04075 0.00000e+00
 6.05302 2.26696e-03
 6.06530 0.00000e+00
 6.07757 4.65167e-03
 6.08984 2.35038e-03
 6.10211 1.18836e-03
 6.11438 1.19580e-03
 6.12665 3.65434e-03
 6.13893 0.00000e+00
 6.15120 4.98008e-03
 6.16347 0.00000e+00
 6.17574 2.54336e-03
 6.18801 5.17323e-03
 6.20029 3.93590e-03
 6.21256 0.00000e+00
 6.22483 0.00000e+00
 6.23710 2.73269e-03
 6.24937 1.37761e-03
 6.26165 2.81562e-03
 6.27392 5.71259e-03
 6.28619 1.45381e-03
 6.29846 0.00000e+00
 6.31073 4.48064e-03
 6.32300 1.50408e-03
 6.33528 1.53525e-03
 6.34755 1.54946e-03
 6.35982 1.58146e-03
 6.37209 1.59990e-03
 6.38436 0.00000e+00
 6.39664 3.29866e-03
 6.40891 5.06155e-03
 6.42118 1.73141e-03
 6.43345 5.25313e-03
 6.44572 0.00000e+00
 6.45800 0.00000e+00
 6.47027 3.68286e-03
 6.48254 1.86854e-03
 6.49481 0.00000e+00
 6.50708 1.92816e-03
 6.51935 7.91690e-03
 6.53163 0.00000e+00
 6.54390 4.08308e-03
 6.55617 4.17768e-03
 6.56844 0.00000e+00
 6.58071 0.00000e+00
 6.59299 0.00000e+00
 6.60526 0.00000e+00
 6.61753 0.00000e+00
 6.62980 4.69527e-03
 6.64207 2.39098e-03
 6.65435 0.00000e+00
 6.66662 0.00000e+00
 6.67889 0.00000e+00
 6.69116 0.00000e+00
 6.70343 2.64287e-03
 6.71570 8.13631e-03
 6.72798 0.00000e+00
 6.74025 2.83077e-03
 6.75252 0.00000e+00
 6.76479 2.99632e-03
 6.77706 0.00000e+00
