# npar = 1, n_ded = 0
#         weight            chi2        param[0]
#                                     alpha_topo
      1.70582012              -0      4.81070512
      1.65984967              -9      1.52175797
      1.78135129              -4      1.91270686
      1.73484608              -0      5.61212714
      1.80214094              -0      5.76866638
      1.76175188              -0      5.68273992
      1.75210845              -7       4.3120567
      1.75180039              -7      4.31879331
      1.69139123              -7      4.93248286
       1.6958442              -9       1.3337425
      1.75505428              -7      4.23463846
      2.38636224              -9     0.756654389
       1.6730695              -5       1.4028297
      2.33134313              -1      6.35872829
      1.76441314              -2      3.76014555
      1.71578464              -5      1.76659738
      1.73906401              -9      1.82190155
      1.76074143              -6      3.91244584
      2.34293942              -1        6.367704
      1.69535605              -1       4.8976096
       1.9482611              -9      2.45309783
      1.70050999              -1      4.85421633
      1.91533661              -5      2.23221572
      1.94270137              -1      2.36861927
      1.68725194              -0        5.416268
      1.77270962              -4      3.59662338
      1.67100938              -9      1.62099087
      2.06988438              -0      6.12781075
      1.85542744              -2      3.02881252
      1.75478729              -0       4.2429433
      1.76216575              -6      3.83884599
      1.67298947              -7      5.20929238
      1.73458577              -0       5.6113658
      2.14682228              -0      6.20263772
      1.80577238              -5      1.96328319
      1.76414914              -7      3.76792532
      1.76881484              -9      1.88649247
      2.36386791              -9     0.768030497
       1.9527191              -0      5.99642567
      1.94752139              -5      2.42901262
      1.78573255              -9      1.18565004
      2.27178437              -9     0.816583608
      1.67856405              -4      5.06941241
       1.6753618              -4      5.30001972
      1.78359811              -6      3.46928638
      1.87909154              -1      5.89717424
      1.77044718              -5        1.889927
      2.55673389              -0      6.52059381
      1.70379252              -7      4.82723742
      1.73115839              -0      4.59338594
      1.89953031              -9      1.06785943
      2.74470015              -4      6.64003755
      1.66134342              -6       1.4748341
      1.76032467              -7      3.93967823
        1.707153              -0      4.79986411
      1.75978972              -0      3.97857556
      1.85283181              -2      3.04099806
       1.7651486              -5      3.73990353
       1.7766587              -2      3.54437152
      1.77246418              -5      1.20263839
      1.81043963              -5      1.97297428
      1.79272681              -1      5.75019004
      1.77138478              -4      3.61652495
       1.7590468              -6      4.03589656
      1.79332708              -5      1.17635143
      1.94522804              -1      2.54855432
      1.72263118              -0      4.67130822
      1.84055353              -2      2.03680623
      1.68528889              -2      5.40267266
      1.66534234              -9       1.4412548
      1.76718894              -6      3.69205243
      2.08846882              -0      6.14656578
      1.76641808              -0      5.69367703
      1.75231352              -4      4.30746243
      1.74888059              -1      4.37491517
      2.48805691              -0       6.4737988
      1.68256062              -9      1.36962077
      1.70648652              -0      4.80528336
      1.94725831              -6      2.51612878
      1.76366458              -2      3.78303533
      1.75948966              -1      4.00169453
      1.72377377              -6      4.66131778
      1.79244139              -9      1.93569283
      1.72299367              -1       4.6681507
      1.90774981              -4       2.7894847
      1.76744398              -4      3.68672873
      1.75981513              -5      3.97664676
      2.49198199              -9     0.705392162
      1.97047262              -9      1.00930902
      1.69285451              -0      5.45015558
       1.6861622              -9      1.35899639
      1.67617152              -0      5.10660199
      1.67866659              -7      5.06799136
      1.74099229              -9      1.82624453
      1.66179996              -5      1.46962379
      2.11238583              -0      6.17003736
      1.76451215              -1      3.75730262
      1.75801564              -4       4.1067031
      1.76693676              -1       3.6974401
      1.67547319              -2      1.64142331
      2.24718231              -1      6.29090923
      2.01602087              -9     0.975355083
      1.76631923              -2      3.71119948
        1.661064              -9      1.54904446
      1.76635684              -7      3.71033696
      2.16493342              -9     0.877762101
       1.8920286              -2      2.16042822
      1.75682061              -4      4.16863371
      1.72505105              -0      4.65001093
      1.69425281              -0      4.90714932
      2.11568008              -9     0.908170308
      1.90745614              -5      2.79089386
      2.37847747              -9     0.760622085
      2.12601521              -9     0.901655723
      1.76175182              -0       3.8575941
      1.67839666              -0      5.34177393
      1.95483629              -1      5.99904784
      2.02606041              -0       6.0815742
       1.6881017              -0      4.96300429
      1.94089298              -2       2.5937491
      2.06324478              -9     0.942453973
      1.98289894              -1      6.03281295
      1.81473008              -2        5.792214
      1.92269974              -1      2.71358211
      1.68942617              -2      4.95049984
      1.73560299              -0       5.6143306
      1.68992897              -0      4.94583331
      1.68573393              -4      1.68021264
      1.75754304              -6      4.13349768
       1.7389127              -0      5.62379199
      1.75874419              -4      4.05834374
      2.48063554              -5     0.710742578
      2.73107713              -9     0.599684579
      1.65978983              -9      1.51002249
      1.67466611              -9      1.39653172
      1.94496515              -9      2.39066231
      1.85462707              -6      3.03255906
      1.68686554              -1      5.41367757
      1.75269815              -0      5.66054382
      1.77023381              -7      3.63509598
      1.75000652              -5      1.23401221
       1.8842112              -1      2.89791312
      1.95960674              -9      1.01778552
      1.73696613              -0      5.61826099
      1.67049753              -4      1.61842601
      1.72073029              -5      1.77888615
      2.03780758              -0      6.09426521
      1.92760931              -1      2.28030752
      1.87354618              -4      2.94589639
      1.82325767              -1       3.1906324
       1.9285133              -5      2.68054451
       1.8365082              -1      3.12059455
      2.21981655              -0      6.26772516
      1.81666555              -5      1.14940996
      1.76825788              -5      3.67050424
      2.34568429              -9     0.777357476
      1.75809169              -0      5.67392942
      1.67993069              -6      5.35792702
      2.43770247              -0      6.43818931
      2.47511644              -9     0.713357903
      1.94186105              -1      2.58498183
      1.66483342              -9      1.44458121
      1.86318462              -7      2.08775299
      1.69188147              -1      4.92807386
      1.98861213              -5     0.995495652
      1.75680608              -0      5.67078371
      1.68624857              -0      5.40945756
      2.91354439              -0      6.73885606
      1.74554001              -9      1.24073046
      1.86634036              -4      2.09518695
       1.7214915              -4      4.68116775
      1.79091041              -4      3.40398913
      1.66491874              -9      1.44401191
      1.71996724              -5      4.69420672
      1.84336902              -6      3.08642591
      1.94705614              -1      2.41965096
      1.75288276              -7      4.29420702
      1.75157782              -4      4.32354433
      2.37357621              -0      6.39103136
       1.6850173              -0      5.40070004
      1.70159969              -0      5.49370131
      1.71256672              -4      4.75577198
      1.70506519              -0      4.81685297
      1.90378816              -1       2.1944647
      1.76269465              -4      3.81727049
       2.0691497              -0       6.1270595
      1.70667788              -4      4.80372714
      1.84977194              -5      1.11460639
      1.73757052              -4      4.52727345
      1.81027887              -5      3.26663902
      1.73860925              -1      5.62293593
      1.83063826              -9      2.01544331
      1.78718965              -7      3.43586184
      1.68765448              -5       1.3548187
      1.83989204              -4      3.10359349
      1.74635953              -4      4.41547954
      1.83254952              -0      5.82359505
      1.78553402              -7      3.45090632
      1.72151174              -0      5.57047854
      1.75893566              -0      4.04426897
      1.84207193              -0      5.83955126
      1.74266174              -1      4.46676719
      1.75340279              -4      4.28137514
       1.9421105              -4      2.36366075
      1.76351651              -4      3.78789049
      1.70781344              -9      1.74595078
       1.7213389              -7      4.68248045
      1.67600927              -1      5.31062991
      1.72559198              -0      4.64517476
      1.80539296              -9      1.96249649
      1.87901222              -5      2.12616318
      1.68039313              -1      5.04546503
      1.75380428              -7       4.2709281
      2.23209698              -0      6.27820426
      1.67962278              -9      1.65815743
      1.68307492              -0      5.01426488
      1.86308672              -5      2.08752392
      1.70606736              -1      4.80869311
      1.67373862              -0       5.1630553
      2.11428073              -0      6.17186674
      1.68107673              -7      1.66364559
      1.76644472              -2      3.70833447
      1.75918346              -4      4.02544371
      1.98671127              -9     0.996924246
      1.89315958              -9      1.07353903
       1.9405294              -1      2.35147207
      1.78946088              -1      3.41611254
      2.20245984              -9     0.855593208
      1.67329917              -0      5.18133183
      1.84892802              -4      5.85072634
      1.98923171              -5     0.995030934
      1.81146556              -2      3.25929144
      1.85850178              -2       3.0145049
      1.92106518              -4       5.9558144
      1.95621099              -0      6.00074454
       1.8461502              -5      3.07289178
      1.76543406              -0      3.73254415
      1.76149661              -4      3.87012116
      1.93063988              -0      5.96839056
      1.75325601              -2      4.28507301
      1.68093451              -2      5.36746619
      1.70328335              -1      5.50118337
      1.77365861              -5      1.89666311
      1.75733742              -7      4.14415142
      1.67904159              -7      5.34883227
      2.72278031              -9     0.603158316
      1.78762284              -0      3.43201924
      1.67767002              -0      5.08230439
      1.78453117              -1      3.46031495
      1.76499705              -6      3.74391722
      1.93587908              -1      2.63302235
      1.78320446              -1      3.47313793
      1.79229298              -7      3.39274157
      1.71524732              -7      4.73373222
      1.87820391              -5      2.12412596
      1.67093655              -9      1.41189351
      1.79121206              -7       3.4015097
       1.7494268              -4      4.36530034
      1.72233909              -0      4.67384481
      1.79594101              -1      5.75658831
      1.78357918              -5      3.46947064
      1.69682794              -6       4.8850409
      1.93260208              -1      2.30395096
      1.93532911              -1      2.31850459
      1.84570152              -9      1.11870259
      1.73194538              -6      5.60353784
       1.7790717              -4      3.51632391
       1.8450502              -9      1.11936242
      1.75189859              -7      4.31666668
      1.70071202              -2      1.72645753
      1.94659876              -5      2.52847614
       1.7953622              -0      5.75544321
      1.72631075              -0      4.63870139
      1.80170301              -2      3.32283322
      2.52956017              -1      6.50230787
      1.67415422              -2      5.15019662
      1.89121716              -5      2.15820109
      1.94837948              -2      2.47505842
      1.78000661              -2      3.50607043
      1.77108081              -6      3.62130431
      1.84715072              -7      2.05129593
      1.66478541              -9      1.44490374
      1.74152619              -2      4.48110017
       1.8966895              -5      2.17350056
      1.92819524              -1      5.96520488
      1.87692982              -7      2.93065881
      1.68203323              -0      5.02595242
      1.87399996              -9      1.09112963
       1.9251585              -0      5.96122367
      1.66931226              -9      1.61225945
      1.78729656              -1      3.43491008
      1.93502005              -5      2.63903818
      1.93221978              -2      2.65766963
      1.69306268              -0      5.45130499
      1.85367002              -4      5.85831182
      1.66807145              -1      1.42562834
      1.88760612              -9      2.14844936
       1.9125465              -9      1.05649673
      1.93745459              -4      2.62153678
      1.93794634              -9      2.61781539
      1.72322934              -4      1.78496724
       1.7960951              -7      3.36322022
      1.75438081              -6      4.25497311
      1.75821787              -6      4.09415956
      1.68918781              -9      1.69168822
      1.72303308              -0      4.66780673
      1.92897965              -4      2.67775797
      1.83208168              -0      5.82279735
      1.75570621              -5        1.858578
       1.9619291              -0        6.007753
        1.873361              -9      2.11210595
      1.69756328              -9      1.32965022
      1.91684929              -7       2.2376006
      1.75050762              -1      4.34517884
       1.7700542              -5      1.88910084
      1.67900841              -0      5.06332992
      1.92422789              -1      2.70516662
      1.74652567              -4      4.41297154
      1.67891333              -4       5.0646153
      1.75293458              -2      4.29296113
      1.79031431              -4      3.40893213
      1.67867043              -6       5.0679384
      1.67528978              -0      5.12335194
      1.75826739              -7      4.09098407
      1.86713085              -9      2.09706481
      1.68955985              -0      4.94925505
      1.84488743              -2      2.04629665
      1.74646606              -6      4.41387385
      1.73943618              -0      5.62526353
      1.69454758              -4      4.90458954
      1.70200818              -7      1.31950337
      1.68016643              -4      5.04829074
      1.69058454              -0      5.43716072
      2.49815106              -4      6.48079968
      1.90960822              -9      2.21282482
       1.8004196              -6      3.33178511
      1.89016345              -5       2.8710496
      1.97382075              -9      1.00672839
       1.8933267              -1      2.16402001
      1.78147688              -0      5.72699044
      1.75024625              -6      4.35018993
      2.18754252              -0      6.23956581
      1.68675607              -5      1.35731934
      1.77256359              -5      3.59874797
      1.90909698              -2      5.93970453
      1.77001827              -7      3.63872533
      1.72773613              -2      1.79574087
       1.9387786              -4      2.61134701
      1.77947233              -9      1.19354081
      1.68694727              -1      4.97418684
      1.93775726              -0      5.97757001
      1.66248524              -5      1.46282676
      1.67715604              -9      1.64842247
       1.7745222              -5      1.89847022
       1.7478892              -0      4.39155347
      1.93498791              -1      2.31660355
      1.70976581              -9      1.30306304
      1.66029832              -9      1.53599448
      2.27621068              -0      6.31486428
      1.73593809              -0      5.61530127
      1.95962032              -0      6.00493264
      1.69575137              -7      5.46559069
      1.75332314              -1       4.2833894
      2.26783075              -0      6.30801332
       1.7604628              -6      3.93033235
      1.79508324              -1      3.37088921
      2.55706401              -4      6.52081419
      1.75145776              -0      5.65739307
      1.94534145              -7      2.54707258
      1.94774065              -5      2.43432348
      1.68449113              -5      5.39680742
      1.68541858              -0      5.40360618
      1.91804805              -9      1.05178655
      1.90768221              -1      5.93777008
      1.75112875              -0      4.33285453
      1.75505311              -1      4.23467574
      2.55397352              -2      6.51874943
      1.94801922              -6      2.44261968
      1.76009226              -2      3.95609115
      1.71641486              -4      4.72405458
       1.8257488              -7      3.17697747
      1.70061769              -7      4.85332515
      1.67493562              -0      5.29217378
      1.75191439              -0      4.31632263
      1.86650569              -5      2.09557917
      2.41723066              -9     0.741319495
      1.91598062              -9      1.05355036
      1.73116779              -4      4.59329488
      1.88184982              -4      2.13339083
      1.93752655              -1      2.33141289
      1.79774447              -6      3.35098523
       1.7499772              -4        4.355248
      1.80027071              -9      1.95188803
      1.70900566              -0       4.7848037
        1.676231              -9      1.64461475
      1.92534378              -2      5.96146734
      2.18272051              -1      6.23527755
      2.37315216              -4      6.39071217
       1.7510377              -5      4.33469967
      1.87456054              -2      2.94132468
       1.8445165              -5      2.04548024
      1.82682397              -4      3.17116094
      1.93402303              -5      2.31135797
      1.93554516              -2      2.31972154
      1.67348001              -0      5.17287326
      1.65999645              -9      1.52801088
      1.74143172              -2      1.82723033
      1.70756879              -9      1.30757333
      2.13127077              -9     0.898371253
      1.66026911              -9      1.53534733
      2.02438792              -0      6.07974843
      1.67825227              -0      5.34013254
      1.78493413              -1      3.45650624
       1.6790764              -0      5.06241586
      2.42779954              -7      6.43104493
      1.84778502              -1      3.06501134
      1.89637142              -5      2.84276326
        1.772954              -1      3.59310343
      1.89580797              -1      2.84534694
      1.75919556              -6      4.02451209
      1.80240647              -2      3.31799306
      1.75432909              -1      4.25645479
      1.85523298              -4      5.86078723
      1.87158286              -1      2.95475717
      1.67882758              -4      5.06578185
      1.71866898              -2      4.70519452
      1.76779502              -0      3.67959416
      1.67770583              -4      5.08176893
      1.76321842              -2      3.79804283
      1.79974119              -4      1.16871409
      1.68220789              -1      1.66780282
      1.80677338              -9      1.96535938
      1.79143194              -7      3.39971149
      1.75692868              -2      4.16376256
      2.25691103              -9     0.824758324
      1.66304398              -7      1.45791618
      1.94676196              -5      2.41458315
      1.66145719              -9      1.47347019
      1.68413137              -5      1.36488626
       1.7667863              -7      3.70071611
      1.74641566              -4      4.41463448
      2.21855579              -9     0.846322505
      1.73120338              -0       5.6013023
      1.75295026              -1      4.29258278
      1.67486285              -2      5.13251134
      1.75766547              -6      4.12687753
      1.76052322              -4       3.9263437
      1.76270824              -9      1.21581773
      2.06107192              -9     0.943922708
      1.81700328              -6      3.22613857
      1.74505376              -7      4.43451733
      2.19334729              -0      6.24469933
      1.88031811              -9      1.08524063
      1.74133022              -2      4.48351871
      2.22464743              -0      6.27186237
      1.86521788              -4      2.98364089
      1.70141288              -9      1.72843606
      1.77660782              -6       3.5449903
      1.66160623              -5      1.55598082
      1.67841006              -7      5.34192508
      1.77400497              -7       1.8973881
      2.21045476              -9     0.850971342
      2.23295348              -0      6.27893049
       1.7572137              -6      4.15029719
      2.73251547              -0      6.63262568
      1.67649163              -0      5.31776819
      1.75704202              -9        1.223778
      1.94833007              -7      2.48045025
      1.68098515              -0      5.03824346
      1.67810844              -0      5.33847318
      1.75136228              -4      4.32805745
      2.61439466              -9     0.649728131
      1.67843153              -9      1.65352755
      2.61937201              -9     0.647537881
      1.66290478              -5      1.56929489
      2.16929875              -2     0.875141329
      1.68053061              -7      5.04376823
      1.72047618              -0      5.56698537
      1.92512189              -5      2.26960595
      1.88575301              -9      1.08024554
       1.7233931              -0      4.66465863
      1.86071997              -7      3.00425685
      1.94486028              -6      2.55319824
      1.71417275              -1      4.74259393
      1.72377595              -0      4.66129858
      1.70359047              -4      4.82888906
      1.75322324              -1      4.28589018
      1.76783611              -9      1.20881172
      1.74944587              -6      4.36495827
       1.7666098              -0      5.69411968
      1.94189567              -5      2.36191812
      1.77185111              -4       3.6093538
      1.68934894              -1      5.42969338
       1.6604998              -9       1.4871353
      1.68456981              -1      5.39739563
      1.72034481              -2      4.69099149
      1.68566923              -7      5.40539534
      1.84888976              -1       3.0597156
      1.69059874              -1      5.43724482
      2.47899636              -2       6.4674768
      1.68732365              -4       4.9705094
      1.82265821              -4      5.80643733
      1.70314735              -4      5.50058781
      1.77253889              -1      3.59910896
      1.77510007              -7      1.89967848
      1.66777588              -9      1.42717714
      1.67341009              -4      5.17593135
        2.045567              -0      6.10252454
      1.73992145              -0      5.62662176
      1.72848284              -0      5.59296435
      2.39401379              -1      6.40629661
      2.87023776              -4      6.71415445
      1.67516969              -0      5.29658352
      1.90222535              -1      2.81565458
      1.75838707              -1      4.08314096
       1.9443595              -9      2.55917835
      1.87977687              -0      5.89818328
      2.28118018              -0      6.31890313
      1.70066907              -7       4.8529002
      1.86689811              -6      5.87889428
      1.71130977              -1      4.76604199
      1.90094564              -4      2.82162738
      1.91661837              -5      2.74564065
      1.85322455              -5      2.06487601
      1.94260271              -5      2.36777343
       1.8962264              -1      2.84342862
      1.69650782              -4      4.88776036
       1.7671155              -9      1.20978545
      1.94805651              -7      2.49463775
      1.66167917              -9      1.47093832
      1.68715073              -4       5.4155933
       1.7825441              -9      1.91518538
      2.55502814              -1      6.51945443
      1.72479602              -0      5.58128578
      1.68805263              -0      5.42151526
      1.67005338              -9      1.41590895
      1.83062254              -9      1.13430539
      1.74991202              -4      4.35645883
      1.66890265              -9      1.42141986
      1.75493707              -7      1.85691793
      1.69475789              -0      5.46042764
      1.89169125              -5      2.86412079
      1.75996877              -4      3.96513369
      1.70100963              -9      1.72729927
      1.84339021              -2      3.08632214
      1.67935939              -0      5.05865585
      1.80071019              -2      3.32974412
      1.94240123              -6      2.57984125
      1.76203605              -7      3.84452757
      1.77582601              -2      3.55465645
      1.67468888              -1      5.13651554
      1.66233422              -9       1.4642413
      1.94476981              -2      2.55430606
      1.75341491              -4      4.28106713
      1.79500456              -7      3.37149102
       1.7587443              -0      5.67551591
       1.7117636              -1       4.7623376
      1.73753131              -0      4.52770663
        1.688374              -0      5.42357784
      1.78230615              -0      5.72874605
      1.75707453              -1      4.15698811
      1.66039565              -2      1.53803016
      1.85361403              -5      3.03731495
      1.73664021              -9      1.81640089
      1.82361283              -5      2.00054386
      1.76276817              -2      3.81445373
      1.81644727              -6      3.22938886
      1.67387618              -0      5.26741813
      1.73322531              -0      4.57299008
      2.84485994              -0      6.69948306
      1.76400529              -6      3.77229361
      1.85992767              -7      3.00791055
       1.6887388              -9      1.35185635
      1.76570458              -6      3.72579616
      1.71907578              -1      4.70176235
      1.68201996              -9      1.37128981
      1.76371057              -1      3.78155118
      1.78193809              -7      3.48581395
      1.86776488              -7      2.97204858
      1.92420702              -4      2.70528271
      1.89642831              -9      2.84250218
      1.79398511              -1      3.37936148
      1.83089099              -5      3.14954652
      1.73326236              -6      4.57261752
      1.80149142              -1      5.76741676
       2.0105807              -5     0.979286877
       1.8888508              -4      2.87698953
      2.02113858              -4      6.07618747
      1.68014268              -9      1.66013954
      1.66024521              -9      1.53480384
       1.8124815              -9      1.97722394
      2.30168865              -1      6.33538805
      1.72418069              -4       4.6577322
      1.75958913              -1      3.99397759
      1.76004986              -4      3.95917281
      1.73017891              -0      5.59818901
      1.67930098              -0      5.35155615
      1.89617324              -4      2.17202787
      1.90096015              -5      2.18594423
      1.67300935              -1      5.20466243
      1.67461433              -2      5.28564044
      1.92547264              -7      2.27107897
      1.73703144              -0       5.6184481
      1.84092747              -6      3.09845062
      1.77426405              -7      5.71138701
      1.68918218              -9      1.35066183
      1.72468483              -6      4.65326865
      1.78533514              -6      3.45275373
      1.98123663              -0       6.0308616
      2.13980015              -0      6.19609755
      1.66095603              -9      1.54750108
      2.75238696              -9     0.590817451
      1.83274491              -0      5.82392781
       1.7858966              -9      1.92214165
       1.7196426              -2      4.69696388
      2.42193082              -0      6.42678803
      1.96264617              -0       6.0086264
      1.68785014              -4      4.96541713
      1.69090606              -2      1.69718565
      1.74731875              -9      1.23803328
      1.80728078              -0      5.77843142
       1.7218802              -7       4.6778163
      1.79722232              -2      1.94558154
       1.7685195              -1      3.66551473
      2.46892872              -2     0.716300184
      1.67601567              -0      5.10939462
      1.85214398              -6      2.06244143
      1.75895317              -1      4.04295894
      2.22777638              -0      6.27453165
      1.93477083              -5      2.64075449
      1.85769976              -5      2.07505288
      1.79892904              -9      1.16967073
      1.85508632              -9      1.10932743
      1.68078697              -2      5.04063661
      2.58943587              -7      6.54222643
      1.67331821              -0      5.18034617
      1.66674056              -9      1.43284995
      1.67089638              -9      1.41207247
      1.69907483              -0      4.86614237
      1.75628456              -7      4.19112962
      1.69740189              -0      4.88018319
      1.87555887              -9       1.0896682
      1.71280281              -4      5.53963966
      1.67408831              -0      5.27327295
      1.69850078              -0      5.47925493
      1.96701841              -4      6.01392586
      1.75153202              -0      5.65758249
      2.73614762              -9     0.597567605
      1.67890195              -0      5.06476966
      1.73966185              -9      1.24986121
      1.88711787              -7       2.8848158
      1.71273304              -4      4.75441045
      1.92660505              -1      2.69171377
      1.91126826              -5      2.77241196
      2.72025339              -0      6.62512461
      1.74789254              -1      4.39149892
      2.12995783              -7      6.18683993
       2.5931367              -9     0.659142857
      2.61265235              -7      6.55734923
      2.60654539              -0      6.55338961
      1.76507643              -2      3.74180535
      1.75860303              -4      4.06838707
      1.86622386              -2      2.97905603
      1.78274425              -4      3.47769294
      1.68194106              -9      1.37153513
      2.09402306              -0      6.15208124
      1.88513454              -2      2.89375583
      1.88462606              -5      2.14058359
      1.87709644              -2      2.92990924
      1.66020525              -9      1.53386314
      1.99747564              -0       6.0496801
       1.7828473              -9      1.91581508
      1.75931492              -1      4.01527703
      1.94527322              -2      2.54796701
       1.7881873              -9      1.18261279
      1.83900024              -1      3.10804464
      1.79550603              -4      3.36766917
      1.76037658              -4      3.93612934
      1.80452446              -1      3.30368876
      1.71643091              -9      1.28998729
      1.78042107              -4      5.72474414
      1.70890437              -1      4.78562733
      1.70294617              -0      4.83416237
      1.67608114              -0      5.10821385
      1.87497878              -7      2.11608709
      2.43613282              -1     0.732078843
      1.75562255              -5      4.21572848
      1.79929091              -9      1.16924412
      1.67308019              -0      5.19602306
      1.88320046              -7      2.90246129
      1.70463136              -7      4.82038959
      1.75719365              -5      4.15127551
      1.67739318              -7      5.32982341
       1.7586815              -7      4.06284153
      1.72065914              -1      4.68830767
      1.92468441              -5      2.26778414
      1.93036741              -4       2.6693188
      1.89973606              -9      1.06767733
      1.69887806              -0      4.86778546
      1.69712204              -0      4.88254895
      1.84462668              -6      2.04572267
        1.779536              -6      3.51119267
      1.68797368              -9      1.68772249
      1.69778083              -7      4.87698794
        2.393848              -0       6.4061737
      1.87412349              -2        2.943294
      1.90979447              -5      2.77960789
      1.78567673              -6      3.44958627
      1.76654822              -6      3.70599874
      1.75414402              -2      1.85520326
      1.70464845              -0      5.50707998
       1.6923223              -4      5.44718617
       1.6861409              -6      5.40871009
      1.74167838              -1      4.47921131
      1.75951179              -1       3.9999748
      1.67154844              -5      1.40920753
      1.80677794              -9      1.16054561
       1.7561643              -4      4.19583593
      1.95636383              -0      6.00093289
       1.8952625              -7      2.16944542
      1.84601664              -5       1.1183838
        1.769808              -9      1.88858304
      1.77438943              -5      1.20010996
      1.82822264              -5      3.16366028
      1.86454708              -2        2.986703
      1.91157697              -5      2.21932463
      1.68262905              -4      5.38218468
      1.68370575              -4      5.39081092
      1.75727126              -6      4.14746155
      1.68577376              -7      5.40613573
      1.93276009              -5      2.30475729
       1.7923712              -6      3.39211392
      1.67333563              -0      5.24788779
      2.03103083              -0      6.08697206
      1.71729779              -2      4.71669696
      1.68422871              -9       1.6750098
      1.75767737              -7      4.12622216
      1.73025392              -0      4.60208807
      1.92517872              -7      2.69984187
      1.77821136              -1      3.52604753
      1.67377894              -1      5.26449285
      1.73744319              -0      4.52867839
      1.91152309              -9      1.05737884
      1.78961804              -4      3.41478083
      1.68809863              -0      4.96303372
      1.85985721              -4      3.00823584
       1.7495795              -2      4.36254966
      1.94837604              -2      2.46259487
      1.67118353              -9       1.6218512
      1.73064662              -0      5.59961426
      1.85324357              -1      3.03905805
      1.79659402              -1      3.35948532
      1.67722678              -7      5.08908436
      1.94055377              -7       2.5967033
       1.9298452              -5      1.04186061
      1.93225016              -7      2.65747453
      1.90358814              -1      5.93213488
      1.69448197              -1      4.90515855
      1.79121919              -2      3.40145128
      1.68160441              -0      5.37347177
      1.65980464              -9      1.50833119
      1.94697332              -0      5.98925299
      1.87002944              -2      2.10400782
      1.94227341              -2      2.58107555
      1.81078422              -9      1.97369099
      1.82132674              -4      3.20139857
      1.69378664              -0      5.45525146
      1.87676708              -5      2.12052721
      1.94352048              -2      2.37595667
      1.84585973              -7       3.0742976
      2.21022304              -7      6.25945053
      1.67313399              -7      5.23635112
      1.88855797              -5       2.1509955
      1.92280068              -4      2.71303132
      1.77909284              -7      1.90800811
      1.76568423              -2      3.72629651
      2.65416272              -9     0.632372804
      1.77974774              -1      3.50887846
      1.67408852              -7      5.15206521
      1.94567469              -2      2.39907714
      1.73515431              -9      1.25710691
       1.7165874              -0      4.72261951
      2.97037998              -1      6.77067159
      1.74830717              -5       4.3846588
      1.72656479              -2      4.63640004
      1.99909816              -0      6.05153128
      1.90718674              -0      5.93709106
      2.83401233              -5     0.557542191
      1.77080486              -6      3.62571868
      1.67712046              -1      5.09075544
      1.73224031              -9      1.26191389
      1.78517593              -0      5.73476368
       1.9483136              -4      2.45650201
      1.67563636              -0      5.30468538
      1.67709906              -9      1.64819056
      1.77608963              -5      3.55136312
      1.75910624              -2      1.86588362
      1.71180007              -0       4.7620398
      1.67902365              -0       5.0631247
      1.66813658              -2      1.60577923
      1.82390865              -0      5.80864126
      1.91137642              -6      2.77188115
      2.47382657              -9     0.713970356
       1.7657412              -6      3.72489865
      2.09655124              -7      6.15457855
      1.92536032              -2      2.27060607
      1.81248846              -9      1.15406762
      1.76847374              -1      3.66638001
      1.70422453              -0      5.50526442
      1.69932115              -9      1.72249147
      1.71069791              -1      4.77103067
      1.88656051              -7      2.14567163
      2.54885876              -9     0.679080303
      1.74576923              -9      1.24038123
      1.76208786              -6      3.84223779
       1.7671932              -9       1.2096803
      1.92880059              -2       2.6788307
      1.94039164              -5      2.59809583
      1.73587951              -4      4.54558533
      1.77215388              -4      3.60479688
      1.75487162              -1      4.24035667
      1.73075385              -0       4.5972938
      1.75541612              -4      4.22280724
      1.68260389              -4      1.66923656
      1.84533359              -2      3.07684848
      1.78649067              -6      3.44214244
      1.69206946              -9      1.34310471
      1.66277871              -5      1.46018898
      1.87019156              -9      1.09472361
      1.67580358              -0      5.11330008
      1.70507708              -0      4.81675602
      1.94831237              -5      2.48184357
      1.76085107              -7      3.90575968
      1.76443738              -0      5.68907337
       1.8659714              -4      2.98020584
      1.74819297              -0      5.64896202
      1.78003824              -7      5.72392653
      1.89912685              -2       2.8300685
      1.83156021              -5      3.14604513
       1.6867478              -0      5.41288036
      1.67360319              -0       5.1679512
      1.66184386              -9      1.55869768
      1.88030455              -5      2.12943995
      1.82155148              -2      3.20013695
      2.11231878              -5     0.910305287
       1.8014539              -7      3.32455835
      2.79431321              -2     0.573593854
      1.79277517              -4      3.38888699
      1.77866939              -1      3.52083502
      1.87868914              -6      2.92274632
      1.86391389              -9      1.10072348
      1.70855748              -0       4.7884476
      1.73933578              -4      4.50731064
      1.67539328              -9       1.3937803
      1.82380387              -4      3.18761641
      1.92614425              -0      5.96251894
       1.6729863              -0      5.21774845
      1.74872252              -7      4.37763558
      1.76549733              -7      5.69154397
      1.79030084              -2      3.40904446
      2.87732242              -0      6.71822388
      2.35817674              -9     0.770936828
      1.72768666              -4      4.62614883
      1.75713915              -1      4.15390998
      1.80129723              -6       3.3256463
      1.78331846              -1      3.47201835
       1.7363468              -0      4.54059748
      1.93478707              -6      2.64064304
      1.73017015              -9      1.26539135
      1.89938899              -5      2.18131005
      1.74931345              -0      5.65187862
      1.87453803              -2      2.94142611
      1.67778786              -7       5.0805488
      1.93867716              -4       2.6121476
      1.70312338              -0      5.50048267
       1.8803904              -0      5.89908502
      1.67862138              -7      5.06861664
      1.74954557              -0      4.36316334
      1.83813708              -4      2.03155796
      1.73547044              -6      4.54990905
      1.72176423              -1      5.57132381
      1.66540192              -5      1.44087578
      1.72427901              -0      4.65686356
      2.14693264              -4      6.20274008
      1.69723184              -9      1.71642902
      1.80479129              -7       1.9612493
      1.70382327              -2      4.82698618
       1.6836712              -0       5.3905417
      1.67424635              -7      5.14765771
      1.76494812              -1      3.74522952
      1.75327237              -6      4.28466377
      1.75238852              -2      4.30575913
       1.7793982              -2       3.5127074
      2.13139337              -2      6.18819692
      1.94901339              -5      1.02620522
      1.74612163              -7      4.41903526
      1.72461458              -6      1.27500065
      2.40029572              -0      6.41094317
      2.31090513              -4      6.34270334
      2.58395748              -0      6.53862991
      1.77583773              -5      3.55450921
      1.91538767              -4      2.23239552
      1.67421126              -7      5.14861414
      1.85524514              -0      5.86080645
      1.71368318              -0      5.54292039
      1.77503273              -9      1.89953772
      1.76210489              -5      1.87228583
      1.84441668              -1      3.08130799
      1.75269117              -7      4.29875514
      1.94811121              -4      2.44602518
       1.9321992              -7      2.65780177
      1.73939909              -7       4.5065768
      1.72199827              -9        1.279677
      1.68097892              -0      5.36787265
      1.76548892              -4      3.73115855
      1.77279022              -6      3.59545746
      1.75163049              -2      4.32242842
      1.79036804              -6      3.40848419
      1.65988859              -9      1.50308141
      2.05181304              -0      6.10910423
      1.94813046              -2      2.49168153
      1.72394773              -0      4.65978679
      1.75486404              -4      4.24059038
      1.91729508              -5      2.23921131
      1.68901966              -0      4.95430387
      1.72599843              -0      4.64152093
      1.67414991              -5        1.635679
      1.73348089              -1      5.60811383
      1.67430016              -0      5.27856043
      1.84018463              -7      1.12433075
       1.6885659              -1      4.95858478
       1.6731143              -0       5.1930732
      1.84464541              -6      2.04576388
      1.74034733              -2      4.49542309
      1.79372173              -4      3.38141758
      1.66150959              -9      1.55482688
      2.86455862              -0      6.71088412
      1.82157443              -2      3.20000823
      2.13459289              -0      6.19121303
      1.93579402              -2      2.32113644
      2.19805053              -4     0.858156938
      1.83823365              -1      5.83318259
      1.70124988              -9      1.72797705
       1.8189927              -2      1.99082872
      1.91218013              -2      2.22134883
      1.91897225              -4      2.24537444
      1.76156837              -4      3.86651743
      2.38268204              -9     0.758503671
      1.78644932              -5      3.44251718
      1.74404618              -4      4.44847651
      1.80638121              -6      3.29145953
      1.67564219              -0      5.30478161
      1.70957622              -0      4.78016304
      1.78444695              -2      3.46111588
       1.7445412              -2       1.8341666
      1.75766537              -1      4.12688302
      1.88299429              -0       5.9028954
      1.79743845              -1      3.35323132
      2.27837381              -0      6.31662448
      1.87297397              -7      5.88808174
      1.94363618              -2      2.37704311
      2.43409508              -0      6.43559237
      1.82688598              -1      5.81384741
      1.70406766              -0      4.82498981
      1.80253181              -0      5.76941668
      1.77089814              -1      3.62421818
      1.92722774              -1      2.27862569
      1.69236044              -0      5.44740042
      1.95602636              -7      6.00051692
      1.66961623              -9      1.61387328
      1.75600974              -6      4.20172121
      1.89557885              -7      2.84639648
      1.75557343              -6      1.85829161
      2.07185721              -4      6.12982427
      1.77205207              -0       5.7064757
      1.89688942              -4      2.84038448
      1.93918001              -5      2.60814363
      2.02411991              -0       6.0794554
      1.76639511              -1      3.70946271
      1.67564139              -0      5.30476843
      2.08952321              -4       6.1476159
      1.81006736              -7       3.2679584
       1.7530428              -4      4.29033637
      1.76921463              -4      3.65273179
      1.90222369              -2      2.18972168
      2.12482613              -0      6.18196996
      1.93345459              -6      2.30835178
      1.66803321              -5      1.42582708
      1.70207476              -0      5.49583695
      1.72554691              -6      4.64557885
      1.68844879              -1      4.95969588
      1.76368572              -2      3.78235147
       1.7737622              -6      3.58176366
      1.79824957              -7      1.94770638
      1.76343607              -7      3.79057894
      1.98412401              -0      6.03424729
      1.82162667              -9      1.99636023
       1.6666365              -5      1.59685379
       1.7635794              -5      3.78581376
      1.70239277              -9       1.7311808
