10 1
0.20770064
1 -1 1 1
          5.59637927 
   0.752250635275481 
0.12075179
1 -1 1 1
          4.18763766 
    1.42623587888839 
0.093835897
1 -1 1 1
         3.315007659 
    1.41084421771612 
0
1 -1 1 1
                   0 
                   0 
0.12780699
1 -1 1 1
          3.86184583 
    1.48900829829979 
0.092391401
1 -1 1 1
         2.284218106 
   0.976369205488112 
0.058296217
1 -1 1 1
         3.782444139 
   0.850577420435137 
0.12714597
1 -1 1 1
         3.944828353 
    1.47906777230903 
0
1 -1 1 1
                   0 
                   0 
0.17207109
1 -1 1 1
         1.370461901 
   0.530434575609528 
