 0.50614 0.00000e+00
 0.51841 2.76137e-03
 0.53068 5.34047e-03
 0.54295 0.00000e+00
 0.55522 4.99844e-03
 0.56750 2.41463e-03
 0.57977 2.33346e-03
 0.59204 4.47801e-03
 0.60431 0.00000e+00
 0.61658 4.23740e-03
 0.62885 2.04339e-03
 0.64113 3.98675e-03
 0.65340 1.93047e-03
 0.66567 1.89062e-03
 0.67794 0.00000e+00
 0.69021 1.77531e-03
 0.70249 3.44827e-03
 0.71476 1.64436e-03
 0.72703 1.62972e-03
 0.73930 1.57348e-03
 0.75157 4.59247e-03
 0.76385 4.48520e-03
 0.77612 2.90409e-03
 0.78839 0.00000e+00
 0.80066 0.00000e+00
 0.81293 0.00000e+00
 0.82520 2.64778e-03
 0.83748 1.28285e-03
 0.84975 0.00000e+00
 0.86202 3.70682e-03
 0.87429 6.05414e-03
 0.88656 1.17871e-03
 0.89884 2.32913e-03
 0.91111 2.29577e-03
 0.92338 1.12706e-03
 0.93565 1.10569e-03
 0.94792 3.25397e-03
 0.96020 0.00000e+00
 0.97247 3.15529e-03
 0.98474 3.10436e-03
 0.99701 2.04660e-03
 1.00928 9.99666e-04
 1.02155 1.96621e-03
 1.03383 9.78575e-04
 1.04610 9.67068e-04
 1.05837 4.74933e-03
 1.07064 9.40786e-04
 1.08291 1.85571e-03
 1.09519 1.83386e-03
 1.10746 3.64299e-03
 1.11973 4.51548e-03
 1.13200 8.92521e-04
 1.14427 8.84117e-04
 1.15655 1.75445e-03
 1.16882 1.74237e-03
 1.18109 2.58928e-03
 1.19336 8.61653e-04
 1.20563 1.70493e-03
 1.21790 2.54778e-03
 1.23018 2.53192e-03
 1.24245 8.39971e-04
 1.25472 2.51419e-03
 1.26699 8.34471e-04
 1.27926 8.32272e-04
 1.29154 1.65976e-03
 1.30381 8.27290e-04
 1.31608 1.65333e-03
 1.32835 2.47549e-03
 1.34062 1.64850e-03
 1.35290 0.00000e+00
 1.36517 2.47132e-03
 1.37744 1.64825e-03
 1.38971 8.24594e-04
 1.40198 2.47696e-03
 1.41425 2.47947e-03
 1.42653 3.31284e-03
 1.43880 8.30206e-04
 1.45107 3.32755e-03
 1.46334 1.66687e-03
 1.47561 1.67377e-03
 1.48789 2.52058e-03
 1.50016 2.52850e-03
 1.51243 2.53948e-03
 1.52470 2.55439e-03
 1.53697 2.56004e-03
 1.54925 8.60405e-04
 1.56152 1.72294e-03
 1.57379 1.73639e-03
 1.58606 0.00000e+00
 1.59833 3.50441e-03
 1.61060 1.76839e-03
 1.62288 1.77214e-03
 1.63515 1.78738e-03
 1.64742 3.60587e-03
 1.65969 4.52511e-03
 1.67196 1.82146e-03
 1.68424 0.00000e+00
 1.69651 4.62529e-03
 1.70878 2.79556e-03
 1.72105 9.33708e-04
 1.73332 0.00000e+00
 1.74560 0.00000e+00
 1.75787 1.91771e-03
 1.77014 1.93003e-03
 1.78241 2.90712e-03
 1.79468 0.00000e+00
 1.80695 2.95028e-03
 1.81923 1.98405e-03
 1.83150 2.98700e-03
 1.84377 2.01164e-03
 1.85604 0.00000e+00
 1.86831 0.00000e+00
 1.88059 1.02340e-03
 1.89286 2.06214e-03
 1.90513 1.03310e-03
 1.91740 0.00000e+00
 1.92967 0.00000e+00
 1.94195 2.10416e-03
 1.95422 3.17225e-03
 1.96649 2.12552e-03
 1.97876 2.13387e-03
 1.99103 2.14491e-03
 2.00330 3.22581e-03
 2.01558 1.07840e-03
 2.02785 2.16818e-03
 2.04012 1.08788e-03
 2.05239 3.27352e-03
 2.06466 0.00000e+00
 2.07694 2.19171e-03
 2.08921 2.19774e-03
 2.10148 3.30335e-03
 2.11375 1.10257e-03
 2.12602 1.10372e-03
 2.13830 1.10567e-03
 2.15057 2.21175e-03
 2.16284 0.00000e+00
 2.17511 3.32175e-03
 2.18738 0.00000e+00
 2.19965 2.21424e-03
 2.21193 1.10676e-03
 2.22420 0.00000e+00
 2.23647 2.21025e-03
 2.24874 1.10401e-03
 2.26101 3.30602e-03
 2.27329 2.20229e-03
 2.28556 2.19652e-03
 2.29783 1.09641e-03
 2.31010 2.18905e-03
 2.32237 0.00000e+00
 2.33465 0.00000e+00
 2.34692 2.17372e-03
 2.35919 0.00000e+00
 2.37146 1.08008e-03
 2.38373 2.15589e-03
 2.39600 1.07444e-03
 2.40828 0.00000e+00
 2.42055 2.13465e-03
 2.43282 1.06283e-03
 2.44509 1.05878e-03
 2.45736 2.11498e-03
 2.46964 3.15725e-03
 2.48191 0.00000e+00
 2.49418 0.00000e+00
 2.50645 2.08140e-03
 2.51872 4.14953e-03
 2.53100 2.06883e-03
 2.54327 1.02969e-03
 2.55554 1.02422e-03
 2.56781 3.06165e-03
 2.58008 1.01774e-03
 2.59235 2.02905e-03
 2.60463 2.01804e-03
 2.61690 2.01135e-03
 2.62917 0.00000e+00
 2.64144 1.99903e-03
 2.65371 3.98094e-03
 2.66599 3.96488e-03
 2.67826 9.88124e-04
 2.69053 1.96529e-03
 2.70280 9.79116e-04
 2.71507 3.90138e-03
 2.72735 3.88564e-03
 2.73962 9.67475e-04
 2.75189 2.89341e-03
 2.76416 1.92523e-03
 2.77643 0.00000e+00
 2.78870 1.91160e-03
 2.80098 9.52791e-04
 2.81325 0.00000e+00
 2.82552 4.72642e-03
 2.83779 2.82726e-03
 2.85006 9.39162e-04
 2.86234 2.80746e-03
 2.87461 9.32844e-04
 2.88688 1.86065e-03
 2.89915 1.85532e-03
 2.91142 1.84980e-03
 2.92370 0.00000e+00
 2.93597 1.83814e-03
 2.94824 1.83596e-03
 2.96051 0.00000e+00
 2.97278 9.13001e-04
 2.98505 3.64288e-03
 2.99733 0.00000e+00
 3.00960 2.71604e-03
 3.02187 9.04581e-04
 3.03414 9.01666e-04
 3.04641 9.00023e-04
 3.05869 1.79440e-03
 3.07096 3.58215e-03
 3.08323 1.78832e-03
 3.09550 1.78325e-03
 3.10777 2.67242e-03
 3.12005 1.77793e-03
 3.13232 2.66311e-03
 3.14459 1.77261e-03
 3.15686 1.77039e-03
 3.16913 1.76741e-03
 3.18140 1.76301e-03
 3.19368 1.76214e-03
 3.20595 0.00000e+00
 3.21822 5.27211e-03
 3.23049 2.63309e-03
 3.24276 2.62995e-03
 3.25504 6.13013e-03
 3.26731 1.74973e-03
 3.27958 1.74874e-03
 3.29185 2.61944e-03
 3.30412 3.49052e-03
 3.31640 2.61609e-03
 3.32867 2.61433e-03
 3.34094 2.61335e-03
 3.35321 2.61217e-03
 3.36548 5.22165e-03
 3.37775 1.73995e-03
 3.39003 1.73952e-03
 3.40230 3.47798e-03
 3.41457 2.60808e-03
 3.42684 1.73861e-03
 3.43911 1.73860e-03
 3.45139 2.60803e-03
 3.46366 2.60836e-03
 3.47593 1.73924e-03
 3.48820 2.60979e-03
 3.50047 8.70164e-04
 3.51275 1.74083e-03
 3.52502 1.74186e-03
 3.53729 2.61426e-03
 3.54956 3.48839e-03
 3.56183 2.61766e-03
 3.57410 2.62019e-03
 3.58638 4.36957e-03
 3.59865 8.74364e-04
 3.61092 8.75236e-04
 3.62319 8.76928e-04
 3.63546 2.63258e-03
 3.64774 8.78899e-04
 3.66001 4.39779e-03
 3.67228 0.00000e+00
 3.68455 0.00000e+00
 3.69682 1.76562e-03
 3.70910 2.65347e-03
 3.72137 6.20168e-03
 3.73364 0.00000e+00
 3.74591 2.66561e-03
 3.75818 0.00000e+00
 3.77045 2.67666e-03
 3.78273 2.68294e-03
 3.79500 0.00000e+00
 3.80727 0.00000e+00
 3.81954 9.00222e-04
 3.83181 3.60796e-03
 3.84409 9.04731e-04
 3.85636 9.06329e-04
 3.86863 9.08711e-04
 3.88090 2.73354e-03
 3.89317 0.00000e+00
 3.90545 9.15158e-04
 3.91772 1.83648e-03
 3.92999 1.84133e-03
 3.94226 2.77055e-03
 3.95453 2.77723e-03
 3.96680 0.00000e+00
 3.97908 2.79745e-03
 3.99135 1.86803e-03
 4.00362 2.81277e-03
 4.01589 0.00000e+00
 4.02816 1.88509e-03
 4.04044 0.00000e+00
 4.05271 2.84755e-03
 4.06498 3.81544e-03
 4.07725 9.56665e-04
 4.08952 9.60180e-04
 4.10180 0.00000e+00
 4.11407 1.93246e-03
 4.12634 1.94104e-03
 4.13861 9.73200e-04
 4.15088 0.00000e+00
 4.16315 1.96146e-03
 4.17543 2.95832e-03
 4.18770 2.97196e-03
 4.19997 9.94809e-04
 4.21224 1.99651e-03
 4.22451 9.99618e-04
 4.23679 0.00000e+00
 4.24906 0.00000e+00
 4.26133 2.02663e-03
 4.27360 1.01816e-03
 4.28587 2.04660e-03
 4.29815 1.02491e-03
 4.31042 1.02956e-03
 4.32269 1.03586e-03
 4.33496 2.07466e-03
 4.34723 0.00000e+00
 4.35950 3.13945e-03
 4.37178 4.20556e-03
 4.38405 1.05466e-03
 4.39632 4.23172e-03
 4.40859 0.00000e+00
 4.42086 0.00000e+00
 4.43314 0.00000e+00
 4.44541 1.07504e-03
 4.45768 3.23331e-03
 4.46995 4.33210e-03
 4.48222 3.26077e-03
 4.49450 2.18000e-03
 4.50677 1.09535e-03
 4.51904 2.19270e-03
 4.53131 3.30441e-03
 4.54358 3.30960e-03
 4.55585 5.53838e-03
 4.56813 0.00000e+00
 4.58040 1.11366e-03
 4.59267 2.23134e-03
 4.60494 2.23459e-03
 4.61721 3.36013e-03
 4.62949 2.24628e-03
 4.64176 4.49816e-03
 4.65403 1.12675e-03
 4.66630 3.38251e-03
 4.67857 2.25786e-03
 4.69085 0.00000e+00
 4.70312 3.39305e-03
 4.71539 2.26382e-03
 4.72766 1.13214e-03
 4.73993 1.13238e-03
 4.75220 3.39680e-03
 4.76448 2.26390e-03
 4.77675 0.00000e+00
 4.78902 1.13077e-03
 4.80129 1.12936e-03
 4.81356 2.25533e-03
 4.82584 2.25197e-03
 4.83811 2.24872e-03
 4.85038 2.24356e-03
 4.86265 1.11887e-03
 4.87492 3.35082e-03
 4.88720 2.22909e-03
 4.89947 2.21897e-03
 4.91174 2.20989e-03
 4.92401 1.10186e-03
 4.93628 1.09978e-03
 4.94855 0.00000e+00
 4.96083 2.17683e-03
 4.97310 3.25391e-03
 4.98537 3.23656e-03
 4.99764 4.28848e-03
 5.00991 0.00000e+00
 5.02219 1.06398e-03
 5.03446 2.11474e-03
 5.04673 2.10049e-03
 5.05900 1.04490e-03
 5.07127 0.00000e+00
 5.08355 4.12035e-03
 5.09582 1.02618e-03
 5.10809 0.00000e+00
 5.12036 3.02585e-03
 5.13263 1.00612e-03
 5.14490 1.99053e-03
 5.15718 0.00000e+00
 5.16945 1.96066e-03
 5.18172 9.74189e-04
 5.19399 3.85674e-03
 5.20626 3.84017e-03
 5.21854 0.00000e+00
 5.23081 1.88523e-03
 5.24308 9.38379e-04
 5.25535 2.78927e-03
 5.26762 9.22869e-04
 5.27990 2.74760e-03
 5.29217 5.45826e-03
 5.30444 1.79815e-03
 5.31671 2.67983e-03
 5.32898 8.87111e-04
 5.34125 1.76316e-03
 5.35353 4.36832e-03
 5.36580 8.68984e-04
 5.37807 3.43561e-03
 5.39034 2.56581e-03
 5.40261 8.46166e-04
 5.41489 3.37503e-03
 5.42716 1.67260e-03
 5.43943 1.65682e-03
 5.45170 1.64875e-03
 5.46397 4.91658e-03
 5.47625 0.00000e+00
 5.48852 2.42719e-03
 5.50079 8.02950e-04
 5.51306 3.19962e-03
 5.52533 2.38444e-03
 5.53760 2.37352e-03
 5.54988 1.57227e-03
 5.56215 0.00000e+00
 5.57442 5.45512e-03
 5.58669 3.10665e-03
 5.59896 3.08877e-03
 5.61124 7.68541e-04
 5.62351 7.65690e-04
 5.63578 1.52950e-03
 5.64805 3.04736e-03
 5.66032 1.51911e-03
 5.67260 3.03004e-03
 5.68487 3.77702e-03
 5.69714 3.01648e-03
 5.70941 7.53052e-04
 5.72168 4.51182e-03
 5.73395 1.50177e-03
 5.74623 1.50074e-03
 5.75850 2.99970e-03
 5.77077 1.49971e-03
 5.78304 1.50011e-03
 5.79531 7.50221e-04
 5.80759 3.00365e-03
 5.81986 2.25580e-03
 5.83213 3.01261e-03
 5.84440 0.00000e+00
 5.85667 2.27011e-03
 5.86895 2.27578e-03
 5.88122 2.28365e-03
 5.89349 2.28944e-03
 5.90576 2.29916e-03
 5.91803 1.53848e-03
 5.93030 7.72913e-04
 5.94258 5.43728e-03
 5.95485 1.56410e-03
 5.96712 2.35208e-03
 5.97939 7.91900e-04
 5.99166 7.96957e-04
 6.00394 8.01206e-04
 6.01621 2.41315e-03
 6.02848 3.25214e-03
 6.04075 3.27124e-03
 6.05302 1.64873e-03
 6.06530 2.49938e-03
 6.07757 2.52293e-03
 6.08984 8.46063e-04
 6.10211 8.58879e-04
 6.11438 8.63048e-04
 6.12665 2.62269e-03
 6.13893 0.00000e+00
 6.15120 8.97540e-04
 6.16347 0.00000e+00
 6.17574 1.83383e-03
 6.18801 1.86272e-03
 6.20029 1.87541e-03
 6.21256 2.86982e-03
 6.22483 2.90313e-03
 6.23710 1.97292e-03
 6.24937 2.98463e-03
 6.26165 4.03166e-03
 6.27392 3.07682e-03
 6.28619 3.14262e-03
 6.29846 2.13272e-03
 6.31073 2.15845e-03
 6.32300 4.41193e-03
 6.33528 2.23861e-03
 6.34755 3.44562e-03
 6.35982 2.32962e-03
 6.37209 2.36638e-03
 6.38436 1.20866e-03
 6.39664 0.00000e+00
 6.40891 1.26493e-03
 6.42118 0.00000e+00
 6.43345 0.00000e+00
 6.44572 0.00000e+00
 6.45800 1.38198e-03
 6.47027 0.00000e+00
 6.48254 4.30510e-03
 6.49481 1.47428e-03
 6.50708 3.01609e-03
 6.51935 0.00000e+00
 6.53163 3.14985e-03
 6.54390 4.88440e-03
 6.55617 0.00000e+00
 6.56844 0.00000e+00
 6.58071 3.51266e-03
 6.59299 1.78010e-03
 6.60526 0.00000e+00
 6.61753 3.80332e-03
 6.62980 1.97629e-03
 6.64207 3.99904e-03
 6.65435 4.08505e-03
 6.66662 4.28560e-03
 6.67889 2.20494e-03
 6.69116 2.24452e-03
 6.70343 4.68322e-03
 6.71570 2.41406e-03
 6.72798 0.00000e+00
 6.74025 5.14784e-03
 6.75252 0.00000e+00
 6.76479 2.77679e-03
 6.77706 0.00000e+00
