# npar = 1, n_ded = 0
#         weight            chi2        param[0]
#                                     alpha_topo
      1.80244674              -9      1.05824796
      1.85087192              -4      4.21311021
      1.97069411              -0      4.64285889
      2.53443901              -0      6.63449111
      1.71368314              -2      3.38581923
      2.87450933              -0      6.77053492
      2.39906736              -9     0.697485785
      1.71330708              -6       3.4075174
      1.73032848              -7      3.70608553
      1.96996232              -6      4.63753188
      1.96086617              -7      4.58410971
      1.67630386              -9      1.25418164
       1.8412679              -4      2.67287976
      1.99503471              -9     0.905652282
       1.9360648              -4       4.4814222
      1.89992865              -4      5.05060744
      1.89318633              -6       2.5082827
      1.79720456              -5      1.06363363
      1.71345748              -2      3.47149327
       1.8333475              -4      5.17081986
      1.93751981              -1      4.96287761
      1.74165563              -7      3.78388114
       1.7698987              -6      3.92717356
      1.65931516              -9      1.36034056
      1.63438622              -0      6.01062243
      1.95022552              -7      4.53580191
      1.81888681              -1      5.19442742
      1.76724868              -7       2.9460535
      1.73497358              -6         3.74041
      1.82096571              -5      1.77883211
      1.97333027              -4      4.81431422
      1.66813559              -9      1.44607934
      1.66162339              -9      1.40513071
      1.76455701              -6        3.903352
      1.92864364              -7      4.45541008
      1.72520943              -7      3.66226835
      1.89129774              -2      2.51440762
      1.68348809              -1      5.41174789
      1.73179553              -4      3.71738108
      1.76821851              -4      3.91980002
      1.66512642              -5      1.43014762
      2.21011502              -0      6.47984753
      1.80891368              -6      4.07703079
      2.51097844              -9     0.651366438
      1.90916096              -1      4.39161235
      1.68188383              -0      6.08044841
      1.77531905              -5      1.69857972
      1.83334961              -0      5.17081637
      1.68288113              -0      5.41279709
      1.56784195              -0      5.81661105
      1.81564036              -0      5.19966243
      1.75910657              -9      1.10656731
      1.77563596              -9      1.69914344
      1.59848104              -1      5.93800522
      1.96296637              -2      4.59500323
      1.81619035              -0      6.22002869
      1.87417119              -4      2.56892705
      1.61179629              -0      5.55459247
      1.57497329              -0      5.86128813
      1.72224748              -5      1.59797441
      1.56959488              -0      5.70645067
      1.92446738              -9       1.9976538
      2.78869396              -0      6.73804112
      1.93728641              -6      2.34357727
      1.67095338              -5      1.45879353
      2.65510618              -9     0.596342655
      1.72479516              -1      3.65834256
      1.72848125              -2      3.69114822
      1.90951407              -1      4.39272878
      1.72151457              -0      5.34852608
      1.98722306              -9     0.910738045
      1.95181473              -0      4.54247441
      1.88404106              -4      1.89797088
       1.9103331              -7      2.45071153
      1.79551278              -5      2.82997112
      1.95190475              -4      2.12325398
      1.73282852              -6      3.14055258
      1.64258216              -0      6.02414857
       1.9536887              -9     0.933335024
      1.63375231              -1      5.50517064
      1.88844904              -5      4.32754808
      2.03710595              -9     0.879279439
      1.76762361              -1      3.91716384
       1.9269546              -2      2.00537588
      1.85854155              -5      2.61804653
      1.92182612              -7      5.00271798
      1.97749999              -6      4.74833826
      1.74810652              -9      1.12054191
      1.82311725              -4      2.73238558
      1.82457481              -2      2.72750313
      1.95389597              -4        2.146413
      1.77720176              -6      2.90254926
      1.56799213              -0      5.71975815
      1.71443586              -7      3.50932158
      1.97291728              -2      4.66090848
      1.88358068              -5      1.89700202
      1.71579057              -6       3.3268819
      1.94565877              -1      4.51737902
      1.74351075              -7      3.06915453
      1.72274616              -4      3.22937363
       1.7525272              -9      1.11482115
      1.72075357              -7      3.25193229
      1.94832565              -0      4.93088655
       2.7005674              -9     0.579842231
      1.81123496              -0      5.20673447
      1.71628476              -7      3.55100946
      1.95510431              -5      2.19441696
      1.71645796              -6      3.55416907
      1.71031382              -9      1.57214198
       1.8894484              -4      2.52037656
      1.66285548              -9      1.31267746
      1.71445841              -9      1.17022272
      1.96425755              -0      4.86989827
      1.86072072              -4      6.25699273
       1.9018108              -0      6.28860066
      1.64869668              -0      6.03375823
       1.8056229              -1      4.06555713
       1.9439443              -7      2.30867068
      1.87562262              -9     0.991913294
      1.71741544              -7      3.29776817
      1.73105538              -7      3.15413998
      1.78246522              -5      1.71124188
      1.56839455              -0      5.71611384
      1.92594127              -1      2.00219196
      1.58115005              -0      5.64677643
      1.76698785              -4      6.17494271
      1.56766622              -0      5.81494182
      1.76035214              -9       1.1050376
      1.71680332              -4      3.56023053
      1.72015964              -7       3.2592136
      1.74788046              -5      3.04364766
      1.81645843              -7       2.7549787
      1.96589289              -7      4.61136982
      1.90319677              -1      6.28963075
         1.81825              -9      1.77404139
      1.84363991              -7      4.19063987
      1.71317934              -7      3.44736862
      1.86216849              -7      6.25814395
      1.78022556              -1      2.88997127
        1.729362              -1      1.61256455
      1.65615247              -0      5.46088326
      1.69459734              -9      1.53428763
      1.63162851              -0      5.50963742
      1.56665883              -0       5.7343646
      1.78087733              -9      1.08114374
      1.90999059              -4      5.02944636
      1.96772988              -0      4.85209078
      1.59442992              -0      5.60138084
       2.7813866              -9     0.551385529
       1.7451175              -0      6.15305754
      1.65972129              -5        1.380869
      1.71920726              -0      6.12524242
      1.96177001              -1      4.88122658
      1.71972037              -0      6.12581605
      1.75381312              -7      1.65962627
      1.72072568              -4      3.25226779
      1.94080779              -4      4.49880509
      1.83403163              -4      4.16029303
      1.89064368              -1      4.33424177
      1.80759143              -7      2.78590864
      1.71616718              -9      1.16736294
      2.26118333              -9     0.759607784
      1.72947233              -4      3.16684829
      1.71897982              -4      3.27465209
      1.81488005              -1      2.76040918
      1.93510779              -0      6.31276755
       1.5698791              -0      5.83277573
      2.24470167              -9     0.767510349
      1.69398358              -9      1.20899652
      1.80456136              -6       4.0618215
      1.71815814              -4      3.58159928
      1.66682852              -9      1.29006424
      1.73512671              -4      3.74147561
      1.74115631              -1      3.08365397
      2.02204069              -0      6.37099008
      2.59893701              -9     0.617268431
      1.65401769              -0      5.46491589
      1.71975003              -7      3.26441557
      1.72537316              -0      5.34231848
      1.68605374              -7      6.08579344
      1.94946596              -4      2.27188538
      1.79424889              -6      2.83473384
      1.71417189              -1      3.36738564
      1.59420834              -2      5.60204825
      1.64341153              -4      5.48549634
      1.69108034              -9      1.21539641
      1.71626131              -2      3.31770193
      1.89949974              -7      4.36143682
       1.6932067              -9      1.53064014
       1.8434279              -7       4.1899768
      1.78289083              -0      6.19008721
      1.72004893              -9      1.59335522
      1.78487528              -4      3.98888015
       1.5771201              -0       5.8708642
      1.94734236              -9      2.08975732
      1.86526767              -4      4.25718941
      1.58023903              -0      5.88329918
      1.74215546              -0      5.31559493
      1.62173891              -0      5.53123889
      1.93244476              -1       4.9764511
      1.61337484              -0      5.55075395
      1.91729919              -5      2.42578657
      1.84882362              -0      6.24741908
      1.82078715              -5      1.77851678
      2.25588098              -7       6.5037554
      1.71788658              -4      3.57757429
      1.78131848              -1      6.18861617
      1.63157781              -0      6.00579653
      1.90643335              -6      4.38302391
      1.85000391              -9      1.83118503
      1.57617713              -0      5.66831237
      1.96155042              -0      4.88218155
      1.68242851              -0       6.0811522
      1.75022195              -9      1.65294405
      1.90933275              -5      2.45419905
      2.10230086              -9     0.841308061
      1.85931165              -2      5.12679759
      1.79760039              -4      2.82217236
      1.95354201              -0      4.91335126
      1.70313225              -5      1.55551394
       1.9496684              -5      2.27028129
      1.71634908              -4      3.55219277
      1.73222705              -1      3.72061782
      1.84866955              -7      2.64924086
       1.8004567              -4       4.0472086
      1.74105612              -1      3.78020519
      1.67502461              -9      1.47486739
      1.74627808              -0      5.30908347
      1.97363729              -6       4.6675942
      1.93675626              -9     0.945264323
      1.84351813              -2      2.66566382
      1.72188469              -7      3.62850552
      1.61106695              -0      5.96673132
      1.87079572              -6      2.57954524
      1.82604962              -7      4.13453983
      1.87715071              -9      2.55953381
      1.97310838              -2      4.66263238
      1.97735087              -7      4.75682325
      1.81535017              -5      2.75878853
      1.87462183              -0      6.26792812
      1.96545505              -0      6.33382685
      1.78369814              -5      2.87584393
       1.6630566              -9      1.41672138
      1.71713762              -7      3.56582972
        1.860914              -0       6.2571466
      1.60725648              -0      5.95852328
      1.69492277              -9       1.5351326
      1.68552749              -9      1.50924588
      2.66337233              -9     0.593314368
      1.97719883              -7      4.76219224
      1.60426228              -0      5.57374007
      1.79667058              -9      1.06418829
      1.93749831              -6       4.4866051
       1.7418411              -9      1.63707758
      1.71488473              -2      3.34720913
      2.27557146              -1     0.752800833
      1.71440734              -1      3.36011525
       1.7050696              -9      1.56009623
      1.95216231              -5       2.2476075
      1.56839229              -4       5.7161337
      1.88909025              -7      4.32950232
      1.65937067              -9      1.37025514
       1.6586792              -1      6.04868782
      1.77460673              -1      2.91356542
      1.60341308              -0      5.57599523
      1.95248015              -0       4.9170633
      1.56618963              -0      5.74121016
      1.57917277              -0      5.65489098
      1.96722028              -1      4.61937785
      1.84440328              -4      4.19302516
      1.58500014              -0      5.63223458
      1.68169562              -9      1.49756607
      1.78328263              -4      3.98261823
      1.60559934              -0      5.57023233
       1.9714096              -2      4.82919297
      1.92351169              -0      4.99871266
      1.68185341              -5      1.49806346
      1.79377716              -6      4.02280386
       1.9335788              -4      4.47256424
      1.83778921              -0      6.23835075
      1.68746345              -9      1.22381584
       1.9469469              -5      2.29003694
      1.83617113              -9      1.02586403
      1.71710977              -4      3.30275511
      1.76073397              -4      3.88556823
      1.78879443              -1      4.00403067
      1.57097044              -0      5.69689357
       1.7138533              -4       3.3787073
      1.86304433              -7        5.120239
      1.61717291              -0      5.54173011
      2.39681495              -9     0.698449765
      1.71336379              -7      3.46553477
      1.72079621              -2      3.25142067
       1.8480112              -7      4.20425439
      1.93409872              -9     0.947171316
      1.80870825              -7      6.21349096
       1.6389106              -0      5.49454067
      1.71327847              -5      3.45887357
      1.83657209              -9      1.80665055
      1.68364908              -9      1.23333542
      1.84055839              -7       4.1809751
      1.94429166              -1      4.51205152
      1.71318879              -7      3.41996486
      1.83590144              -1      1.80544231
      1.68504375              -0      5.40906596
      1.71478113              -7      3.34984314
      1.95325732              -4      2.23477859
      1.94456262              -5      2.07432457
      1.66146271              -0      6.05270037
      1.75018774              -4      3.83254044
      1.80842132              -5      2.78296791
        1.759904              -5      2.98066661
      2.33364614              -0      6.54259361
      1.84617517              -0      6.24525954
      1.71670582              -7      3.55854951
       1.5725509              -0      5.68722075
      1.71321235              -1      3.41677172
      1.58834759              -4      5.91040044
      2.34207657              -0      6.54668125
      1.71341077              -2      3.40013789
      1.95056965              -2      2.26278486
      1.88799555              -7      2.52504769
      1.59954837              -0      5.58654973
      1.94525602              -1      2.30083791
      1.82405009              -7      4.12799758
      1.61989568              -0      5.98447721
      1.60163016              -0      5.94566005
      1.90083478              -9     0.971921452
      1.71523341              -1      3.52958641
      1.95513657              -5      2.17923836
      1.65032226              -0      6.03625063
      1.84757097              -7       1.8266878
      1.66713376              -9      1.44110984
      2.70861797              -0      6.70669228
      2.48240414              -0      6.61168033
      1.72118183              -2      3.24685639
      1.57721036              -0      5.66350516
      1.76506706              -9      1.09933598
      1.83211004              -4       2.7025769
      1.94956763              -2      2.10428497
       1.9447472              -4      4.51381806
      2.64391614              -0      6.68055861
      1.73931655              -6      3.76930979
      1.91779537              -1      1.97829215
      1.72151103              -1      3.24304535
        1.718946              -6      3.27511659
      2.30702892              -0      6.52953582
      1.97282506              -4     0.920282652
      1.66462915              -0      5.44518439
      1.56935609              -0      5.82905478
      1.69171291              -2      1.52665254
      1.56668981              -0      5.80420889
      1.69849396              -0      5.38626825
      1.87640757              -2        4.290988
      1.71532497              -7      3.33680246
      1.74232154              -2      3.07640567
       1.7629971              -4      1.10182215
      1.70489745              -7       1.1871659
      2.22278927              -2     0.778198982
      1.88378803              -0       5.0823393
      1.72865565              -4      3.69259589
      1.96422908              -7      4.87003379
      1.96853283              -4      4.84753177
      1.58623771              -0      5.62784748
      1.72324121              -1      3.22414165
      1.90258443              -2      4.37100164
      1.78153492              -2      1.70959882
      1.95309088              -5      2.23692089
       1.7315734              -5      3.71570031
      1.77195249              -9      1.69257679
      1.80741154              -2      1.05324313
      1.75107416              -1      3.83726102
       1.9101627              -4      4.39478252
       2.0882335              -2      6.41155595
      1.80512982              -9      1.05553199
      1.74970409              -7      3.03347423
      1.66150523              -9      1.32331963
      1.75624317              -7       5.2934015
      1.81972826              -9      1.04119969
      1.78390933              -5       1.7137897
      1.96237863              -0      4.59189184
       1.7241716              -1      3.21464327
      1.76946037              -2      2.93607924
      1.80650592              -1      4.06865149
      1.94107541              -2      2.05763993
      1.90361425              -9      0.96978671
      2.80849788              -4      6.74563667
      1.80044599              -2      4.04717011
       1.7131591              -2      3.42548711
      1.76791332              -9      1.09595926
      1.87782401              -7      4.29528087
      1.71995313              -7      3.60582104
      1.94693826              -4      2.29009457
      1.91522826              -7      5.01789658
      1.92869512              -9      2.01097597
       1.9499084              -5      2.10675561
      1.92557748              -7      4.44500081
      1.73167515              -5        1.617203
      1.97619841              -1      4.69845347
      1.81158988              -9      1.76233237
      1.75293191              -2      3.01606093
      1.71330263              -5      3.40788013
      1.77746344              -5      1.70238985
      1.86198211              -5       2.6072282
      1.94312862              -4      2.31334328
      1.81565467              -1       5.1996394
      2.66170602              -0      6.68782002
      1.75486276              -7      3.85685153
      1.71315068              -4      3.44099221
       1.9773229              -1      4.72408141
      1.84904339              -2      1.82940638
      1.76651565              -0      5.27728793
      1.71278445              -4      5.36268305
      1.60525886              -0      5.57112069
      1.59562709              -0      5.93073526
      1.92777458              -4      4.45244193
      1.95021758              -4       4.9247209
      1.79044748              -1      2.84925639
      1.71367337              -2      3.38625953
      1.56930126              -7      5.82865078
      1.82015003              -6      2.74239268
      1.67882677              -9      1.24656974
      1.85920482              -1       2.6159596
      1.71347393              -4      3.39633658
      1.71677391              -2      3.30846068
      1.74917321              -4      1.65098034
       1.5682101              -0      5.71775318
      1.71552937              -4      3.33232914
      1.97703664              -0      4.71511499
      1.56582724              -0      5.79052334
      1.72521872              -4      3.66235561
      1.73846963              -5      3.10095864
      1.69436065              -5      1.53367104
      1.73023695              -5      3.70536501
      1.72428124              -7      3.21355076
      1.68779549              -9      1.51581207
      1.71332621              -1      3.46279419
      1.96381876              -4      4.59961182
      2.56781938              -0      6.64880149
      1.57271042              -0      5.68630397
      1.65997609              -9      1.34106757
      1.62334127              -1      5.52764076
      1.74153847              -5      3.08126059
      1.71324794              -1      3.41282565
      1.73757454              -5      3.10692446
      2.00598236              -9     0.898629013
      1.67030621              -7      1.45601278
      1.85206496              -1      4.21679208
      1.71546473              -5      3.53469647
      1.97339711              -1      4.81373928
      1.82535036              -1      2.72491381
      1.72412941              -4      3.65188346
      1.84556439              -9      1.82299797
      1.78800669              -5      2.85874685
      1.59819802              -0      5.93729914
      1.69093121              -9      1.21573328
       1.7323616              -4      3.72161959
      1.95788844              -0      4.89722577
      1.71414183              -6      3.50028632
      1.90394693              -1      4.37524554
      2.05351878              -9     0.869414108
      1.84764842              -5      2.65248663
      1.89855854              -7      4.35852931
      1.79566948              -7      5.23148385
      1.74036207              -0      5.31843295
      1.95381264              -5      2.14516652
      1.66194905              -9      1.40801613
      1.73578194              -4      3.11920805
      1.75394939              -1      3.01071676
      1.88942373              -5        2.520456
      1.82706568              -2      5.18113833
      2.35056654              -9     0.718591044
      1.74344103              -2      3.06957577
      1.60058408              -2      5.58367188
       1.7712128              -2      3.93286895
      1.72073954              -1      1.59481231
      1.97439312              -6      4.67527278
      1.90889631              -5      2.45571429
      1.68313474              -9      1.50204749
      1.95570366              -1      4.55950443
      1.84529954              -5      2.65997034
      1.85943755              -5      1.84889841
      1.87634357              -9      1.88206267
      1.76219747              -2      2.96959339
      1.93798032              -7      4.48836104
      1.73979193              -9      1.63313222
      1.65342329              -7      6.04093717
      1.91821476              -6      1.97945888
      2.42988727              -0      6.58798696
       1.8470959              -0      5.14782279
      2.54263958              -9     0.638893541
      1.75352787              -4      3.01292274
      1.81081266              -2      1.76096882
      1.93519583              -1      4.96918855
      1.93573191              -5        2.350907
      1.93093572              -0      4.98034645
      1.92188053              -0       6.3033083
      1.78178974              -0      5.25333857
      2.00307903              -0      6.35881704
        1.914109              -2      1.96828531
      1.77568426              -6      2.90896532
      1.66664797              -9      1.29093199
      1.57393204              -0       5.8562486
      2.61294773              -2      6.66777421
      1.58188147              -4      5.64389654
      2.73476048              -5     0.567671126
      1.73421366              -5      3.13035716
      1.66286661              -9      1.31259933
      1.71357224              -4      3.47768515
      1.74737913              -0       5.3073471
       1.7565336              -0      5.29294539
      1.60002214              -0      5.58522861
      1.93313296              -7        4.470992
      2.60907416              -1     0.613445598
      1.69662631              -7      5.38939541
      1.57492658              -4      5.67443241
      1.71551336              -7       3.3326723
      1.75956675              -0      5.28818425
      1.90875643              -5      1.95445525
      1.60444964              -0      5.57324543
      1.71635609              -4       3.5523211
      1.96663259              -0      4.61577981
      1.57143623              -0      5.69392018
       1.8235391              -5      1.78338281
      1.76595809              -0      6.17394091
      1.95110015              -7      4.53945558
      1.87687005              -9     0.990895919
      1.56555958              -0      5.78381864
      1.72018043              -5      3.25895363
      1.81899222              -4      4.11126558
       1.9566025              -0      6.32777193
      1.97711438              -2       4.7646449
      1.94493842              -9      2.07627929
      1.96293778              -2      4.87603096
       1.7132416              -2      3.45534704
      1.79725016              -7      2.82347494
      1.96638697              -0       6.3344602
      1.96442938              -1      4.60298861
      1.80721022              -6      4.07111125
      1.78503306              -6       3.9894971
       1.9949349              -0      6.35350499
      1.79376358              -6      2.83657112
      2.75684928              -9     0.559912419
      1.93744345              -1      2.04235573
      1.66361579              -9      1.30760108
      1.71393504              -6      3.49309989
      1.87317244              -2      2.57207093
      1.94765623              -5       2.0916652
       1.5703762              -0      5.83611535
      1.58381909              -1      5.89601707
      1.73221126              -6      3.14521077
      1.72081118              -5      3.25124138
      1.93835768              -0      4.96055973
       1.8585973              -1       1.8473011
       1.7059306              -0      6.11003651
      1.77578685              -9      1.08685609
       1.7309165              -9      1.61568695
      2.84436468              -9      0.52992047
       2.0380486              -9     0.878706787
      1.76802269              -2      2.94254117
      1.72709677              -2      3.18713108
      1.73235003              -1      3.72153356
      1.95290799              -0      6.32522399
      1.74810128              -2      3.82120414
      1.75997529              -0      5.28754325
      1.57438879              -6      5.85849559
       1.6016192              -0      5.94563403
      1.74226712              -1        3.076741
       1.7546258              -5      1.66112987
      1.89789517              -2      4.35648292
      1.88464502              -4      5.08071115
      1.56656672              -0      5.80260626
      1.64863157              -0      6.03365788
      1.75785696              -9      1.66707897
      2.04272819              -0      6.38397662
      1.58153194              -0      5.64526519
      1.71748093              -4      6.12330509
       2.6177034              -0      6.66974958
      1.60979911              -0      5.96404116
      1.74513536              -1        3.059472
      2.82631845              -9     0.536011381
      1.78948651              -1      4.00666974
      1.67924609              -9      1.48963597
      1.66093085              -9       1.3288681
      1.58190165              -0      5.88938112
      1.62562199              -0      5.52258838
      1.66961925              -9      1.27781712
      1.58565008              -0      5.90203011
      1.73731134              -2       3.1086993
      1.88226753              -9     0.986529191
      1.94914619              -2      2.10133338
      1.56539939              -7      5.76110204
      1.70572493              -9      1.18562947
      1.65347799              -0      5.46594082
      1.73901619              -6       3.7673923
      1.81261872              -0      6.21692073
      1.94667645              -0      6.32089764
      1.77404332              -6      3.94493498
       1.8334816              -4      4.15853565
      2.55278322              -1      6.64238543
      1.58995406              -0      5.61534512
      1.56881465              -1      5.82493355
      1.67140938              -7      6.06656443
        1.759432              -1      2.98297791
      1.83640763              -5      2.68856893
      1.93025342              -1      2.37510713
      1.88949144              -4      2.52023795
      1.71672494              -1      5.35627249
      1.88247092              -7      2.54268739
      1.57648366              -0      5.66686437
      1.67659682              -7      1.25326878
      1.86817594              -6      2.58777584
      1.65988687              -9      1.34258165
      1.73283823              -9      1.61951763
      1.83500669              -2      2.69312037
      1.56819563              -4        5.717884
      1.75183425              -7      1.65595197
      1.95484707              -4      2.20550443
      1.97093535              -0      4.64467128
       1.7504425              -9      1.65335629
      1.66203131              -9      1.40871715
      1.82822914              -7      2.71535195
      1.95366509              -5      2.14305168
      1.97613744              -7      4.69748138
      1.72269336              -6       3.6372422
      1.82253514              -1      4.12301425
      1.68636116              -9      1.51168671
      1.69232465              -9      1.52829459
      1.92383944              -7      1.99575198
       1.9487122              -0        6.322315
      1.76028681              -0      5.28705452
      1.57242297              -0      5.68796302
      1.71893088              -7      3.59248729
      1.74993265              -7      3.83117167
      1.78175947              -5      2.88369068
      1.91069149              -9      1.95936809
      1.88585531              -0      6.27657945
      1.58014778              -0      5.88295553
       2.1337123              -9     0.824066009
      1.90424825              -5      2.47163591
      1.85288113              -9      1.01103759
      1.73338548              -4      3.13641149
      1.71399704              -7      3.37333982
      1.71497118              -7      3.34507041
      1.88078647              -1      5.08799808
      1.70286298              -9       1.5548709
      2.24138477              -0       6.4962728
      1.66890966              -5      1.44974016
      1.77876998              -6      5.25807782
      1.71741158              -6      3.29782999
      1.57439969              -0      5.67712435
      1.75912631              -1      3.87788475
      1.64500839              -0      6.02800752
      1.92377548              -0      6.30467449
      1.78878228              -4       6.1955503
       1.7073213              -5      1.18270566
       2.7345261              -4      6.71695045
      1.73468977              -7      3.12693007
      1.95036748              -4      4.53639192
      1.79372212              -4      2.83672833
       1.8492373              -0      6.24775544
      1.86242379              -0      5.12133412
      1.56676278              -0      5.73301936
      1.97720474              -1      4.71992434
      1.98610207              -0      6.34768446
      2.01763568              -9     0.891280673
      1.71425216              -7      3.36482177
      1.95633352              -4      4.90318229
      1.81873607              -6       4.1104108
       1.8096832              -1      5.20921748
      1.66035122              -9      1.39126398
      1.67018604              -0      6.06489701
      1.86761288              -1      4.26431682
      1.66464731              -9       1.4272757
      1.71778913              -1      3.57610189
      1.65311301              -7       5.4666352
      1.73787375              -7      3.10491834
      1.82826071              -2       2.7152475
      1.86709891              -4      2.59115817
      1.75309744              -1      3.84783683
      1.60171125              -0      5.58058193
      1.87120815              -7      4.27522742
      2.03978167              -9     0.877655921
      1.68384206              -9      1.23283578
      1.91303534              -2      6.29688076
      1.72969061              -1      3.16506058
      1.93394656              -7      4.47386473
      1.90454524              -4      5.04105163
      1.88784329              -9     0.982076777
      1.87332279              -5       2.5715978
      1.73525021              -7       3.1229439
      2.13386735              -9      0.82398241
       1.6955074              -1      5.39127443
      1.62626102              -0       5.9963591
       1.7925682              -0      5.23638029
      1.72438782              -6      3.65441337
      1.71548817              -5      3.53519968
      1.78620402              -1      2.86584486
      1.89303429              -5      2.50877697
      1.72295875              -2      3.64002757
      1.73853713              -7      3.10051303
      1.71895705              -7      3.59284275
      1.62847268              -0      5.51638057
      1.71468761              -6      3.35229314
      1.79618541              -6      2.82744925
      1.95584078              -1      4.56012554
      1.73501251              -2      3.74068123
      1.76818397              -7      2.94181227
      1.82379255              -4      2.73012085
      1.97233603              -5      4.82237072
      1.73227492              -2      3.72097465
       1.7833802              -5      3.98300364
      1.75919554              -2      2.98414012
      1.80227952              -2      4.05373183
      1.72698424              -6      3.18813304
       1.7391829              -1      3.76845792
      1.72165017              -9      1.15848144
      1.84871834              -7      2.64908589
      1.70063489              -1      5.38269729
      1.67574564              -0      6.07239532
      1.82744406              -0      6.22967339
      1.97486874              -7      4.79960395
      1.72620602              -2      3.19517599
      2.27211158              -0      6.51203866
      2.34162536              -9      0.72256479
      1.83703131              -9       1.8074787
      1.78643813              -2      2.86491863
      1.75285286              -9      1.11440546
      1.72708497              -2        3.187236
      2.00514425              -9     0.899162502
      1.90659379              -7     0.967512573
      1.71640323              -2      3.31507205
      1.72478681              -7      3.65826277
      1.80521339              -4       6.2104013
      1.92501907              -4      2.39645628
      1.66285207              -9      1.41521847
      1.81704109              -1      2.75298168
      1.66544859              -9      1.43201586
      1.64168444              -0       5.4889429
      1.84383722              -1      2.66464278
      1.59383283              -0      5.60318458
      1.71785803              -6      3.29085251
      2.06471073              -9     0.862810651
      1.97746243              -7       4.7511792
      1.71787815              -1      3.57744764
      1.74905912              -7      3.82644868
        1.816953              -9      1.77175712
      1.93122929              -2      4.46433105
      1.71376217              -7      3.48633081
       1.7177611              -0       5.3545926
      1.57306117              -4      5.68432112
      2.41201094              -0       6.5797568
      1.78900532              -0      6.19575564
      1.89209795              -9     0.978717968
      1.59629929              -4      5.59583861
      1.80485574              -7      2.79567589
      1.60198997              -0      5.57982438
      1.76025454              -2      2.97895741
      1.57670462              -0      5.86908549
      1.70179123              -7      5.38077449
       1.8823493              -7      4.30900389
      1.56534728              -0      5.76483142
      1.93257857              -9     0.948266541
      1.73148231              -7      3.15080942
      1.68617572              -4       5.4071208
      1.89713864              -0      5.05626867
      1.77407459              -7      3.94506679
      1.78803191              -2      4.00111066
      1.92249179              -9      1.99173052
      1.93954438              -7      2.05098143
      1.79817842              -7       2.8200275
      1.73854538              -0      5.32131155
      1.97611768              -4      4.78394249
      1.74183711              -2      3.78498629
      1.75178589              -9      1.11577026
      2.26019013              -9     0.760080777
      2.53941683              -0      6.63664064
      1.65984242              -1       1.3832816
      2.30781489              -0      6.52992478
      1.77711502              -7       3.9577373
      1.85283359              -2      4.21916085
      1.71414653              -4      3.36821601
      1.71697904              -5      3.30494626
      1.71618431              -7      3.31915372
      1.57281725              -0      5.68569532
      1.96922579              -6      4.63240094
      2.49011875              -9     0.659714697
      2.42085326              -0      6.58383863
      1.82811044              -4      2.71574469
      1.81484217              -0      5.20094639
      1.73343003              -0      5.32943923
      1.75372597              -9      1.65946484
      1.83618119              -9      1.02585488
      1.73084387              -4      3.71010707
      1.84872121              -2      2.64907677
      1.68034393              -7      1.49324038
      2.28857882              -5     0.746718068
      1.65908015              -1      5.45540644
      1.71420611              -4      3.36628083
      2.56698263              -0      6.64844571
      1.72375048              -2      3.21889103
      1.94899325              -6      4.53072707
      1.83866559              -4      4.17500822
      1.70108751              -0      6.10430386
      1.90230656              -7      4.37013765
       1.5656547              -7      5.78650609
      1.77620647              -5      1.70015769
      1.93362367              -9      2.02788754
      1.73950959              -9      1.13211703
      1.71442741              -4        3.359528
      1.72321825              -7      3.22438138
      1.60204113              -0      5.57968561
      1.66109274              -0      5.45167577
      1.95577419              -4      4.55982373
      1.69319546              -9      1.21070505
      2.56782481              -9     0.629134677
      1.71541191              -6      3.33487517
      1.78462419              -5      1.71504976
      1.61837932              -0      5.53892221
      1.60215509              -0      5.94690206
      1.83844363              -2      4.17430693
      1.96946333              -4      4.63403245
       1.7158044              -6      3.54175714
      1.67034667              -0      6.06511652
      1.63589388              -0        6.013171
      1.92775692              -4      2.38546878
      1.57102174              -0      5.69656046
      1.66368925              -9      1.42113625
      1.91406144              -9      1.96815894
      1.71314104              -5      3.43555993
      1.60246079              -0      5.94762115
      1.88610179              -5      2.53111471
      1.97076505              -1      4.64338879
      1.95435991              -4       4.5534966
      1.95571674              -1      4.55956362
      2.22287477              -0       6.4865981
       1.7538559              -5      3.01120509
      1.67376872              -0       5.4287515
      1.91415395              -2      2.43718974
      1.78961374              -0      5.24103692
      1.85292751              -9      2.63574995
      2.42718845              -9     0.685576068
      1.56775665              -1      5.72201658
      1.58074984              -0      5.88520331
      1.87609279              -1      4.29003402
      1.78327532              -2      3.98258934
      2.06218069              -5      0.86429493
      1.72387033              -6      3.21767373
      1.76113573              -7      5.28572285
      1.66068226              -9      1.33157859
      2.30650599              -9     0.738440944
        1.775754              -6      3.95210073
      1.71391548              -6      3.49237364
      1.75116971              -7      1.11656224
      1.90800856              -1      5.03371517
      1.91944534              -5      2.41784169
      1.75644086              -9      1.10987557
      1.72205134              -6      3.63033823
      1.67107567              -9      1.45931087
      2.50929846              -1      6.62354912
      1.68188508              -7      5.41452233
      1.97753877              -0       4.7398668
      2.69947057              -0      6.70304297
      1.57695757              -4      5.87017229
      2.27284334              -9     0.754085074
       1.7184575              -6      3.58591118
      1.97458103              -0      4.67731367
      1.81750028              -0      6.22116278
      1.65625542              -0      5.46068965
      2.86894051              -9          0.5217
      1.56545801              -0      5.75832529
      1.70431298              -9      1.18826002
      1.84485014              -9      1.82168855
      1.92662986              -0      4.99114996
      1.95465107              -9      2.21092506
      2.54345055              -9     0.638577096
      1.62137042              -0      5.53207223
      1.76832716              -1      5.27444879
      1.95510943              -9      2.17699708
      1.72232141              -5       3.2339706
      1.85253073              -7      2.63700443
      1.82840687              -5      2.71476408
       2.0674353              -9     0.861217706
      1.65937472              -9      1.37046619
      1.66530784              -0      5.44394754
      1.74809405              -5      1.64895354
      1.75309501              -5      1.65829507
      1.79430998              -2      4.02478127
      1.67225799              -9      1.26774102
      2.05399997              -9     0.869128176
      1.71930741              -7      3.27022063
      1.92878841              -4      2.38123045
      1.97255507              -2      4.65772992
      1.71831368              -1      3.58385533
      1.79217606              -9      1.06890304
      1.89394346              -1      6.28271118
       1.7183525              -7      3.58441304
      1.65138761              -0       5.4699319
      1.77282926              -2      3.93979247
      1.58989725              -0      5.91498074
       2.3461831              -0      6.54866421
       1.8449262              -1      2.66116223
      1.87906032              -0      5.09122269
      1.75748661              -7      3.86991284
      1.81398443              -2      5.20232483
      2.21016565              -1      6.47987446
      1.67675829              -9       1.2527691
      1.59953282              -1      5.94060221
      1.72004655              -0      5.35089533
      1.87498305              -0      6.26820883
      1.58502194              -0      5.63215624
      1.66927752              -7      1.45143147
      1.86059172              -0      6.25689002
      1.58300248              -0      5.89323646
       1.8822156              -7       5.0853121
      1.58744627              -0      5.90766293
      1.96553477              -0      4.86366061
      1.74433982              -4      3.06418219
      1.90767904              -4      1.95175934
      1.68324879              -9      1.23437847
      1.72200989              -6      3.23740991
      1.66133232              -1      1.40237993
      1.67768745              -9      1.48436346
      1.73229771              -7      3.72114432
      1.71472039              -0      5.35952913
      1.95137292              -1      4.54060428
      1.96987239              -4      4.83943625
      1.77294745              -7      5.26720762
      1.60749897              -7      5.95905687
      2.00846377              -0      6.36230122
      1.92429319              -7      4.99683638
      1.63632741              -7      6.01389859
      1.73004897              -9      1.14564407
      1.67526753              -9      1.47576233
      1.72279428              -2      1.15668096
      1.93573588              -1      4.96773697
      1.97666086              -7       4.7066684
      1.86240456              -7       2.6059009
      1.88578105              -7      1.90165438
       1.6501616              -0      6.03600541
       1.7607408              -4      3.88560059
      1.84136985              -0      6.24131402
      2.22957393              -2     0.774866644
      1.56586274              -0      5.74717389
       1.9036509              -5      2.47365588
      1.92977441              -7      4.98330426
      1.81258064              -6      4.08963657
      1.75890222              -1      5.28922704
      1.71315374              -6      3.42690264
      1.93428937              -9      2.03031168
      1.65445012              -0      6.04246997
      1.84983799              -4      5.14315695
      1.63206635              -0        5.508712
      1.95086134              -5      2.11413572
      1.90607407              -1      1.94779268
      1.72400252              -1      3.21633884
      1.92790912              -1      4.45290049
      1.72021832              -1      3.25848082
      1.95012691              -5      2.26654467
      1.56550504              -0      5.75652455
       1.7615559              -9      1.67383644
      1.71441857              -6      3.50882079
      1.57061693              -7      5.69923036
       1.8599155              -0      5.12574119
      1.58021576              -0      5.65054739
       1.9050102              -7      2.46905119
      1.56695903              -0      5.80747675
      1.72897161              -0      5.33655332
      1.77904553              -5      2.89484798
      1.60884698              -0      5.96199457
      1.67512264              -7      5.42635565
      1.81761733              -5      2.75101061
      1.83155707              -2      1.03008799
       1.7170226              -4      3.30421202
      1.70225526              -4      5.38000403
      1.71481454              -7      3.51955069
      1.69977748              -0      5.38412568
       1.7134419              -9      1.57910616
      1.93613234              -0      4.48166511
      1.59182249              -0      5.92046791
      1.94078435              -5      2.05634716
      1.71317402              -2      3.44644241
      1.56536377              -0      5.76339154
       1.5667845              -0      5.80539264
      1.90188576              -9       1.9376989
      1.90927662              -6       4.3919779
      1.90447151              -7      4.37688284
       1.9709889              -2      4.83211582
      2.17672926              -0      6.46185382
      1.92178392              -4      5.00281755
      1.72073639              -9      1.59480568
        1.775306              -6      3.95023301
      2.02082114              -0      6.37021511
      1.62764152              -0      5.51817872
      1.81679113              -0      5.19780915
      1.56532608              -0      5.77019551
      1.99405627              -0       6.3529288
      1.95503725              -5      2.17284958
      1.95034489              -5      2.26471348
      1.78059133              -0      5.25521982
