10 1
0.24071068
1 -1 1 1
         5.869692066 
   0.567422044134216 
0.10943031
1 -1 1 1
         4.004105312 
    1.22009558568954 
0.088524339
1 -1 1 1
         3.340162304 
    1.17896597793564 
0
1 -1 1 1
                   0 
                   0 
0.11746164
1 -1 1 1
         3.750084229 
    1.24482556599794 
0.097446308
1 -1 1 1
         2.360206697 
   0.793998001183443 
0.053434349
1 -1 1 1
         3.671025089 
   0.887385273929911 
0.11648231
1 -1 1 1
          3.80972079 
    1.24278884706635 
0
1 -1 1 1
                   0 
                   0 
0.17651007
1 -1 1 1
         1.244720976 
   0.482922153319569 
