 0.50614 2.76489e-03
 0.51841 5.29551e-03
 0.53068 5.12862e-03
 0.54295 0.00000e+00
 0.55522 0.00000e+00
 0.56750 2.25397e-03
 0.57977 0.00000e+00
 0.59204 2.12933e-03
 0.60431 0.00000e+00
 0.61658 3.85176e-03
 0.62885 0.00000e+00
 0.64113 0.00000e+00
 0.65340 3.47578e-03
 0.66567 0.00000e+00
 0.67794 1.66535e-03
 0.69021 1.59473e-03
 0.70249 3.05954e-03
 0.71476 5.98433e-03
 0.72703 2.89776e-03
 0.73930 1.41900e-03
 0.75157 4.11377e-03
 0.76385 2.67637e-03
 0.77612 1.28896e-03
 0.78839 1.27366e-03
 0.80066 0.00000e+00
 0.81293 0.00000e+00
 0.82520 1.17348e-03
 0.83748 1.16389e-03
 0.84975 2.26017e-03
 0.86202 2.21278e-03
 0.87429 3.24409e-03
 0.88656 1.06584e-03
 0.89884 2.09502e-03
 0.91111 3.07361e-03
 0.92338 1.01486e-03
 0.93565 9.93899e-04
 0.94792 9.81405e-04
 0.96020 1.92851e-03
 0.97247 9.61164e-04
 0.98474 1.89024e-03
 0.99701 0.00000e+00
 1.00928 5.53839e-03
 1.02155 1.82164e-03
 1.03383 3.62053e-03
 1.04610 1.79384e-03
 1.05837 2.66894e-03
 1.07064 8.81104e-04
 1.08291 1.75224e-03
 1.09519 4.35874e-03
 1.10746 3.46875e-03
 1.11973 8.63433e-04
 1.13200 1.72070e-03
 1.14427 2.57229e-03
 1.15655 8.55892e-04
 1.16882 8.53314e-04
 1.18109 2.55864e-03
 1.19336 1.70487e-03
 1.20563 1.70505e-03
 1.21790 1.70620e-03
 1.23018 3.41778e-03
 1.24245 2.56695e-03
 1.25472 0.00000e+00
 1.26699 2.58059e-03
 1.27926 8.63270e-04
 1.29154 0.00000e+00
 1.30381 1.74020e-03
 1.31608 1.74938e-03
 1.32835 2.63841e-03
 1.34062 1.77096e-03
 1.35290 2.67522e-03
 1.36517 4.48832e-03
 1.37744 9.04873e-04
 1.38971 3.64952e-03
 1.40198 1.83821e-03
 1.41425 3.70575e-03
 1.42653 1.87529e-03
 1.43880 1.88681e-03
 1.45107 2.84956e-03
 1.46334 0.00000e+00
 1.47561 3.88233e-03
 1.48789 0.00000e+00
 1.50016 4.95214e-03
 1.51243 0.00000e+00
 1.52470 1.01013e-03
 1.53697 2.04340e-03
 1.54925 2.06315e-03
 1.56152 0.00000e+00
 1.57379 5.24737e-03
 1.58606 3.17970e-03
 1.59833 2.14075e-03
 1.61060 4.32151e-03
 1.62288 3.28049e-03
 1.63515 1.10149e-03
 1.64742 2.22910e-03
 1.65969 2.23931e-03
 1.67196 0.00000e+00
 1.68424 1.14326e-03
 1.69651 2.30734e-03
 1.70878 2.32494e-03
 1.72105 0.00000e+00
 1.73332 1.17609e-03
 1.74560 3.55337e-03
 1.75787 2.38443e-03
 1.77014 1.19804e-03
 1.78241 1.20212e-03
 1.79468 1.21123e-03
 1.80695 6.07959e-03
 1.81923 1.21870e-03
 1.83150 1.22283e-03
 1.84377 2.45794e-03
 1.85604 1.22985e-03
 1.86831 1.23448e-03
 1.88059 0.00000e+00
 1.89286 0.00000e+00
 1.90513 0.00000e+00
 1.91740 1.23808e-03
 1.92967 0.00000e+00
 1.94195 1.23723e-03
 1.95422 1.23573e-03
 1.96649 3.70324e-03
 1.97876 0.00000e+00
 1.99103 2.45772e-03
 2.00330 1.22746e-03
 2.01558 3.66692e-03
 2.02785 1.21920e-03
 2.04012 2.42811e-03
 2.05239 3.63110e-03
 2.06466 1.20851e-03
 2.07694 2.40580e-03
 2.08921 3.59664e-03
 2.10148 3.57121e-03
 2.11375 1.18693e-03
 2.12602 2.36215e-03
 2.13830 1.17259e-03
 2.15057 2.33583e-03
 2.16284 1.16193e-03
 2.17511 2.31949e-03
 2.18738 2.30429e-03
 2.19965 2.28904e-03
 2.21193 3.41960e-03
 2.22420 2.26776e-03
 2.23647 2.25884e-03
 2.24874 1.12443e-03
 2.26101 1.11407e-03
 2.27329 2.21947e-03
 2.28556 5.52929e-03
 2.29783 1.10100e-03
 2.31010 2.18492e-03
 2.32237 0.00000e+00
 2.33465 1.07949e-03
 2.34692 2.15429e-03
 2.35919 0.00000e+00
 2.37146 2.12884e-03
 2.38373 2.11786e-03
 2.39600 2.11471e-03
 2.40828 1.05043e-03
 2.42055 2.09204e-03
 2.43282 1.03956e-03
 2.44509 2.07348e-03
 2.45736 1.03234e-03
 2.46964 2.05762e-03
 2.48191 2.04861e-03
 2.49418 3.05692e-03
 2.50645 0.00000e+00
 2.51872 2.02111e-03
 2.53100 3.02768e-03
 2.54327 2.01087e-03
 2.55554 2.00345e-03
 2.56781 3.99357e-03
 2.58008 0.00000e+00
 2.59235 9.91648e-04
 2.60463 1.97807e-03
 2.61690 9.84675e-04
 2.62917 0.00000e+00
 2.64144 4.90142e-03
 2.65371 3.91153e-03
 2.66599 3.89792e-03
 2.67826 3.88762e-03
 2.69053 3.87766e-03
 2.70280 9.67689e-04
 2.71507 9.64576e-04
 2.72735 5.77807e-03
 2.73962 0.00000e+00
 2.75189 2.87433e-03
 2.76416 9.57145e-04
 2.77643 9.54493e-04
 2.78870 9.52058e-04
 2.80098 1.90007e-03
 2.81325 9.47877e-04
 2.82552 2.84125e-03
 2.83779 2.83394e-03
 2.85006 9.43249e-04
 2.86234 2.82406e-03
 2.87461 9.39173e-04
 2.88688 0.00000e+00
 2.89915 0.00000e+00
 2.91142 2.80268e-03
 2.92370 3.73346e-03
 2.93597 3.72707e-03
 2.94824 9.29887e-04
 2.96051 0.00000e+00
 2.97278 3.70788e-03
 2.98505 9.25527e-04
 2.99733 1.84948e-03
 3.00960 2.76909e-03
 3.02187 2.76500e-03
 3.03414 0.00000e+00
 3.04641 0.00000e+00
 3.05869 1.83441e-03
 3.07096 9.15644e-04
 3.08323 1.82940e-03
 3.09550 1.82602e-03
 3.10777 9.11670e-04
 3.12005 5.46315e-03
 3.13232 0.00000e+00
 3.14459 9.07668e-04
 3.15686 1.81281e-03
 3.16913 9.04703e-04
 3.18140 2.71149e-03
 3.19368 0.00000e+00
 3.20595 1.80238e-03
 3.21822 2.69872e-03
 3.23049 0.00000e+00
 3.24276 3.58821e-03
 3.25504 0.00000e+00
 3.26731 2.68285e-03
 3.27958 2.67965e-03
 3.29185 8.91706e-04
 3.30412 3.56188e-03
 3.31640 0.00000e+00
 3.32867 3.55313e-03
 3.34094 0.00000e+00
 3.35321 1.77138e-03
 3.36548 8.84700e-04
 3.37775 1.76612e-03
 3.39003 1.76518e-03
 3.40230 1.76246e-03
 3.41457 1.76012e-03
 3.42684 1.75725e-03
 3.43911 1.75596e-03
 3.45139 1.75342e-03
 3.46366 1.75046e-03
 3.47593 8.75166e-04
 3.48820 2.62199e-03
 3.50047 3.49133e-03
 3.51275 0.00000e+00
 3.52502 8.70683e-04
 3.53729 2.61086e-03
 3.54956 8.69656e-04
 3.56183 4.34298e-03
 3.57410 3.47145e-03
 3.58638 8.67503e-04
 3.59865 0.00000e+00
 3.61092 8.66097e-04
 3.62319 1.73052e-03
 3.63546 3.45945e-03
 3.64774 2.59290e-03
 3.66001 1.72793e-03
 3.67228 0.00000e+00
 3.68455 1.72625e-03
 3.69682 3.45175e-03
 3.70910 1.72552e-03
 3.72137 8.62544e-04
 3.73364 8.62445e-04
 3.74591 8.62430e-04
 3.75818 8.62405e-04
 3.77045 4.31239e-03
 3.78273 3.45027e-03
 3.79500 8.62775e-04
 3.80727 2.58924e-03
 3.81954 8.63375e-04
 3.83181 5.18245e-03
 3.84409 1.72805e-03
 3.85636 2.59370e-03
 3.86863 2.59540e-03
 3.88090 1.73162e-03
 3.89317 3.46507e-03
 3.90545 2.60135e-03
 3.91772 8.67911e-04
 3.92999 0.00000e+00
 3.94226 1.73963e-03
 3.95453 2.61236e-03
 3.96680 0.00000e+00
 3.97908 5.24063e-03
 3.99135 6.11984e-03
 4.00362 0.00000e+00
 4.01589 0.00000e+00
 4.02816 1.75698e-03
 4.04044 3.51963e-03
 4.05271 1.76305e-03
 4.06498 8.83360e-04
 4.07725 2.65642e-03
 4.08952 8.87008e-04
 4.10180 2.66747e-03
 4.11407 8.89923e-04
 4.12634 0.00000e+00
 4.13861 1.79011e-03
 4.15088 3.58897e-03
 4.16315 2.69758e-03
 4.17543 0.00000e+00
 4.18770 9.04852e-04
 4.19997 1.81132e-03
 4.21224 2.72537e-03
 4.22451 0.00000e+00
 4.23679 9.12831e-04
 4.24906 9.16583e-04
 4.26133 2.75842e-03
 4.27360 2.76657e-03
 4.28587 3.70176e-03
 4.29815 9.27084e-04
 4.31042 1.86125e-03
 4.32269 2.80452e-03
 4.33496 3.74930e-03
 4.34723 0.00000e+00
 4.35950 1.88674e-03
 4.37178 0.00000e+00
 4.38405 0.00000e+00
 4.39632 1.90506e-03
 4.40859 2.86916e-03
 4.42086 2.87689e-03
 4.43314 1.92319e-03
 4.44541 2.89921e-03
 4.45768 2.90461e-03
 4.46995 0.00000e+00
 4.48222 1.95134e-03
 4.49450 1.95636e-03
 4.50677 1.96385e-03
 4.51904 9.85027e-04
 4.53131 1.97622e-03
 4.54358 2.97441e-03
 4.55585 1.98775e-03
 4.56813 9.98418e-04
 4.58040 2.00091e-03
 4.59267 2.00801e-03
 4.60494 2.01262e-03
 4.61721 4.03344e-03
 4.62949 0.00000e+00
 4.64176 3.04235e-03
 4.65403 3.05169e-03
 4.66630 0.00000e+00
 4.67857 0.00000e+00
 4.69085 3.07078e-03
 4.70312 2.05232e-03
 4.71539 4.10884e-03
 4.72766 2.05840e-03
 4.73993 3.09216e-03
 4.75220 7.22598e-03
 4.76448 1.03308e-03
 4.77675 4.13788e-03
 4.78902 0.00000e+00
 4.80129 4.14334e-03
 4.81356 0.00000e+00
 4.82584 2.07320e-03
 4.83811 2.07330e-03
 4.85038 4.14579e-03
 4.86265 1.03629e-03
 4.87492 0.00000e+00
 4.88720 1.03462e-03
 4.89947 1.03309e-03
 4.91174 0.00000e+00
 4.92401 3.09263e-03
 4.93628 2.05825e-03
 4.94855 4.10792e-03
 4.96083 2.04837e-03
 4.97310 1.02232e-03
 4.98537 6.11677e-03
 4.99764 5.08766e-03
 5.00991 4.05727e-03
 5.02219 3.03096e-03
 5.03446 3.02280e-03
 5.04673 1.00212e-03
 5.05900 3.00369e-03
 5.07127 1.98996e-03
 5.08355 1.98323e-03
 5.09582 3.95145e-03
 5.10809 1.96663e-03
 5.12036 1.95835e-03
 5.13263 1.94771e-03
 5.14490 9.69905e-04
 5.15718 1.92585e-03
 5.16945 9.57230e-04
 5.18172 1.90652e-03
 5.19399 0.00000e+00
 5.20626 1.88594e-03
 5.21854 3.74403e-03
 5.23081 9.33087e-04
 5.24308 2.77147e-03
 5.25535 1.83823e-03
 5.26762 9.12519e-04
 5.27990 4.53512e-03
 5.29217 0.00000e+00
 5.30444 8.98344e-04
 5.31671 1.78118e-03
 5.32898 2.65622e-03
 5.34125 1.75734e-03
 5.35353 1.74982e-03
 5.36580 4.33817e-03
 5.37807 1.72702e-03
 5.39034 1.71516e-03
 5.40261 4.25505e-03
 5.41489 3.38288e-03
 5.42716 4.19993e-03
 5.43943 4.18206e-03
 5.45170 4.98298e-03
 5.46397 2.48150e-03
 5.47625 1.64173e-03
 5.48852 2.45081e-03
 5.50079 8.13530e-04
 5.51306 1.61317e-03
 5.52533 3.21913e-03
 5.53760 0.00000e+00
 5.54988 7.97458e-04
 5.56215 1.58239e-03
 5.57442 7.88044e-04
 5.58669 7.86180e-04
 5.59896 7.81111e-04
 5.61124 7.77474e-04
 5.62351 1.55269e-03
 5.63578 7.72333e-04
 5.64805 1.54280e-03
 5.66032 1.53670e-03
 5.67260 2.29908e-03
 5.68487 1.52783e-03
 5.69714 1.52620e-03
 5.70941 1.52299e-03
 5.72168 1.52020e-03
 5.73395 1.51855e-03
 5.74623 2.27560e-03
 5.75850 1.51643e-03
 5.77077 0.00000e+00
 5.78304 7.57716e-04
 5.79531 2.27391e-03
 5.80759 1.51650e-03
 5.81986 2.27721e-03
 5.83213 2.27924e-03
 5.84440 1.52281e-03
 5.85667 3.04930e-03
 5.86895 1.52917e-03
 5.88122 3.06416e-03
 5.89349 1.53682e-03
 5.90576 1.54118e-03
 5.91803 7.74241e-04
 5.93030 1.55090e-03
 5.94258 3.12211e-03
 5.95485 3.92130e-03
 5.96712 3.15465e-03
 5.97939 0.00000e+00
 5.99166 3.98824e-03
 6.00394 1.60550e-03
 6.01621 0.00000e+00
 6.02848 4.07039e-03
 6.04075 1.63601e-03
 6.05302 2.47329e-03
 6.06530 8.30970e-04
 6.07757 8.39977e-04
 6.08984 8.48452e-04
 6.10211 8.55389e-04
 6.11438 0.00000e+00
 6.12665 0.00000e+00
 6.13893 2.64367e-03
 6.15120 1.78469e-03
 6.16347 9.00530e-04
 6.17574 1.81800e-03
 6.18801 3.69855e-03
 6.20029 0.00000e+00
 6.21256 9.52219e-04
 6.22483 1.92943e-03
 6.23710 3.91451e-03
 6.24937 9.84995e-04
 6.26165 4.01298e-03
 6.27392 2.03040e-03
 6.28619 3.09170e-03
 6.29846 1.05393e-03
 6.31073 2.12998e-03
 6.32300 3.28243e-03
 6.33528 1.11384e-03
 6.34755 1.12025e-03
 6.35982 0.00000e+00
 6.37209 0.00000e+00
 6.38436 1.19629e-03
 6.39664 3.64281e-03
 6.40891 2.48392e-03
 6.42118 2.55541e-03
 6.43345 5.16120e-03
 6.44572 1.32382e-03
 6.45800 0.00000e+00
 6.47027 4.14145e-03
 6.48254 1.40227e-03
 6.49481 2.87486e-03
 6.50708 0.00000e+00
 6.51935 3.03318e-03
 6.53163 0.00000e+00
 6.54390 4.80457e-03
 6.55617 1.63241e-03
 6.56844 0.00000e+00
 6.58071 3.43274e-03
 6.59299 0.00000e+00
 6.60526 1.80734e-03
 6.61753 3.71100e-03
 6.62980 0.00000e+00
 6.64207 5.87469e-03
 6.65435 2.02077e-03
 6.66662 2.08067e-03
 6.67889 4.30318e-03
 6.69116 0.00000e+00
 6.70343 0.00000e+00
 6.71570 0.00000e+00
 6.72798 0.00000e+00
 6.74025 0.00000e+00
 6.75252 7.74075e-03
 6.76479 5.31154e-03
 6.77706 2.79539e-03
