# npar = 1, n_ded = 0
#         weight            chi2        param[0]
#                                     alpha_topo
      1.70095543              -4      5.01186878
      1.72321491              -0      4.82245662
      1.54883199              -2      3.52988158
      1.88742471              -5      2.02162424
      1.55406017              -2      3.46922132
      1.54648567              -1       3.5612677
      1.71030102              -5      2.48440884
      1.55201215              -9      1.09189247
      1.69265523              -1      4.60058425
      1.46349652              -0      5.99744781
      1.64445272              -7      2.75322052
      1.88136439              -5      2.04443205
      1.48339797              -0       6.0332224
       1.7731668              -9      1.62052255
      1.66520364              -5      2.64970803
      2.34311232              -9     0.619783281
      1.55086416              -7      3.50511109
      1.46987315              -0      5.52222542
      1.57101482              -1      3.30836141
      1.66653867              -7      2.64381325
      1.57921227              -5      1.36526485
      1.53937431              -2      3.77335863
      1.77349175              -0      6.32426518
      1.68673848              -5      2.56320162
      1.46584472              -0      6.00199756
      1.43531723              -0      5.61742618
      1.64463442              -1      4.41741818
      1.63249462              -1      2.82506916
      1.74544299              -7      1.58565098
      2.09993427              -9     0.710163869
      1.59135298              -9      1.02860977
      1.53948188              -7      3.78267988
      1.48658117              -1      6.03844578
       2.0253997              -0      6.47929419
       1.6438737              -5      2.75647425
      2.37288685              -1      6.64560204
      1.53938528              -7      3.77449346
      1.41116858              -0      5.74451963
      1.77997942              -0      6.32886918
       1.7029351              -2      5.00395103
      1.64814555              -4      4.43012944
      1.93305041              -0      6.42721063
      1.65675316              -7      5.14111422
      1.54171361              -7      3.85499249
      1.65519118              -7      4.45566997
      1.72112025              -1      4.77686958
      1.69319212              -5      2.54026601
      1.89840873              -5      1.96126627
      1.60222659              -9      1.01515796
      1.49546074              -0      5.46528703
      1.47107513              -0      5.51938453
      1.65945642              -9      1.48016583
      1.67968148              -4      4.54728666
      1.60063787              -5      1.39987092
      1.56325386              -4      3.37805419
      1.44910805              -0      5.57538262
        1.846527              -2      2.14360311
      1.67484092              -1      5.09526305
      1.84950668              -1      1.73322033
      1.63065704              -7      2.83700255
      1.48199351              -0      5.49441827
      1.84354606              -7      2.15098834
      1.53944023              -1      3.72501795
      1.72295565              -1      4.85826556
      1.73154399              -1      2.42262313
      1.71010128              -6      4.68732483
      1.82895632              -6      2.18610115
      1.55688943              -5       3.4396632
       1.6077365              -9      1.00873312
      1.62626196              -9     0.988678091
      1.41655815              -0      5.69858741
      1.68817192              -0      6.25914247
      1.54871056              -6       3.9509247
      1.66755004              -5      2.63940055
      1.62026155              -7      4.32769718
        1.541832              -6      3.85740424
      2.08729206              -9     0.715364625
      1.54352786              -1      3.88707279
      1.56253669              -1       3.3847431
      1.85183702              -2      2.13020033
      1.70075997              -1      4.63760694
      1.69080697              -0      6.26130039
      1.68424515              -2      2.57238571
      1.41098909              -0      5.74707397
      1.71666867              -5      1.55049503
      1.65016715              -6      2.72225896
        1.541807              -4      3.85689997
      1.88118798              -2      2.04504883
      1.52794749              -9      1.18415175
      1.56073055              -9      1.07482641
      1.76740802              -1     0.876737138
      1.53945401              -6      3.78056793
      1.43560522              -0      5.61645992
      1.41163462              -0       5.8209846
       1.6695248              -0      5.10939347
      1.41187464              -0      5.82363166
      1.66715511              -0      6.24153015
      1.65091363              -0      5.15479093
      1.66525609              -7      4.49253041
       1.5570575              -0      5.34384181
      1.72315101              -2      2.44620998
      1.55805039              -2      3.42798873
      1.85563067              -5      2.12039299
      1.76572075              -4      1.61100579
      1.73660332              -5      1.57478279
       1.6777872              -1      4.53989643
      1.60978012              -1      4.28722407
      1.54118948              -7      3.84350667
      1.49325215              -0      6.04903327
      1.70321017              -7      5.00282143
      2.00330003              -9     0.751589519
        1.715379              -7      4.72221764
      1.55887228              -0      5.34039006
      1.55891419              -7      4.03586629
      1.70345408              -0      6.27151173
      1.42760707              -0      5.64541379
      1.50799211              -0      5.43938035
      1.45773458              -2      5.98581884
       1.4494162              -0      5.96764599
      1.71420097              -6      4.94870163
      1.58296161              -4      3.20660756
      1.57269076              -2      3.29379247
      1.57149263              -9      1.05672569
      1.71985975              -6      4.90559843
      1.59149767              -4      4.21116281
      1.64829726              -0      6.22506779
      1.93169591              -0      6.42641233
      1.71831002              -6      4.74626733
      1.55746478              -1       3.4338484
      1.41016883              -1      5.79730331
      1.71934742              -4      4.75628753
      1.86783459              -2      2.08701326
       1.8834726              -5      1.81014005
      1.71702626              -4      4.92975504
      1.42247639              -0      5.66725245
      1.67713001              -5      1.50224943
      1.51292926              -0      6.07788504
      1.75423761              -9      1.59656205
      1.67219158              -0      6.24581802
      1.60917446              -9      1.41255504
      1.55233616              -0      5.35282972
      1.70322871              -0      4.64980089
      1.52889617              -9      1.22391029
      1.55192977              -1      3.98135296
      1.64934524              -2      2.72658695
      1.57934649              -4      4.15436777
      1.87104106              -4      2.07761006
      1.55267555              -7      3.48438667
      1.67222308              -7      4.51858261
      1.67481367              -1      4.52843932
      1.55223902              -1      3.98405351
       1.6564654              -5      2.69040449
        1.566238              -7      4.08323156
      1.50013689              -0      5.45550464
      1.55304457              -2      3.99093662
      1.55244575              -7      3.98584048
      1.65396508              -4      4.45121681
      1.71144895              -2      4.69555526
      1.41047532              -0      5.75578305
      1.71670062              -0      6.28196104
       1.6879634              -4      2.55875789
      1.41806374              -0      5.68966984
      1.48660346              -0      5.48426707
      1.68229487              -4       5.0742395
      1.54355104              -7      3.60750018
       1.8379087              -9      1.71311925
      2.09564722              -9     0.711920726
      1.52296785              -0      6.09148104
      1.53569475              -9      1.26211939
      1.54517322              -4      3.58068869
      1.53018489              -9      1.23425587
      1.49582822              -0      6.05300152
      1.79177857              -1      2.27254859
      1.54871473              -4       3.5313706
      2.01177712              -0      6.47188123
      1.71132435              -4      4.96511103
      1.56064542              -0       6.1375149
      1.55629531              -6      3.44573164
      1.69655417              -4      4.61790436
      1.81281423              -5      2.22379318
      1.54516672              -0      5.36651528
      1.42415507              -0      5.89431703
      1.60491107              -7      4.26776942
      1.71928435              -4      4.75564595
      1.78858653              -5      2.27999962
       1.5891625              -1      3.15502998
      1.42359437              -0      5.89210207
      1.66265385              -5      2.66119477
      1.64983174              -2      2.72402022
      1.56403006              -0      5.33058345
      1.59123846              -0      6.17055426
      1.81977555              -9      2.20762454
       1.4130079              -0       5.7246118
      2.10470568              -9      0.70821654
      1.89659647              -0      6.40533422
      1.80954416              -5      2.23136524
      1.52718769              -0      5.40122094
      1.59165864              -5      1.02821592
      1.53932627              -4      3.73734827
      2.07762059              -9     0.719384627
      1.67186591              -2      2.62106089
      1.51171847              -0      5.43184895
      1.60773165              -7      3.00423865
       1.7839716              -5      1.63459752
      1.52796757              -9      1.21253298
      1.57533277              -1      3.27106488
       1.7226597              -2      4.80344493
      1.55199545              -7       3.9819293
      1.54064174              -1      3.82959335
      1.54261529              -7      3.62506007
      1.54791091              -2      3.54178288
      1.63332744              -6      2.81974016
      1.54079551              -1      3.83375187
      1.79521147              -9       1.6496524
        1.583311              -9      1.03935006
      1.54646542              -1       5.3640318
      1.62655277              -5       2.8645208
       1.6461799              -7      4.42301401
       1.5493838              -4      3.95768574
      1.58660457              -4       3.1762396
      1.69739019              -9      1.52707566
      1.63528472              -2      1.44883197
       1.7000036              -2      5.01555295
       1.6145786              -9      1.42034321
      1.77836017              -0      6.32772408
      1.53970891              -1      3.79617968
       1.5686655              -6      3.32902578
      1.66534619              -7      5.12008458
      1.75639557              -9      1.59925765
      1.55516507              -2      3.45747101
      1.48929326              -0      5.47843484
      1.60020669              -4      4.24847585
       1.5590874              -4      4.03708004
      1.65959074              -2      1.48033581
      1.64522775              -7      2.74889969
      1.56516034              -1      5.32843437
      1.70505949              -4      4.99501968
      1.54794405              -9       1.1009434
      1.54084493              -6      3.83504189
      1.54614731              -1      3.56612092
      1.41211533              -0      5.73324273
      1.57820656              -4      4.14866752
      1.61846322              -5      2.92210496
      1.60518543              -4      3.02444278
      1.46979154              -4      5.52241905
      1.62888512              -4      2.84873713
        1.591348              -7       4.2105004
       2.6456437              -0      6.75519837
      1.41232628              -0       5.8282091
      1.74432267              -1      2.38838228
      2.16103157              -0      6.54887787
       1.5534133              -6      3.99401819
      1.58147431              -2      3.21906973
      1.89305518              -6        1.845325
      1.43298256              -0      5.62544434
      1.52218373              -0      5.41103048
      1.43893281              -0      5.94159319
      1.51185804              -0      5.43156819
      1.53981382              -5      3.70248554
      1.61078726              -1      4.29119052
      1.65595978              -4      2.69287931
      1.71271126              -7      4.70363204
       1.5394252              -7      3.77819957
       1.7953283              -5      2.26428973
      1.69105271              -7      4.59367906
      1.75178277              -0      6.30853619
      1.53280327              -9      1.14825538
      1.53998133              -4      3.69511264
         1.64541              -1      4.42022666
      1.62337036              -2      5.21459802
      1.62455383              -7      2.87834843
       1.8212069              -9      2.20428718
       1.5051852              -1      5.44510122
      1.67546715              -4      5.09355498
      1.41056862              -0      5.75398996
      1.88145624              -4       1.8041395
      1.60687822              -6       4.2756875
      1.89795856              -5       1.8734105
      1.58816702              -6      4.19622692
      1.53010265              -9       1.2336833
      1.87844101              -1      2.05438922
      1.61253243              -9      1.00332659
      1.60932923              -6      2.99167962
      1.56073708              -6      4.04838221
      1.54040393              -4      3.82265545
      1.62962518              -1      4.36266767
      1.57166831              -1      3.30266505
      1.68476851              -5      2.57044217
      1.64973175              -7      2.72454654
      1.77578377              -5      2.31021526
      1.70510246              -7      4.65944165
      1.89897446              -5      1.95595526
      1.86193378              -5      2.10355915
      1.70668769              -5      2.49568038
      1.43305554              -0      5.92477637
      1.51369639              -4      5.42787862
      1.48674495              -0      5.48395868
      1.65966863              -7       2.6750414
      2.12008871              -5     0.701994634
      1.54092809              -1      3.83716637
      2.64922689              -9     0.524035982
      1.71436962              -0      4.71490422
      1.66665609              -7      2.64329863
      1.52868159              -9      1.17476244
      1.68704651              -5      2.56208001
      1.54595148              -9      1.10571869
      1.71408358              -4      4.71289878
      1.71234607              -7      2.47813957
      1.69548565              -6      4.61307756
      1.69155934              -7      4.59584999
      1.54304003              -6      3.87929251
      1.79108705              -4      2.27416063
      1.54765172              -1      3.54522241
      1.50315273              -0      5.44927128
      1.49903812              -7      5.45778996
      1.63734677              -5      1.45157301
      1.48204665              -0      6.03096897
      1.54577554              -7      1.10615291
      1.61910899              -7       2.9173553
      1.56073239              -9      1.33027366
      1.42897089              -2        5.640116
       1.7104068              -5     0.916081197
      1.70561483              -5      2.49907702
      1.71827748              -1      4.91997016
      1.42380246              -0       5.6612677
      1.54200521              -7      3.63773854
      1.60766342              -1      5.24637563
      1.69854463              -4      5.02106037
      1.70632657              -2      4.98944546
      1.41143062              -0      5.81858793
      1.63818041              -2      2.78966744
      1.54749716              -2      3.93807561
      1.56167494              -2      4.05461366
      1.71913451              -5      2.45785735
      1.64359818              -7      5.17134841
      1.62696519              -4      2.86170211
      1.74876486              -0      6.30630838
      1.54231806              -7      3.63109184
      1.61809671              -2      2.92481169
      1.54589956              -6      3.56973836
      1.52764076              -9      1.20505159
       1.4997949              -4       5.4562151
      1.63862541              -1      4.39561695
      1.65454666              -7      4.45332845
      1.58589376              -4      3.18214918
      1.54231124              -1      3.86662053
      1.43802411              -0       5.9391176
      1.46976343              -0      5.52248577
      1.60694164              -0      5.24780844
      1.55962653              -6      3.41248719
       1.4173248              -0       5.6939396
       1.6568245              -1       2.6886552
      1.85711254              -4       1.7475277
       1.8311046              -9      1.70206988
      1.53989876              -4      3.69862668
      1.90087282              -5      1.92107902
       1.5419923              -7      3.63802021
      1.73350942              -9     0.899452849
      1.59408463              -7      3.11445654
      1.86098913              -7      2.10613128
      1.59369738              -4        3.117637
      1.71985047              -4      4.76158565
      1.53027919              -9      1.23490176
      1.60681678              -9      1.00978911
      1.49835225              -1      5.45922053
      1.56480272              -6      3.36377873
      1.70886519              -7      1.54102212
      1.62710184              -1       2.8607708
       1.7067764              -6      4.98741698
      1.69543365              -4      4.61284428
      1.65344844              -9      1.47252244
      1.74163028              -9      1.58095284
      1.66523828              -7      4.49246454
      1.53227096              -9      1.24663317
      1.72135451              -4      4.78011597
      1.64073516              -5      2.77449951
      1.41066976              -0       5.7521735
      1.40986327              -0      5.77821491
      1.64895643              -1      2.72864864
      1.99990791              -9     0.753119907
      1.53989541              -2      3.69877381
      1.66157676              -0      6.23672884
      1.54725277              -9      1.29882855
      1.83907687              -9     0.833711562
      1.73627777              -2      1.57438405
      1.71803742              -1      4.74379825
      1.72076546              -0      6.28511959
      1.89362204              -2      1.99301586
      1.85868141              -5      2.11233839
      2.27916491              -1       6.6043273
      1.82338006              -7      2.19920892
      1.59610532              -7        4.231189
      1.62314604              -0       5.2150611
       1.5570691              -5      1.32240835
       1.4395682              -0      5.94330026
      1.70586762              -4      4.99148764
      1.71477994              -0      6.28046091
      1.42034571              -7      5.67751854
      1.69226822              -5       2.5434793
      1.80116613              -9      1.65783573
      2.03726551              -9     0.736568801
      1.61887402              -6      2.91908064
      1.58253749              -1      6.16147935
      1.54564421              -1      3.91638193
       1.5401312              -1      3.68920858
      1.69607993              -0      5.03001793
      1.80458913              -1      2.24282951
      1.67875638              -4      4.54366801
      1.69763735              -4      2.52511086
      1.62995839              -0      5.20085389
      1.65446529              -5      2.70027637
      1.54536789              -6      3.57770004
      1.74902096              -4      2.37622245
      1.42079275              -0      5.67528931
      1.63495259              -5      1.44838908
      2.62683486              -0      6.74806382
      1.58826818              -4      4.19668679
      1.58228401              -1      4.16872602
      1.62067523              -4      4.32926226
      1.89225304              -5      2.00005664
      1.83512484              -2       2.1714298
      1.68906964              -0      5.05356113
      1.57879362              -4      4.15161256
       2.4431167              -9     0.586740762
      1.55176124              -2      3.49470924
      1.61570313              -2      4.31030131
      2.71528237              -0      6.78114684
      1.58184464              -6      3.21596284
      1.57780666              -0      6.15644344
      1.46934171              -0      6.00859079
      1.70689378              -0      4.98688315
      1.53930806              -4      3.74041919
      2.10325874              -0      6.52011147
      1.61438364              -0      6.19362794
       1.4117191              -0      5.73760855
      1.53933835              -2      3.76909574
      1.73394274              -9     0.899150579
      1.53279403              -0      5.39031979
      1.56100256              -6      3.39923988
      1.91135151              -0      6.41428892
       1.5741129              -4      3.28152553
      1.41300524              -1      5.72463559
      1.42074804              -0      5.88005726
      1.54817042              -7      3.94531758
      1.70220175              -2      5.00692642
      1.45237997              -0      5.56637768
      1.63545085              -9      0.97946445
      1.54011653              -1      3.81317303
      1.87755701              -5      2.05729935
      1.69467152              -5      2.53516706
      1.52801638              -9      1.18301657
       1.7883041              -7      2.28066017
       1.4105482              -0      5.80568028
      1.47266015              -7      5.51566883
      1.52787499              -9      1.21086379
      1.59796142              -4      3.08274182
      1.57321354              -1      5.31310784
       1.4255971              -0      5.89981464
      1.46350492              -0      5.99746426
       1.5922066              -9      1.02751233
      1.86653678              -0      6.38663992
      1.60887653              -0      6.18826862
      1.89419961              -5      1.85079121
       1.5553708              -9      1.08499371
      1.55079048              -2      3.50597854
      1.60526228              -9      1.40680432
      1.71953309              -4       4.7582043
      1.60447245              -9      1.01251017
      1.88307873              -9      1.80894156
      1.60712541              -2      4.27667677
      1.53950801              -2      3.78453149
      1.54174568              -0      5.37306898
      1.65124329              -4       2.7166537
      1.71785147              -2       4.9234279
       1.4538112              -0      5.56252726
      1.72012027              -5      1.55468739
      1.68661469              -1      4.57508936
       1.5306366              -5      1.23725624
      1.41299024              -1      5.83422116
      1.72238326              -7      4.79733826
      1.58016608              -9      1.04376912
      1.55881639              -9       1.3262105
      1.88784685              -4      2.01988982
      1.66878315              -1      6.24292102
      1.55396862              -2      3.47020825
      1.60991769              -1      2.98707876
      1.66841941              -5       2.6356431
      1.59277144              -5      3.12525005
      1.63640985              -2      2.80044617
      1.54658795              -2      3.55981947
      1.61461808              -1      2.95087985
      1.70206524              -9     0.922354306
      1.79630761              -9      1.65114705
       1.8289102              -5       2.1862101
      1.79512086              -0      6.33945169
      1.52946468              -9      1.22889403
      1.64769932              -9     0.967801122
      1.85480341              -5      1.74307146
      2.29731416              -0      6.61249267
      1.69489892              -0      6.26463034
      1.84151522              -5      2.15597069
      1.60603134              -5      3.01770668
       1.7110848              -7      4.96638263
      1.78353216              -5      2.29185718
      1.70414133              -7      4.99893971
      1.41485021              -0      5.84821791
      1.67573303              -5      2.60526378
      1.51839575              -0      5.41851446
      1.73916573              -9      1.57792469
      1.78522749              -9     0.865470974
      1.71378548              -1      4.71083749
      1.73299396              -9      1.57036716
      1.69716771              -5      2.52668889
      1.56725008              -9       1.0635508
      1.68225651              -4      5.07435192
      1.72362641              -5      2.44484754
      1.59068598              -2      5.27960813
      1.59582933              -4      3.10015439
      1.51441717              -1      5.42643621
      1.53310726              -9      1.14685184
      1.42791251              -0      5.64421175
      1.58608902              -6      3.18052506
      2.10429124              -0      6.52063627
      1.66744819              -2       4.5006659
      1.54028197              -9      1.27854094
      1.71712653              -7      4.73594391
      1.45037208              -0      5.96983035
       1.5629127              -9      1.33477439
      1.56328717              -1      4.06502908
      1.80235605              -9     0.855020635
      1.56554713              -7      4.07906167
      2.23267752              -0      6.58300239
      1.61116217              -1       2.9773964
      1.51097464              -0      5.43334682
      1.61511476              -2      4.30803442
      1.66238293              -7      5.12747171
       1.8294142              -5       1.6993955
      1.53534455              -9      1.13754499
      1.56524904              -6      4.07724584
      1.71416902              -9     0.913301089
      1.83589575              -4      2.16958049
      1.60373208              -1      4.26298325
      1.63377957              -7      2.81686782
      1.56989792              -4        4.104501
      2.17736922              -0      6.55680282
      1.45968049              -0      5.98982456
      1.55721809              -4      4.02368316
      1.61162905              -4      2.97378136
      1.97339285              -9      0.76528531
      2.24327414              -9     0.654926769
      1.54679366              -2      3.55693182
      1.76058069              -4      2.34711226
      1.52772078              -9       1.1888314
      1.42379573              -0      5.66129739
      1.60155836              -4      5.25843276
      1.54006827              -6      3.81142537
      1.56264514              -4      3.38372821
      1.57078517              -4      1.35010789
       1.6237034              -4      4.34065711
       1.8979512              -9      1.96514762
      1.83780568              -9      1.71294829
        2.154014              -9     0.688562912
      1.72262759              -7      4.80267859
      1.41599954              -0      5.85553711
      1.59043367              -1      3.14452153
      1.54780069              -9      1.10127867
      1.59748844              -5      1.39505668
      1.57687417              -9      1.04854505
      1.56074737              -6      3.40167827
      1.54323552              -9      1.11268077
      1.72134639              -2      4.88853861
      1.64182273              -1       4.4072287
      1.66059871              -4      2.67067987
      1.55177201              -6      3.49458607
      1.58357553              -1      3.20147509
      1.65949361              -1      2.67586703
      1.54140945              -7       3.6514528
       1.5936859              -2      3.11773133
      1.76158811              -5      1.60577812
      1.49053828              -0      5.47575631
      1.64350976              -1      2.75853069
      1.57546283              -4      3.26995269
      1.72309504              -1      4.85335073
      1.72312888              -0      4.85193909
      1.52453802              -7      5.40640502
      1.76503835              -9     0.878267981
      1.60961561              -1      5.24248968
       1.6652973              -0      6.23993729
      1.55474473              -9       1.0862455
      1.69775445              -5      2.52471822
      1.57917323              -2      4.15350622
      1.45123262              -0      5.97177381
      1.94114859              -9     0.780599808
       1.5811085              -7      3.22214132
      1.41444708              -0      5.71290603
      1.76614954              -5      1.61155028
      1.54539922              -5      3.57722294
      1.68761679              -4      5.05814503
      1.66853924              -5     0.949309596
      1.51924318              -0      5.41683546
      1.58010808              -0      5.29994429
       1.8691049              -4       2.0833273
      1.55266174              -1      3.48454065
      1.54086212              -6      3.83548562
      1.59799425              -9       1.3958352
       1.8931707              -5      1.99539826
      1.75107621              -9     0.887455049
      1.66437426              -4      2.65341099
      1.42160378              -0        5.883834
      1.77569825              -4       2.3104193
      1.53843953              -9      1.12670587
      1.86492797              -9      1.76349216
      1.87436167              -0      6.39156692
      1.53169822              -9      1.15374298
      1.96782895              -7      6.44734937
      1.56898929              -0      6.14685296
      1.62296692              -9      1.43211778
      1.67926182              -9      1.50488106
      1.71754149              -1       4.7394516
      1.59918245              -5      3.07280588
      1.73306306              -5       2.4184537
      1.61222503              -9      1.41697242
       1.6067297              -6      3.01216302
      2.66153088              -0      6.76118196
      1.53975061              -2      3.70555403
      1.52565045              -0      5.40422584
      1.61796487              -2      2.92578722
      1.56936428              -2      3.32284693
      1.55169438              -6      3.97927455
      1.54139668              -6      3.65176508
      1.65796554              -5      2.68314255
       2.0557346              -9     0.728619553
      1.72084511              -2      4.77326084
      1.52704491              -0      5.40149974
      1.75045658              -5       2.3725474
      1.68572682              -4      4.57145284
      1.61805325              -2      5.22549619
       1.5676104              -0      5.32377484
      1.55332687              -1      3.99329965
      1.71647817              -0      4.93372577
      1.63062229              -5      2.83723054
      2.19734482              -9     0.671944603
       1.8973573              -7      1.96977941
      1.74481742              -5      2.38709185
      1.59255578              -0      6.17190795
      1.42006439              -0      5.87692835
      1.70160373              -0       4.6417155
      1.41556962              -0      5.85288909
      2.31354935              -0       6.6197243
      1.65147257              -1      4.44217772
       1.7093823              -0      4.97508011
      1.57411715              -9      1.35623568
      1.71438922              -7      4.71504263
      1.67892286              -2      2.59265224
      1.57497877              -4      3.27409507
      1.68830853              -0       6.2592546
      1.42073712              -0      5.88000809
      1.60599515              -7      3.01799442
      1.53453878              -1      5.38694391
        1.548501              -1      3.53410343
      1.57989319              -1      4.15707526
      2.15434569              -0        6.545609
      2.04938806              -0      6.49214284
       1.5021484              -0      6.06247889
      1.51300051              -0      5.42927341
      1.94747044              -0      6.43564314
      1.56965656              -4      5.31988166
      1.88051883              -0      6.39541328
      1.88887891              -4      2.01554548
      1.67602799              -9      1.50088675
      1.77728984              -9      1.62585318
      1.76379659              -6      2.33919128
       2.5000015              -9     0.568769921
      1.88550494              -9      2.02923835
      1.82119518              -6      1.68674083
      1.68893349              -7      5.05399449
      1.70133364              -0      6.26981612
      1.60761719              -9      1.41027787
      1.54255024              -4      3.62635861
      1.66718211              -0      5.11542881
      1.52547309              -0      5.40457302
      1.54009828              -5      3.69045993
      1.68034387              -7      4.54988941
      2.44535942              -0      6.67612167
      1.72331475              -1      4.83830572
      1.52855214              -9      1.17612126
      1.65080282              -9     0.964946201
      1.71435689              -0       4.9477418
      1.55402026              -4      3.46965134
       1.7398392              -0      6.29965758
      1.62246996              -4      4.33602841
      1.68891601              -4      4.58463798
      1.56740798              -4      4.09017567
      2.64727681              -9     0.524600284
      2.15940841              -1      6.54808567
      1.65446611              -0      6.23052639
      1.60223985              -7      4.25687949
      1.55220324              -2       3.9837428
      1.67540916              -4      5.09371356
      1.72610326              -4      2.43780228
      2.00749112              -0      6.46953086
      1.61604666              -1       2.9400938
      1.55730165              -0       6.1336961
      1.56547931              -7      3.35760977
      1.68942867              -0      5.05241438
        1.611599              -1      4.29437414
      1.53936958              -2      5.37763227
      1.94292192              -0      6.43299619
      1.58892216              -2      3.15701919
      1.87894883              -5      1.79709671
      1.90018324              -5       1.9409912
      1.69506585              -7      4.61119856
      1.66074239              -5      2.67000996
      1.81564421              -7       2.2172305
      1.44027159              -0      5.60140895
      1.61716322              -7      2.93174081
      1.71389484              -4      4.95056228
      1.54162063              -1      3.64641008
      1.63300124              -2      2.82182155
      1.60069018              -4       3.0605778
      2.46160918              -0      6.68281316
      1.66782226              -1       2.6382205
      1.58418773              -9      1.03814146
       1.5533595              -4      3.99357121
      1.54089926              -6      3.83643615
      1.54553461              -2      5.36581153
      1.86914975              -5      2.08319624
      1.60437034              -1      5.25289633
      1.59483223              -1      3.10832263
      1.72240472              -1      4.79777787
      1.87669585              -5       2.0600942
      1.71007197              -5     0.916330069
        1.837391              -5      2.16598219
      1.62839596              -6      4.35812494
      1.70574866              -1      4.99201257
      1.73293882              -9      1.57029978
      1.71328082              -1      4.95420402
      1.72329745              -2      4.82908333
       1.7650136              -9      1.61010869
      1.70162267              -0      4.64180842
      1.61862367              -0      5.22433459
       1.8618837              -7      2.10369601
      1.55253408              -6      3.98659956
       1.6496852              -5      2.72479183
      2.06046445              -9      0.72660715
      1.53111124              -0      6.10204776
      1.53927954              -4      3.75621415
       1.4100909              -0      5.79499897
      1.65729298              -9       1.4774228
      1.55776968              -2      3.43079038
      1.66216212              -7      4.48112492
      1.86131359              -9      1.75592513
      1.49886001              -0      5.45816117
       1.5684443              -9       1.3456832
      1.61172785              -7      2.97301761
      1.54876346              -1      3.95146477
      1.67666884              -5      1.50167938
      1.84728331              -9     0.829132302
      1.66319856              -4      4.48493655
      1.56816714              -6      3.33345068
      1.76415251              -9     0.878842305
       1.8850969              -7      1.81523277
       1.4834854              -0      6.03336745
       1.4415746              -0      5.94856888
       1.7882454              -4      2.28079747
      1.68198371              -1       4.5563775
      1.61955956              -0      5.22242495
       1.4314378              -0       5.9197658
      1.72308037              -0      4.85392957
      1.62721721              -7      5.20660753
      1.71680564              -4      4.73330401
      1.92920574              -9     0.786429651
      1.59576294              -0      5.26976162
      1.53134089              -9      1.24153596
      1.56037889              -7      4.04596633
      1.61138157              -6      2.97569641
      1.78762025              -5      2.28226047
      1.46167756              -0      5.99385095
      1.65812055              -5      2.68239897
      1.57817248              -7      3.24690088
      1.61938691              -7      2.91531895
      1.57860793              -1      3.24321571
      1.53624538              -9         1.26429
      1.71719737              -7      2.46356578
      1.61704828              -4      2.93259749
      1.59238449              -5      1.38707827
      1.54382086              -2      3.89152433
      1.70601292              -5      2.49781394
      1.60970563              -9      1.00649333
      1.61932337              -4      2.91578412
      1.54660822              -0      5.36375887
      1.62288103              -9      1.43199896
      1.65101807              -9     0.964749593
      1.59311821              -1      3.12239755
      1.74936471              -9      1.59050265
      1.55283668              -4      1.09015555
      1.94006261              -0      6.43132619
      1.57038019              -4      4.10720966
      1.55946175              -2      3.41409067
      1.61998398              -6      4.32664585
      1.47952424              -0      6.02670231
      1.57691099              -1      4.14209481
      1.55255977              -7      3.48567936
       1.6552473              -4      4.45587393
      1.54464056              -7      3.90324017
       1.5788047              -5      3.24155211
      1.57953819              -9       1.3658297
      1.55307139              -9      1.31331218
      1.50449881              -0      5.44650684
      1.67588091              -2      4.53253262
      1.59305312              -0      5.27502537
      1.86800069              -5      1.77021534
      1.67467118              -0      5.09572436
      2.66655256              -0      6.76306527
      1.44855042              -0      5.96564351
      1.41812246              -0      5.86739687
      1.56229072              -7      3.38704965
      1.60408849              -6      4.26443344
      1.68016034              -6       5.0804235
      1.54615376              -2      3.56602749
      1.60967805              -7      4.28682105
      1.87304996              -5      2.07153822
       1.4145908              -0      5.84644955
      1.65397014              -1      4.45123519
      1.70745233              -2      4.98431649
      1.72312785              -4      4.85198407
      1.67761508              -7      5.08761991
       1.6356962              -2       2.8048532
       1.5873492              -9      1.37896741
      1.87139735              -9      1.77800996
      1.80085863              -0      6.34340456
      1.60108265              -7      3.05740282
      1.47207167              -1      5.51704441
      1.98383148              -9     0.760452081
      1.62693461              -5      1.43757001
      1.76266908              -5      2.34196051
      1.63846589              -0      5.18263803
       1.5442743              -9      1.10994962
      1.58113532              -9      1.36857714
      1.50284056              -0       5.4499139
      1.59559436              -9      1.02322999
       1.5496732              -9      1.09699159
      1.53963325              -7      3.71183461
      1.60904967              -7      4.28433555
      2.61038027              -9     0.535373012
      1.93826133              -0      6.43027173
      1.72329796              -4      4.84102318
      1.62348322              -7      4.33983206
      1.70528441              -7      4.99404457
      1.57068952              -4      4.10893636
      2.70431233              -9      0.50829693
      1.44674015              -0      5.58209262
      1.54269298              -7      3.87343353
      1.57817888              -9      1.36346424
      1.50951962              -0      5.43628465
      1.67143776              -0      5.10438153
      1.54408517              -4      3.89541379
      1.64813944              -1      5.16113972
        1.629815              -1      2.84255121
      1.71355093              -1      4.70923534
      1.79949149              -9      1.65551815
      1.67068969              -4      4.51279625
      1.69717259              -7      5.02609741
      1.57108081              -1      3.30778523
      1.58794115              -0      5.28490589
      1.56636326              -1      3.34960595
      1.80848393              -5      2.23381868
       1.4179608              -0      5.69025343
      1.65925312              -0      5.13511585
      1.54283884              -7      5.37097284
      2.34227291              -9     0.620069203
      1.74241159              -5      2.39338978
      1.58716104              -7      3.17161804
      1.81679736              -9     0.846472256
      1.57593567              -4      3.26591393
      1.77960129              -4      1.62886268
      1.48093761              -0      5.49677312
      1.54114473              -1      3.65811504
      1.59409302              -4      3.11438765
      2.39078684              -0      6.65324661
      1.54339537              -7      3.88500774
      1.54047056              -9       1.1204419
      1.71861817              -2      4.74913411
      1.68118989              -9       0.9387796
      1.64041654              -7      5.17837614
      1.41545904              -7      5.85219159
      1.58097756              -4      4.16239687
      1.53939283              -7      3.77524172
      1.89391871              -5      1.84940785
      1.54568004              -1      3.57299149
      1.58949725              -0      5.28190453
      1.48626754              -0      6.03793628
      1.70485126              -7       4.6581276
      1.41964726              -0       5.8749658
      1.57144937              -2       3.3045712
      2.00589631              -9     0.750422022
      1.41058255              -0      5.80630479
      1.54231053              -6      3.86660746
      1.67936898              -5       1.5050132
      2.35382082              -0      6.63737883
      1.85785962              -4       1.7489926
      1.50969355              -4      5.43593293
      1.57597245              -4      4.13726769
      1.54469186              -6      3.90394144
       1.7365125              -5      2.40909006
      1.88941865              -0      6.40092661
      1.54484708              -7      3.90604237
      1.44387878              -0       5.9544086
      1.64319955              -4      4.41222013
      1.43294683              -0       5.9244455
       1.5740605              -1      3.28197609
      1.44417582              -0      5.95514614
      1.56917584              -4      3.32451026
      1.49365923              -0      6.04966462
      1.41523537              -0      5.70724989
      1.54111921              -4      3.84184868
      1.54907301              -5      1.30354669
      1.69451878              -6      5.03549023
      1.60718228              -7      3.00857923
      1.55501375              -0      5.34773079
      1.74375067              -5       2.3898772
      1.69009725              -5       2.5511201
      1.59456442              -9      1.39051397
      2.63301722              -0      6.75041503
      1.59677735              -1      3.09240267
      1.57868452              -9      1.36434714
      1.41230589              -0      5.82801221
      1.65573751              -7       2.6939717
      1.69786343              -5      2.52435309
      1.66552331              -5       2.6482892
      1.47958719              -0      6.02680977
      1.71943165              -7      4.75715181
      1.63872554              -7      4.39598114
      1.70619182              -0      4.99004787
      1.81923765              -7      2.20887735
      1.46098352              -0      5.54393375
      1.79158574              -9     0.861550413
       1.5435625              -1      3.88760721
      2.00995616              -0      6.47088372
      1.58732606              -4      4.19238791
      1.60469607              -0      6.18414775
      1.55910489              -2      4.03720231
      1.60784261              -0      6.18725373
      1.87869984              -9      2.05352886
      1.59833607              -1      3.07969015
      1.66184086              -4      2.66492223
      1.60880786              -1      2.99576757
      1.69403977              -0      5.03714061
      1.63116203              -9      1.44330558
      1.54218233              -1      3.63393522
      1.69453947              -7      4.60885586
      1.42782128              -2      5.90780425
      1.72147716              -7      4.78188957
      1.53820987              -5      1.27154585
      1.67683596              -5      2.60086172
       1.5410281              -6      3.66118996
      1.57239002              -9      1.05532665
      1.55188772              -7      3.98098314
      1.59105862              -2      4.20921742
      1.88282547              -9      1.80817797
      1.71422804              -5      2.47243735
      1.78689728              -6      2.28395381
      2.42000145              -0      6.66557125
      1.52758699              -9      1.19344877
       2.0509448              -0      6.49296792
      2.67268107              -9     0.517287673
      1.88848068              -2      1.82677262
      1.53456614              -9      1.14060579
      1.58742783              -4      5.28589484
      1.71905081              -7      4.75331003
      1.61954861              -7      4.32499485
      1.55242125              -2      3.98562939
      1.71033562              -0      4.68872978
      2.23667788              -9     0.657335354
      1.66467109              -2      2.65208206
      1.70869251              -7      1.54081249
      1.56920129              -7      4.10055185
      1.56463966              -0      6.14201829
      1.88321319              -5      1.80934919
      1.44266483              -7       5.9513587
      1.57327875              -9      1.35471154
      1.61629211              -5      2.93825163
      1.55377144              -4      1.31494877
      1.53999646              -7      3.80872029
      1.81309523              -7      2.22314203
      1.51914455              -4      5.41703073
       1.6970087              -0      5.02669044
      2.35120617              -0       6.6362445
      1.71556355              -7      4.94000665
       1.6383493              -0      6.21610547
      2.22233906              -0      6.57817592
       1.5393322              -7      3.76825145
       1.4166826              -0      5.85955544
      1.55829833              -7      4.03150651
      1.64814748              -4      4.43013643
      1.44497544              -0      5.95711518
      1.44577377              -0      5.95905772
      1.64312351              -4      4.41194458
      1.57908819              -2      3.23915689
      1.41033264              -2      5.80133695
