10 1
0.23226266
1 -1 1 1
         5.902517884 
   0.562111763147486 
0.11535051
1 -1 1 1
         4.089744722 
    1.09188755507003 
0.088059597
1 -1 1 1
         3.472089168 
    1.16177612746883 
0
1 -1 1 1
                   0 
                   0 
0.12100941
1 -1 1 1
         3.857951974 
    1.15637696957051 
0.10691131
1 -1 1 1
         2.285179248 
    0.61951865767637 
0.053481484
1 -1 1 1
         3.830221115 
    1.00704507827239 
0.12057933
1 -1 1 1
         3.910725629 
    1.14566108213916 
0
1 -1 1 1
                   0 
                   0 
0.16234571
1 -1 1 1
          1.12469466 
   0.415308748959353 
