 0.50614 5.49948e-03
 0.51841 0.00000e+00
 0.53068 0.00000e+00
 0.54295 2.38040e-03
 0.55522 4.73386e-03
 0.56750 2.21339e-03
 0.57977 0.00000e+00
 0.59204 0.00000e+00
 0.60431 1.96947e-03
 0.61658 1.86653e-03
 0.62885 5.46575e-03
 0.64113 1.74279e-03
 0.65340 1.70051e-03
 0.66567 0.00000e+00
 0.67794 0.00000e+00
 0.69021 0.00000e+00
 0.70249 4.40049e-03
 0.71476 5.70022e-03
 0.72703 4.11751e-03
 0.73930 0.00000e+00
 0.75157 1.29768e-03
 0.76385 0.00000e+00
 0.77612 6.14717e-03
 0.78839 0.00000e+00
 0.80066 2.34001e-03
 0.81293 1.13554e-03
 0.82520 1.11588e-03
 0.83748 1.08041e-03
 0.84975 4.21260e-03
 0.86202 0.00000e+00
 0.87429 2.01396e-03
 0.88656 9.86838e-04
 0.89884 2.92467e-03
 0.91111 1.92447e-03
 0.92338 3.75001e-03
 0.93565 1.85281e-03
 0.94792 0.00000e+00
 0.96020 8.90138e-04
 0.97247 1.77072e-03
 0.98474 8.71196e-04
 0.99701 8.63027e-04
 1.00928 2.54787e-03
 1.02155 1.68281e-03
 1.03383 8.35719e-04
 1.04610 2.47629e-03
 1.05837 8.13764e-04
 1.07064 4.04722e-03
 1.08291 2.41680e-03
 1.09519 1.60207e-03
 1.10746 3.18043e-03
 1.11973 2.37410e-03
 1.13200 3.15411e-03
 1.14427 7.85735e-04
 1.15655 1.56683e-03
 1.16882 2.34746e-03
 1.18109 2.34378e-03
 1.19336 3.90434e-03
 1.20563 1.56204e-03
 1.21790 1.56323e-03
 1.23018 2.34919e-03
 1.24245 1.56907e-03
 1.25472 1.57578e-03
 1.26699 0.00000e+00
 1.27926 3.17039e-03
 1.29154 2.39120e-03
 1.30381 7.20158e-03
 1.31608 2.41775e-03
 1.32835 2.42952e-03
 1.34062 4.07291e-03
 1.35290 3.28583e-03
 1.36517 2.47995e-03
 1.37744 2.50162e-03
 1.38971 8.38024e-04
 1.40198 1.69675e-03
 1.41425 1.71037e-03
 1.42653 5.17734e-03
 1.43880 8.69062e-04
 1.45107 2.64939e-03
 1.46334 2.67845e-03
 1.47561 3.59582e-03
 1.48789 3.63031e-03
 1.50016 2.75566e-03
 1.51243 9.30983e-04
 1.52470 9.40678e-04
 1.53697 2.85734e-03
 1.54925 2.88744e-03
 1.56152 2.91674e-03
 1.57379 9.77562e-04
 1.58606 2.96907e-03
 1.59833 1.00481e-03
 1.61060 0.00000e+00
 1.62288 1.02992e-03
 1.63515 2.07452e-03
 1.64742 2.09927e-03
 1.65969 2.11629e-03
 1.67196 2.13371e-03
 1.68424 1.07390e-03
 1.69651 1.08951e-03
 1.70878 3.28784e-03
 1.72105 1.10346e-03
 1.73332 1.11121e-03
 1.74560 2.24164e-03
 1.75787 1.12707e-03
 1.77014 1.13350e-03
 1.78241 0.00000e+00
 1.79468 0.00000e+00
 1.80695 1.15543e-03
 1.81923 3.48077e-03
 1.83150 0.00000e+00
 1.84377 1.16678e-03
 1.85604 2.34531e-03
 1.86831 0.00000e+00
 1.88059 0.00000e+00
 1.89286 0.00000e+00
 1.90513 0.00000e+00
 1.91740 0.00000e+00
 1.92967 1.18059e-03
 1.94195 4.72145e-03
 1.95422 2.35959e-03
 1.96649 0.00000e+00
 1.97876 4.70892e-03
 1.99103 1.17483e-03
 2.00330 1.17212e-03
 2.01558 3.50835e-03
 2.02785 4.66546e-03
 2.04012 2.32885e-03
 2.05239 2.32099e-03
 2.06466 5.78547e-03
 2.07694 1.15379e-03
 2.08921 0.00000e+00
 2.10148 1.14544e-03
 2.11375 2.28252e-03
 2.12602 1.13585e-03
 2.13830 0.00000e+00
 2.15057 1.12688e-03
 2.16284 1.12144e-03
 2.17511 1.11737e-03
 2.18738 2.22186e-03
 2.19965 2.21561e-03
 2.21193 1.10322e-03
 2.22420 1.10083e-03
 2.23647 1.09573e-03
 2.24874 2.17947e-03
 2.26101 0.00000e+00
 2.27329 0.00000e+00
 2.28556 2.15562e-03
 2.29783 4.28742e-03
 2.31010 3.20830e-03
 2.32237 2.13040e-03
 2.33465 3.18077e-03
 2.34692 1.05499e-03
 2.35919 1.05211e-03
 2.37146 2.09875e-03
 2.38373 1.04421e-03
 2.39600 1.04387e-03
 2.40828 1.03833e-03
 2.42055 1.03676e-03
 2.43282 1.03309e-03
 2.44509 2.06236e-03
 2.45736 3.08254e-03
 2.46964 2.04955e-03
 2.48191 1.02164e-03
 2.49418 0.00000e+00
 2.50645 3.05331e-03
 2.51872 1.01562e-03
 2.53100 0.00000e+00
 2.54327 1.01282e-03
 2.55554 0.00000e+00
 2.56781 2.01634e-03
 2.58008 1.00690e-03
 2.59235 3.01598e-03
 2.60463 2.00871e-03
 2.61690 2.00497e-03
 2.62917 1.00089e-03
 2.64144 1.00000e-03
 2.65371 9.99327e-04
 2.66599 9.97997e-04
 2.67826 3.98785e-03
 2.69053 0.00000e+00
 2.70280 1.99020e-03
 2.71507 0.00000e+00
 2.72735 9.93702e-04
 2.73962 0.00000e+00
 2.75189 1.98543e-03
 2.76416 1.98384e-03
 2.77643 3.96470e-03
 2.78870 1.98162e-03
 2.80098 1.98060e-03
 2.81325 2.96915e-03
 2.82552 1.97818e-03
 2.83779 1.97767e-03
 2.85006 9.88433e-04
 2.86234 9.87721e-04
 2.87461 1.97451e-03
 2.88688 2.96060e-03
 2.89915 2.95962e-03
 2.91142 9.86048e-04
 2.92370 0.00000e+00
 2.93597 3.94065e-03
 2.94824 0.00000e+00
 2.96051 1.96774e-03
 2.97278 9.83519e-04
 2.98505 9.82954e-04
 2.99733 1.96476e-03
 3.00960 2.94639e-03
 3.02187 1.96280e-03
 3.03414 1.96111e-03
 3.04641 9.80000e-04
 3.05869 1.95862e-03
 3.07096 2.93616e-03
 3.08323 4.88896e-03
 3.09550 4.88679e-03
 3.10777 3.90647e-03
 3.12005 2.92730e-03
 3.13232 1.94946e-03
 3.14459 2.92251e-03
 3.15686 3.89230e-03
 3.16913 3.88909e-03
 3.18140 0.00000e+00
 3.19368 0.00000e+00
 3.20595 5.81606e-03
 3.21822 9.68065e-04
 3.23049 1.93538e-03
 3.24276 2.89809e-03
 3.25504 2.89636e-03
 3.26731 3.85722e-03
 3.27958 9.62764e-04
 3.29185 9.61556e-04
 3.30412 6.72485e-03
 3.31640 9.59361e-04
 3.32867 1.91676e-03
 3.34094 2.87186e-03
 3.35321 1.91313e-03
 3.36548 0.00000e+00
 3.37775 9.54417e-04
 3.39003 1.90606e-03
 3.40230 1.90392e-03
 3.41457 9.50195e-04
 3.42684 2.84794e-03
 3.43911 0.00000e+00
 3.45139 1.89408e-03
 3.46366 5.67726e-03
 3.47593 3.77973e-03
 3.48820 9.43349e-04
 3.50047 1.88560e-03
 3.51275 2.82451e-03
 3.52502 2.82239e-03
 3.53729 9.39386e-04
 3.54956 1.87796e-03
 3.56183 2.81409e-03
 3.57410 2.81134e-03
 3.58638 2.80774e-03
 3.59865 9.35407e-04
 3.61092 2.80313e-03
 3.62319 9.33499e-04
 3.63546 1.86566e-03
 3.64774 2.79681e-03
 3.66001 0.00000e+00
 3.67228 2.79384e-03
 3.68455 2.79122e-03
 3.69682 2.79021e-03
 3.70910 9.29729e-04
 3.72137 2.78813e-03
 3.73364 1.85801e-03
 3.74591 9.28826e-04
 3.75818 1.85729e-03
 3.77045 1.85689e-03
 3.78273 9.28377e-04
 3.79500 1.85671e-03
 3.80727 1.85682e-03
 3.81954 1.85712e-03
 3.83181 3.71468e-03
 3.84409 1.85801e-03
 3.85636 9.29286e-04
 3.86863 9.29722e-04
 3.88090 3.72041e-03
 3.89317 9.30669e-04
 3.90545 1.86212e-03
 3.91772 2.79541e-03
 3.92999 9.32514e-04
 3.94226 2.80041e-03
 3.95453 2.80341e-03
 3.96680 0.00000e+00
 3.97908 1.87227e-03
 3.99135 1.87428e-03
 4.00362 1.87619e-03
 4.01589 1.87932e-03
 4.02816 2.82279e-03
 4.04044 5.65486e-03
 4.05271 2.83027e-03
 4.06498 2.83699e-03
 4.07725 0.00000e+00
 4.08952 3.79370e-03
 4.10180 2.85068e-03
 4.11407 2.85627e-03
 4.12634 5.72316e-03
 4.13861 9.55770e-04
 4.15088 9.58388e-04
 4.16315 9.59537e-04
 4.17543 3.84854e-03
 4.18770 0.00000e+00
 4.19997 1.93465e-03
 4.21224 9.69488e-04
 4.22451 0.00000e+00
 4.23679 9.74154e-04
 4.24906 4.88190e-03
 4.26133 2.93606e-03
 4.27360 1.96197e-03
 4.28587 1.96889e-03
 4.29815 2.95917e-03
 4.31042 2.96676e-03
 4.32269 9.92783e-04
 4.33496 2.98507e-03
 4.34723 2.99517e-03
 4.35950 1.00049e-03
 4.37178 4.01614e-03
 4.38405 2.01314e-03
 4.39632 4.04155e-03
 4.40859 1.01466e-03
 4.42086 4.06391e-03
 4.43314 3.05559e-03
 4.44541 0.00000e+00
 4.45768 2.05054e-03
 4.46995 2.05654e-03
 4.48222 3.09406e-03
 4.49450 1.03458e-03
 4.50677 3.11090e-03
 4.51904 1.03971e-03
 4.53131 0.00000e+00
 4.54358 1.04585e-03
 4.55585 1.05022e-03
 4.56813 3.15270e-03
 4.58040 0.00000e+00
 4.59267 0.00000e+00
 4.60494 1.05865e-03
 4.61721 2.12616e-03
 4.62949 0.00000e+00
 4.64176 0.00000e+00
 4.65403 3.20744e-03
 4.66630 2.14360e-03
 4.67857 0.00000e+00
 4.69085 2.15144e-03
 4.70312 0.00000e+00
 4.71539 2.15740e-03
 4.72766 3.24064e-03
 4.73993 2.16343e-03
 4.75220 2.16522e-03
 4.76448 3.25084e-03
 4.77675 6.50795e-03
 4.78902 2.17042e-03
 4.80129 4.34255e-03
 4.81356 2.17169e-03
 4.82584 1.08601e-03
 4.83811 1.08581e-03
 4.85038 2.17120e-03
 4.86265 2.17024e-03
 4.87492 1.08475e-03
 4.88720 1.08334e-03
 4.89947 4.32962e-03
 4.91174 1.08132e-03
 4.92401 4.31884e-03
 4.93628 2.15549e-03
 4.94855 1.07544e-03
 4.96083 2.14628e-03
 4.97310 3.21112e-03
 4.98537 2.13610e-03
 4.99764 2.13266e-03
 5.00991 0.00000e+00
 5.02219 2.11745e-03
 5.03446 1.05631e-03
 5.04673 2.10426e-03
 5.05900 1.04973e-03
 5.07127 2.09057e-03
 5.08355 1.04218e-03
 5.09582 0.00000e+00
 5.10809 2.06550e-03
 5.12036 0.00000e+00
 5.13263 3.06944e-03
 5.14490 1.01605e-03
 5.15718 2.02234e-03
 5.16945 4.03104e-03
 5.18172 1.00330e-03
 5.19399 9.98662e-04
 5.20626 0.00000e+00
 5.21854 0.00000e+00
 5.23081 9.80347e-04
 5.24308 1.95486e-03
 5.25535 9.72667e-04
 5.26762 1.93117e-03
 5.27990 1.92047e-03
 5.29217 2.86254e-03
 5.30444 1.89413e-03
 5.31671 1.88763e-03
 5.32898 9.35498e-04
 5.34125 1.86433e-03
 5.35353 3.70351e-03
 5.36580 4.59967e-03
 5.37807 3.66233e-03
 5.39034 9.09079e-04
 5.40261 4.52315e-03
 5.41489 8.99317e-04
 5.42716 8.94883e-04
 5.43943 2.67438e-03
 5.45170 2.65180e-03
 5.46397 0.00000e+00
 5.47625 8.73512e-04
 5.48852 8.68961e-04
 5.50079 1.73357e-03
 5.51306 4.30455e-03
 5.52533 8.58055e-04
 5.53760 3.41246e-03
 5.54988 2.55140e-03
 5.56215 5.07862e-03
 5.57442 1.68582e-03
 5.58669 1.67736e-03
 5.59896 2.50934e-03
 5.61124 1.66535e-03
 5.62351 8.28990e-04
 5.63578 3.31098e-03
 5.64805 2.47204e-03
 5.66032 8.21336e-04
 5.67260 4.09995e-03
 5.68487 8.17733e-04
 5.69714 1.63252e-03
 5.70941 3.26080e-03
 5.72168 3.25333e-03
 5.73395 2.43640e-03
 5.74623 8.11342e-04
 5.75850 2.43269e-03
 5.77077 3.24234e-03
 5.78304 2.43077e-03
 5.79531 1.62060e-03
 5.80759 0.00000e+00
 5.81986 1.62237e-03
 5.83213 8.11559e-04
 5.84440 8.12927e-04
 5.85667 2.44186e-03
 5.86895 0.00000e+00
 5.88122 4.90576e-03
 5.89349 4.09915e-03
 5.90576 2.46468e-03
 5.91803 1.64909e-03
 5.93030 4.13531e-03
 5.94258 8.31726e-04
 5.95485 2.50200e-03
 5.96712 4.18754e-03
 5.97939 8.41147e-04
 5.99166 8.45017e-04
 6.00394 3.41007e-03
 6.01621 1.70948e-03
 6.02848 8.62184e-04
 6.04075 3.46649e-03
 6.05302 1.74540e-03
 6.06530 3.51276e-03
 6.07757 2.65523e-03
 6.08984 3.57816e-03
 6.10211 1.80956e-03
 6.11438 1.82259e-03
 6.12665 9.19429e-04
 6.13893 1.85116e-03
 6.15120 2.80866e-03
 6.16347 1.88964e-03
 6.17574 1.91999e-03
 6.18801 1.92522e-03
 6.20029 9.78353e-04
 6.21256 0.00000e+00
 6.22483 3.00056e-03
 6.23710 2.03927e-03
 6.24937 0.00000e+00
 6.26165 4.18094e-03
 6.27392 0.00000e+00
 6.28619 0.00000e+00
 6.29846 1.08265e-03
 6.31073 0.00000e+00
 6.32300 0.00000e+00
 6.33528 2.29425e-03
 6.34755 4.62730e-03
 6.35982 2.35668e-03
 6.37209 2.40223e-03
 6.38436 3.65657e-03
 6.39664 6.19325e-03
 6.40891 2.53279e-03
 6.42118 1.28614e-03
 6.43345 1.31575e-03
 6.44572 1.34361e-03
 6.45800 0.00000e+00
 6.47027 1.39420e-03
 6.48254 1.43692e-03
 6.49481 0.00000e+00
 6.50708 2.97066e-03
 6.51935 4.57859e-03
 6.53163 3.08920e-03
 6.54390 0.00000e+00
 6.55617 0.00000e+00
 6.56844 3.34779e-03
 6.58071 0.00000e+00
 6.59299 1.73309e-03
 6.60526 1.78812e-03
 6.61753 1.85349e-03
 6.62980 0.00000e+00
 6.64207 0.00000e+00
 6.65435 0.00000e+00
 6.66662 2.05702e-03
 6.67889 4.21061e-03
 6.69116 4.26383e-03
 6.70343 4.48449e-03
 6.71570 0.00000e+00
 6.72798 0.00000e+00
 6.74025 0.00000e+00
 6.75252 0.00000e+00
 6.76479 0.00000e+00
 6.77706 2.66451e-03
