# npar = 1, n_ded = 0
#         weight            chi2        param[0]
#                                     alpha_topo
      1.39664911              -7      5.82174344
      1.53226194              -7      3.84587822
      1.55779297              -4      4.12033491
      1.49047138              -0      5.43563651
      1.54965381              -0      5.31135956
      1.40152269              -7      5.70680955
      1.57797236              -6      3.16691539
      1.53973639              -1      3.97678623
      1.57974975              -1      4.23844572
      1.57459638              -5      1.55814173
      1.47763831              -0      6.06494819
      1.53729132              -1      6.14792422
      1.51562379              -1      5.38198554
      1.53349752              -7      3.88248494
      1.60104187              -4      2.70724448
      1.65432411              -5      2.37004004
      1.55260521              -1      4.08633703
      1.56444802              -4      3.32002751
      1.54979835              -6      4.06623925
      1.43294649              -0      5.97741878
      1.54185813              -7      3.55953812
      1.59499934              -1      2.82788162
      1.73304051              -9     0.813047065
       1.4777223              -9      1.44826376
      1.53556391              -2      3.65239457
       1.4707017              -2      5.48016406
      1.52826356              -0      6.13676348
      1.68531084              -7      4.75119706
      1.67604468              -0      4.96580323
      1.56194513              -7      3.34558229
      1.39202079              -9      1.32273437
      1.58747718              -6      4.27440101
      1.63199751              -7      4.46188864
      1.59988415              -4      4.32887146
      1.67333825              -6      4.65594245
      1.69735926              -2       2.2321238
      1.39592181              -0      5.76652513
      1.68831441              -4      4.81028873
      1.46426158              -1      5.49538478
       1.5918851              -5      2.91039572
      1.76209063              -5      2.02071439
      1.57804503              -4      3.16596544
      1.59318049              -5      2.87568289
      1.66293347              -0      4.59905949
      1.49076086              -5      1.46383462
      1.35878294              -9      1.18650661
      1.54340634              -2       3.5405961
      1.96094049              -9     0.714602398
      1.45927813              -0      5.50748184
      1.65467539              -5      1.65070119
      1.54998685              -1      4.06763439
      1.41088057              -0      5.91066577
      1.75873162              -1      2.03629612
      1.54523215              -7      3.51929035
      1.73809152              -9      2.11114658
      1.58106189              -7      3.12438402
      1.54091957              -7      3.98948719
      1.53159495              -4      3.78907945
      1.56163211              -6      3.34875516
      1.58251388              -0       5.2418051
      1.58246446              -1      4.25130079
       1.5564169              -4      4.11165529
      1.35875943              -4       1.2050991
      1.59440664              -5      1.58019011
      1.59254724              -7      2.89272279
      1.61208527              -4      5.17444576
      1.42951497              -9      1.02468883
      1.76919458              -6      1.97653946
      1.44749763              -0      5.53747002
      1.35857658              -5       1.1962646
      1.62284177              -5      2.51240543
      1.39639189              -9      1.06994343
      1.41499774              -0      5.92578754
       1.4124734              -0       5.6498283
      1.58243352              -5      3.10381077
      1.54435024              -2      3.52945958
      1.59708514              -2      2.77899809
      1.36165369              -9      1.15941118
      1.39510416              -9      1.32873083
      1.80851996              -0        6.387138
      1.54200571              -1      3.55769145
      1.39670542              -0      5.82256808
       1.6422482              -7      4.50482441
      1.53353134              -2      3.88327452
      1.75444048              -0      6.34847474
      1.44579219              -9      1.00659854
      1.68596604              -4      4.75960514
      1.60594003              -5      2.64426925
      1.58703235              -2      3.02353509
      1.57055098              -6      3.25526538
      1.55706672              -4      4.11578155
      1.58405022              -0       6.2004578
      1.42647255              -9      1.02830315
       1.7555643              -1      1.82396066
      1.62494091              -0      6.24094345
      1.41555701              -0      5.92770773
      1.71107909              -5      2.19215943
      1.54694983              -2      4.04421725
      1.62581822              -0      6.24176818
      2.13686455              -9     0.651396202
      1.42843316              -0      5.96595282
      1.41667122              -0       5.9314517
      1.59871018              -6      2.74648371
       1.5519723              -1      3.44661708
       1.5411022              -4      3.99137289
      1.70854022              -5      2.19953491
      1.61070916              -1       2.5980029
      1.55063636              -7       3.4605086
      1.40287058              -2      5.69802033
      1.53635577              -5     0.928598929
      1.45583091              -9      1.42092526
       1.9198437              -9     0.730698802
        1.771526              -5      1.94838373
      1.63992863              -1      4.49498843
      1.56987041              -1      3.26273413
      1.53327981              -1      3.70239621
      1.45235589              -9      1.41641001
       1.4913841              -0       5.4336429
      2.58595661              -0      6.77926721
      1.57327532              -4      3.22449136
      1.47576228              -6      6.06188429
      1.68654125              -7      4.76790484
      1.67854252              -7      4.69027184
      1.65219505              -9     0.855374925
      1.59668708              -5      2.78770539
      1.56544003              -0      5.27834812
      1.41336733              -9      1.04493259
         1.55056              -4      3.46130819
      1.58966732              -5      2.96627473
      1.64725325              -4      5.07973087
      1.68327894              -9     0.838457145
      1.53707468              -4      3.94419956
      1.70809143              -5      2.20083847
      1.59620414              -5      2.79867283
      1.61440822              -7      5.16882049
      1.68765718              -7      4.86174779
      1.36888399              -9      1.12943114
      1.59465101              -7      4.30628822
      1.57872721              -4      3.15694058
      2.32719267              -0      6.66996939
      1.68822018              -1      4.80571739
      1.53271807              -2      3.71914153
      1.57514259              -2      3.20240856
      1.44720589              -0      5.53824214
       1.6133032              -1      4.38506363
      1.42772322              -0      5.59450531
      1.55793566              -5      1.53971903
      1.59796209              -5      2.76086369
      1.46884481              -0      6.05024575
      1.74898668              -7       2.0745142
      1.53599781              -4      3.64457598
      1.55484747              -1       3.4172076
      1.53259713              -6      3.85792301
      1.67247322              -2      4.65074057
      1.86651151              -5     0.752526956
      1.77184472              -4      1.94005358
      1.53161805              -4      3.78114334
      2.61024542              -4     0.511066276
      1.59702847              -7      2.78021948
      1.58369547              -7      5.23922888
      1.37001826              -9      1.12591347
       1.4010125              -9      1.33963356
      1.53529326              -6      3.91749472
      1.46419204              -0      6.04208725
      1.57143989              -4       3.2453878
      1.51179639              -0      6.11531483
      1.59234608              -7      4.29617338
      1.65061824              -0      6.26442714
       1.5631217              -7      3.33361524
      1.50534923              -0      5.40362593
      1.75976799              -5      2.03167944
      1.56372386              -4      3.32746077
      1.99976883              -9     0.699908509
      1.53660082              -4      3.63424434
      1.57945102              -1      3.14713952
      1.37446879              -5      1.28219336
      1.54698887              -7      4.04453219
      1.81593918              -1      6.39222864
       1.3959635              -0      5.76550174
        1.687891              -4      4.85600988
      1.53388504              -0      5.34402618
      1.62953337              -0      5.13040624
      1.36806353              -9      1.13210118
      1.98898964              -9     0.703940487
      1.52164358              -4      5.36942251
      1.39983217              -0      5.85359392
      1.68598445              -1      4.88891307
       1.6491929              -5       2.3893549
      1.88033958              -0      6.43456155
      1.96463982              -9     0.713181749
      1.39713741              -0      5.82833187
      1.53229148              -1      3.73479613
      1.58968425              -7      2.96587369
      1.72555833              -9      1.75456404
       1.5382142              -2      3.95896627
      1.67432681              -1      4.97504013
      1.54698585              -4      3.49963489
      1.56798892              -4       3.2830118
      1.48315595              -4      1.45480652
      1.68232337              -4      4.72047234
      1.53442096              -2      1.51364677
      1.67476488              -1      4.66478897
      1.53345146              -7      3.88139818
      1.57290424              -2      3.22877549
      1.53233071              -1       3.8485654
      1.58874288              -2      2.98751061
      1.59671626              -5      2.78705676
      1.54189414              -6      3.99934412
      1.60181688              -4      4.33709668
      1.38518193              -9      1.30848072
       1.6107388              -9      1.59863452
      2.04144202              -0      6.52897584
      1.55199404              -2      5.30649495
      1.76833369              -5      1.98353396
      1.55091666              -2       3.4575788
      1.38304195              -9      1.30368868
      1.43724378              -5      1.39604399
      1.59617195              -1      2.79941964
      1.71138182              -5      1.73003366
      1.59357995              -6      2.86495984
      1.68342008              -1      4.73071721
       1.5833987              -4      3.08855305
      1.67700784              -6       4.9603404
      1.59268567              -9     0.890605807
      1.62435605              -6      4.43045188
      1.53523352              -2      3.91649487
      1.49126423              -0      5.43390447
      1.76943599              -5      1.97440383
      1.53941657              -7      3.59168052
      1.38047285              -9      1.29767538
       1.6140167              -7      2.57117472
       1.3938009              -9      1.07424327
      1.63006196              -5      2.47310294
      1.59452145              -5      1.58031874
       1.5574714              -7      5.29507547
      1.59869183              -1      4.32376827
       1.6100172              -7      4.37146867
      1.67930427              -1      4.69588214
      1.67154036              -2      4.98889571
      1.40872837              -1      5.90191209
      1.79078279              -0      6.37476874
       2.2836993              -9     0.604094231
      1.54575303              -6       4.0343628
      1.35880662              -9      1.20620068
      1.53276527              -7      3.71760064
       1.6578931              -7      5.04444521
      1.40471645              -0      5.68713819
      1.58391023              -7      4.25804332
      1.59273863              -1      2.88757734
      1.41602701              -0      5.63544375
      1.59476901              -5      2.83373649
      1.57130279              -4      3.24692081
      1.66702081              -7      4.62014706
      1.65946482              -5      2.35158926
      1.52286408              -6      5.36688303
       1.6559439              -7      4.56542198
      1.57138487              -2      3.24600341
      1.53711981              -7      3.62577125
      1.55666878              -4      3.39879378
      1.46167864              -1      5.50161694
       1.4369724              -9      1.01615792
        1.575183              -5      3.20192007
       1.6488723              -5      2.39059545
      1.56574814              -1      3.30657928
      1.58357485              -5      3.08569093
      2.36303271              -0      6.68596468
       1.4556329              -9      1.42066948
      1.68799508              -1      4.79763872
       1.6239543              -4      4.42880448
      1.68827385              -1      4.80817564
      1.41265402              -9       1.3593668
      1.63579593              -7      4.47765514
      1.45916781              -9      1.42521028
       1.6297844              -2      4.45275501
      1.64235577              -4      4.50528274
      1.67257957              -0      4.65137401
      1.38541695              -5      1.08941634
      1.53688877              -7      3.94164553
      1.57347941              -2       3.2221213
      1.40539786              -4      5.88675422
      1.42922703              -7      1.38465713
      1.52718644              -0      5.35790544
        1.581945              -4      3.11127822
      2.16142544              -9     0.643183896
      2.36288169              -0      6.68589792
      1.68247803              -2      4.92347653
      1.59034946              -7      4.28731585
      1.39076048              -9      1.07950395
      1.60990273              -4      4.37099361
      1.53749652              -1      5.33655135
        1.764964              -9      1.85964661
      1.59016736              -1      4.28650328
      1.58238002              -1      3.10463656
      1.53831075              -4      3.60749853
      1.63695247              -0       5.1101204
      1.57822235              -7      5.25110369
      2.12437103              -0      6.57275655
      1.80352046              -0      6.38368038
      1.58728642              -1      3.01843704
      1.43886208              -0      5.56107982
      1.69166683              -5      1.69992711
      1.54014832              -7      3.98130882
      1.66071726              -7      5.03414338
      1.55849003              -2         4.12465
      1.58573231              -5      3.04838168
      1.44724991              -0      5.53812555
      1.56762733              -1      4.17709961
      1.37657225              -9      1.10840756
      1.40760167              -9       1.3510478
      1.36758899              -9      1.26048777
       1.4426214              -9      1.00997443
       1.5194865              -4      5.37391654
      1.41333274              -0      5.91989427
      1.38275713              -9      1.09473305
        1.750429              -2      2.06929169
       1.4216828              -0      5.94713746
      1.52028276              -1      1.49779742
      1.55051072              -1      3.46182459
      1.65966453              -5      1.65696114
       1.5655508              -1      3.30862997
       1.4036673              -0      5.87781749
      1.55481794              -1      4.10127843
      1.73331574              -5      2.12613752
      1.59244664              -5      2.89542259
       1.5672518              -0      6.18247919
      1.40788716              -0       5.6706015
      1.58599437              -7      4.26764659
      1.72055316              -5      2.16449524
      1.54919601              -4      3.47571154
      1.65408411              -9      1.64996537
       1.8299362              -0       6.4017052
      1.54938659              -5      3.47368448
      1.54143212              -9     0.924937627
      1.68620341              -7      4.76290597
      1.80504759              -9     0.779216207
      1.68824192              -1      4.84426259
      1.65673268              -1        2.361293
      1.78758805              -0      6.37250993
      1.63075494              -4      2.46962172
      1.53375328              -6      3.69024673
       1.6087569              -5      2.61565583
       1.5791011              -2      1.56313498
      1.39791731              -9      1.33401063
      1.42940851              -0       5.9684974
      1.74172068              -7      2.09939177
      1.41741689              -0       5.9339001
      1.39599926              -0      5.76465991
      1.54290699              -1      3.54660669
      1.75398085              -2      2.05588242
      1.66872531              -2      2.32016524
      1.65126789              -6      5.06697778
      1.42155116              -9      1.37327704
      1.52162522              -0      5.36946073
       1.5613425              -5      1.54348406
      1.49487301              -7       5.4260621
      1.55347417              -2      4.09229082
      1.58786849              -4      3.00643437
       1.7041722              -5      2.21222914
      1.54681033              -7      4.04308884
      1.68814027              -0      4.80253046
      1.42413557              -4      5.95423953
      1.74408708              -0      6.34072889
      1.37188682              -9      1.12048871
       1.7683565              -0      6.35870223
      1.68077862              -4      4.93629978
      1.56935563              -0      5.27006441
      1.46547791              -0      5.49247652
      1.56840887              -1      6.18374671
        1.769438              -5      1.97438573
      1.61268516              -0      5.17299902
      1.39580323              -9      1.07090656
       1.4816801              -1     0.972145991
       1.6510794              -0      6.26483715
      1.68772457              -7       4.7902492
      1.54418825              -9     0.922972039
      1.67044057              -6      4.99404712
      1.53352507              -1      3.69592916
      1.66340457              -1      5.02386223
      1.45785774              -4       1.4235337
      1.50806089              -4      5.39788513
      1.44379617              -0      6.00230252
      2.03098323              -0       6.5232506
      1.39783452              -0      5.73768161
      1.58285682              -2      3.09720493
      1.40724903              -0      5.89545748
       1.3597108              -9       1.2186463
      1.68476288              -4      4.74478169
      1.39980421              -0       5.7195208
      1.42732691              -9      1.38188707
      1.75041014              -9      1.80902569
      1.37186939              -9      1.12053743
      1.58440146              -6      3.07191074
      1.39554203              -7      5.78108341
      1.35859495              -9      1.19319925
      1.71118723              -9      2.19184516
      1.70199651              -5      2.21856473
      1.93825612              -1      6.47016815
      1.53730722              -7      3.94733252
      1.53465987              -7       3.9064285
       1.6028341              -5      2.68171088
      1.58316658              -1       4.2545838
      1.36202945              -9      1.15725724
      1.66259639              -5      2.34072628
       1.5832513              -2      3.09092904
      1.55945752              -4      4.13055357
       1.4402189              -0      5.55725799
       1.8162365              -9     0.774221805
      1.53351507              -1      3.69618509
      1.54337063              -7      4.01341649
      1.53229278              -1      3.73474239
       1.7717265              -0      6.36114852
      1.37355985              -9      1.27962554
      1.55786046              -1      5.29426222
      1.53893383              -0      6.14991382
      1.51535316              -5      1.49222089
      2.41172105              -0      6.70721329
      1.71691181              -5      2.17517076
       1.4048715              -6      5.88412813
      1.69998604              -5      1.71218361
      2.20603523              -9     0.628591008
       1.3605818              -9      1.16642668
        1.610359              -4      2.60105769
      1.44721012              -0      6.00950813
      1.75955363              -1      2.03264678
      1.54304358              -1      3.54495378
      1.53376242              -1      3.69002507
      1.60249226              -0      6.21924127
      1.39665704              -0      5.75257711
      1.68534994              -0      6.29427815
      1.49319845              -0      6.08904782
      1.46804669              -9     0.984520958
      1.63308265              -4      4.46637984
      1.60100667              -1      2.70778199
      1.38224443              -9      1.30185429
      1.59499967              -2      4.30780862
      1.55046453              -6      3.46230887
      1.68826386              -7      4.84326587
      1.53193149              -7      3.75229332
      1.43766267              -1      5.56449748
      1.60308664              -4      4.34247122
      1.76475014              -5      2.00672815
      1.58792161              -6      3.00531586
      1.75253712              -1      2.06143671
      1.62457266              -7      4.43134021
      1.40631876              -0      5.67849845
      2.03995576              -0      6.52816522
      1.65560672              -4       5.0524584
      1.68420703              -0       4.7387131
      1.71924722              -9      1.74326277
      1.59110307              -5      2.93080563
      1.57100528              -1      3.25023526
      2.47320282              -9     0.548399869
      1.59778465              -5      1.58398004
      1.41176457              -0      5.65285457
      1.58333854              -1      4.25538536
      1.57754032              -2      3.17251944
      1.53475777              -4      3.66800121
      1.53177841              -1      3.82035687
      1.44663464              -9      1.40884826
      1.58608705              -0      5.23399167
      1.36082428              -9      1.16469878
      1.53620376              -2      3.64098256
      1.68213758              -0      4.92618159
      1.55042026              -7      4.07081586
      1.37723293              -9      1.10684145
      1.45489328              -1      5.51839352
      1.84345616              -0      6.41070719
      1.39550347              -0      5.78651197
      1.56759301              -7      4.17691459
      1.75558333              -4       2.0495231
       1.5340836              -4       3.8952842
      1.72074749              -9      1.74588841
      1.54202437              -7       3.5574586
       1.6872834              -4      4.78066544
      1.65137161              -0      6.26509675
      1.55951714              -4      4.13091421
       1.4070832              -5      1.35017427
       1.5464291              -7      4.03997845
      1.38550724              -5      1.30919364
      1.53200648              -1      3.83439002
      1.75323985              -9      1.81696436
      1.40132763              -7      5.70815615
      1.60459664              -4      5.19218482
      1.62155306              -1       4.4189608
      1.44514523              -7       5.5437431
       1.4895562              -9      0.96532235
       1.5954407              -5      2.81689113
      1.53260396              -1       3.7229994
      1.48197032              -2      6.07188445
      1.40651985              -0      5.89212057
      1.67199826              -0      4.98670186
      1.56713236              -1       4.1744235
      1.97824541              -9     0.707994984
      1.42838405              -0      5.59240175
      1.45764873              -4       6.0301021
      1.61146148              -1       2.5915899
      1.57771178              -6      3.17030426
      1.56343239              -7      4.15387256
      1.39687029              -0       5.7494591
      1.49468625              -4      6.09124188
       1.5409747              -7      3.57079968
      1.54707879              -1      3.49861161
      1.63636642              -4      4.48003536
      1.55106595              -4      3.45602184
      1.75064517              -9      2.06849891
      1.63372264              -4      2.45518702
      1.48689554              -0      6.07955038
      1.68805709              -4       4.7996177
      1.95653532              -9     0.716300009
      1.43883213              -0      5.56116471
      1.45494366              -1      5.51826658
      1.55277519              -5      1.53401372
      1.36158107              -9      1.23296376
      1.58349684              -6      3.08696158
      1.56069702              -7      4.13797987
      1.43753712              -4      5.98835738
      1.41809803              -9      1.36797927
      1.81836484              -9     0.773278987
      1.54360259              -9     0.923388436
      1.58642182              -2        3.035453
      1.50348701              -1      5.40758271
      1.61547633              -1      5.16621254
      1.35858275              -9      1.19773095
      1.58348046              -7      3.08722774
      1.61327848              -0      6.22981695
      1.40837222              -0      5.66825412
      1.75573938              -9     0.802042998
      1.55892688              -6      4.12732766
      1.64333406              -5      1.63678986
      1.75278851              -7      6.34724682
      1.39551216              -0      5.79065805
      1.67469741              -4      2.30087825
      1.53471673              -4       3.6688407
      1.57807246              -9     0.899954882
      1.53193138              -4      3.83034819
      1.41582015              -9      1.04167406
      1.36148609              -9      1.23236972
      1.42822044              -4      5.59292092
      1.63610386              -4      2.44410864
      1.60807755              -7      2.62218366
      1.58166017              -1      3.11555872
      1.49734177              -9       1.4715401
      1.54513604              -4      3.52038845
      1.62186242              -2      5.15031176
      1.56271661              -4      3.33774357
      1.53474653              -1      3.66823074
      1.80141544              -9     0.780851451
      1.63825771              -6      4.48795369
      1.41116129              -9      1.35694392
      1.41285796              -0      5.64821035
      1.53166884              -1      3.77318975
      1.67866321              -4      4.95037681
      1.37711189              -9      1.28929407
      1.68711661              -2      4.77751812
      1.48210343              -0      5.45414228
      1.55328712              -2      4.09101902
      1.68412204              -6      4.90913843
      1.44634618              -4      5.54052699
      1.58097046              -4      4.24425894
      1.44771826              -0      6.01055892
       1.5831461              -6      3.09261435
      1.44319149              -0      5.54903867
      1.39904517              -9        1.336081
      1.42608494              -0       5.5997997
      1.55565991              -4       4.1067835
      1.58823979              -2      2.99853308
      1.60255327              -0      6.21930191
      2.19832113              -9     0.631085809
      1.46115493              -0      6.03660301
       1.4159229              -9      1.36457844
      1.61156849              -5      2.59069376
      1.40445688              -0      5.88200536
      1.53537459              -4      3.91884265
      1.55703533              -7      4.11558336
      1.77155498              -7      1.94778075
      1.69334361              -4      2.24395479
      1.56673286              -1      3.29629007
      1.60296691              -4      2.67994904
      1.68514186              -6      4.89878503
      1.40187206              -0      5.70444859
      1.52477185              -9     0.937164204
      1.40064008              -0      5.85941058
      1.75286754              -5      2.06017896
      1.49507137              -9      1.46889207
       1.5646309              -7      4.16064051
      1.48215702              -0      5.45402234
      1.54493513              -4      4.02738674
      1.67578155              -4       4.6713233
      1.68266559              -2      4.72357288
      1.50696155              -9      1.48265163
      1.45862661              -9     0.993549471
      1.52893269              -0      6.13760427
      1.59244603              -5      2.89543918
      1.59285969              -5      2.88431913
      1.64203258              -7       2.4181675
      1.59493599              -4      2.82948414
      1.38846994              -9       1.0836397
      1.55256447              -4      4.08605498
      1.60267828              -4      2.68379925
        1.621439              -7      2.52080873
      1.67285772              -6      2.30674996
      1.48269088              -0      6.07302017
      1.68083184              -1      4.93592161
      1.39605719              -0       5.7633572
      1.53164163              -4      3.80637468
      1.76544828              -9      1.86203657
      1.60922811              -0      5.18128176
      1.81800531              -0      6.39363785
       1.5456428              -7      4.03343462
      1.74230275              -0      6.33938171
      1.54962412              -7      3.47116509
       2.4648556              -9     0.550746812
      1.49844873              -5      1.47282743
      1.56219092              -5      3.34308798
      1.43162629              -0      5.58232507
      1.49981591              -0      5.41542048
      2.03442387              -1      6.52513943
      1.68516898              -7      4.89848876
      1.39624241              -4      5.75959075
      1.38009742              -9      1.29677011
      1.54896553              -1      3.47816976
      1.61666004              -4      5.16330588
      1.65394032              -5      2.37145161
      1.60393069              -5      2.66763261
      1.84076013              -0      6.40892364
      1.57838688              -6      3.16146766
      1.56556862              -0      6.18062721
      2.00289317              -0      6.50762541
      1.39565617              -0      5.80009465
      1.57834308              -7      3.16204667
      1.62899943              -0      5.13182414
      1.54456736              -1      4.02418016
      1.56175542              -0      5.28610221
      1.68319931              -0       4.7285791
      1.54773961              -7      4.05051215
      1.45023191              -0      6.01567924
      1.39794783              -0      5.73647001
       1.4840692              -5      1.45589831
      1.60526212              -5      2.65183597
      1.66563233              -7      2.33043377
      1.60113367              -2      4.33419549
      1.42516131              -0      5.95711473
      1.41672156              -0      5.63276607
      1.57989184              -2      3.14104776
      1.56602384              -4      3.30370828
      1.62270451              -4      4.42368081
      1.40819155              -0      5.89961539
      1.49184148              -9      1.46510632
      2.18709984              -0      6.60417339
      1.58592611              -0      4.26733412
      1.58092804              -1      4.24405784
      1.40800634              -0      5.67002089
      2.35376467              -0      6.68185806
      1.54656663              -0       5.3177668
      1.92330015              -9     0.729322003
      1.53925869              -0      5.33290426
      2.40046189              -9     0.569162101
      2.11779604              -0      6.56938345
      1.60463114              -4      4.34897996
      1.68538821              -1      4.89604704
       1.5744059              -5       3.2112314
      2.23001814              -9      0.62090814
       1.6243471              -1      2.50369733
      1.68719929              -7      4.77905294
      1.52136626              -9      1.49901918
      1.60642898              -4       4.3565201
      1.68478561              -0      4.90256618
      1.57435409              -7      3.21184622
      1.44574562              -9      1.40765796
      1.54402225              -7      4.01934217
      1.67396159              -5      2.30321978
      1.63541903              -9      1.62730653
      1.58931697              -6      2.97447416
      1.52129629              -9      1.49894032
      1.42390358              -9       1.3768199
      1.53916146              -1      3.59524655
      1.66987961              -7      4.99661448
      1.67262813              -1      2.30748688
      1.67581867              -7      2.29732744
      1.36242072              -9      1.23786053
      1.56568677              -2      3.30721744
      1.44711504              -0      6.00931089
      1.59854126              -5      2.74964692
      1.61281179              -2      2.58055525
      1.58791971              -2      3.00535583
      1.63717812              -5      2.43924341
      1.62085223              -1      4.41608779
       1.5319207              -2      3.82973769
      1.63936951              -7      5.10324831
      1.58343384              -6      3.08798419
      1.73804173              -5      2.11130547
      1.61464376              -1      4.39058977
      1.55357769              -4      3.43012955
      1.41306986              -9      1.04533289
      1.39555273              -1      5.78026545
      1.39585752              -0      5.76820802
      1.66523432              -9      1.66406578
      1.58490546              -1       3.0632067
      1.56910069              -4      3.27109172
       1.4866624              -9     0.967803845
      1.53342126              -4      3.88067784
      1.60682573              -7      2.63481147
      1.54721094              -1      4.04631581
      1.44736612              -0       6.0098313
      1.77181316              -2      1.94114218
      1.38060015              -9      1.29798073
      1.53210155              -1      3.74326722
      1.42293438              -0      5.61033083
      1.68047592              -5      2.28278471
      1.40677413              -6      5.67615394
      1.53307381              -4       3.7081773
      1.65270435              -9     0.855090391
      1.51429754              -0      6.11867202
      1.67357386              -2      4.97890974
      2.41510395              -0      6.70867002
      1.53826139              -7      3.95954855
      1.72538438              -5      2.15018832
      1.41727108              -0      5.63067492
      1.50668918              -9      1.48233925
      1.85757772              -0      6.41995821
      1.63295895              -5      2.45883165
      1.53217894              -1      5.34755856
      1.53606394              -7      3.92971515
      1.37799496              -9      1.10507019
      1.43991406              -0      5.55811266
      1.39885409              -0      5.72762215
      1.61672632              -1      4.39915683
      1.53584815              -7      3.64723311
      1.60524854              -4      4.35157351
      1.57276903              -1       4.2040211
      1.55928097              -7      3.37248886
      1.37207066              -9      1.11997677
      1.55756132              -7      3.38980072
      1.55398956              -4      3.42592843
      1.59107488              -6      2.93152895
      1.64170126              -9      1.63481961
      1.52477955              -0      5.36290176
      1.52149001              -6      5.36974222
      1.61020007              -5      2.60245954
      1.59554253              -2       2.8144011
      1.58281046              -4      3.09793471
        1.359375              -9      1.21499206
       1.5377072              -6      3.61657517
      1.50606362              -0      6.10747243
       1.5408375              -7      3.57258286
      1.62345657              -7      2.50881181
       1.3851407              -5      1.30839007
      1.44356375              -0      5.54802342
      1.53389372              -6      3.68688747
      1.41268675              -0      5.91753087
      1.61742815              -7      5.16141025
       1.4834232              -0      5.45119414
       1.6544681              -4      5.05635097
      1.57047066              -5      1.55357515
      1.37482317              -9      1.11270287
      1.54113736              -6      3.56869812
      2.62458712              -9     0.507280917
      1.56576481              -2      3.30640594
      1.70438718              -5      1.71891647
      1.65546653              -2      4.56321016
      1.59707078              -4      2.77930707
      1.42915338              -0      5.96783556
      1.64488154              -0       4.5161065
      1.61084393              -1      4.37489651
      1.61867813              -5      2.53826788
       1.5400142              -5      3.58349929
      1.53188528              -7      3.75511339
      1.56698283              -4      4.17361183
      1.56614599              -2      3.30243388
      1.42271673              -0      5.61107694
      1.58219907              -9     0.897282653
      1.57123719              -9      1.55442321
       1.5081746              -0      5.39764492
      1.35904569              -9      1.18167408
      1.53159634              -7      3.79531643
      1.57910593              -4      3.15184262
      1.61646657              -7      4.39808931
      1.57494867              -7      4.21500472
      1.50576694              -9       1.4812806
      1.49607647              -0      6.09327632
      1.37372464              -9       1.2800964
      1.56091215              -5      1.54300848
       1.5652749              -0      5.27869642
      1.52193289              -0      6.12869466
      1.41752475              -0      5.62971746
      1.58430968              -5      3.07347039
      1.38323896              -9      1.30413761
      1.71558185              -9     0.821749414
      1.57966888              -9      1.56376498
      1.43980508              -0      5.55841875
      1.43512706              -7      5.57185209
      1.58617456              -7       3.0401518
      1.59101184              -5      2.93314277
      1.40550636              -0      5.88728645
      1.55419422              -5       3.4238445
      1.66274664              -9     0.849531674
      1.46559422              -9      1.43333401
      1.76018204              -7      1.83958036
      1.77195192              -9      1.93492613
      1.39978225              -0      5.85321694
      1.46554427              -0      6.04448771
      1.53185025              -5      3.82542817
      1.74593776              -7       6.3421223
      1.45825162              -9      1.42403854
       1.5930393              -5      2.87948296
      1.50568275              -0      6.10694385
      1.39103856              -9      1.32077328
      1.59266742              -7       4.2975904
      1.56814641              -9     0.906492255
       1.6279169              -4      5.13468305
      1.40911265              -0      5.66474807
      1.39903138              -0       5.7260336
      1.75274989              -5      2.06062769
       1.6870483              -0      4.77628437
      1.59464417              -7      2.83694119
      1.67682684              -4      2.29415191
      1.58808153              -2      3.00192474
      1.67723474              -5      1.67985515
      1.47518489              -0      6.06093368
       1.6683146              -5      1.66805226
      1.56981344              -2      3.26335586
      1.57266358              -4      4.20348376
      1.57995932              -4      3.14010676
      1.75492542              -4      1.82198939
      1.40630613              -0        5.891121
      1.46023848              -0      6.03492189
      1.73124939              -4       1.7654063
        1.398821              -0      5.84546172
      1.53418925              -9     0.930178163
      1.36641709              -9      1.13784275
      1.75943716              -5      2.03316957
        1.545744              -1      3.51348094
       1.4528486              -4      5.52357753
      1.90129559              -0      6.44769068
      1.40197632              -5      1.34134809
       1.4564038              -0      5.51460407
      1.56592144              -2      3.30477548
      1.75326547              -0      6.34760166
      1.36480031              -9      1.14411943
      1.55077798              -7      3.45902723
      1.51829781              -0      5.37639654
      1.53306614              -4      3.87170222
      1.53166123              -2      3.80909395
      1.50344473              -7      5.40767268
      1.67298551              -9      1.67418228
      1.68769072              -0      4.78942776
      1.56464451              -0      6.17960627
      1.58148918              -4      3.11810353
      1.54769075              -7      4.05012726
      1.77103035              -5      1.95675496
      1.68125685              -4      2.28037604
      1.42925888              -1      5.96810954
      1.40085192              -9      1.33934629
      1.47558001              -0       6.0615846
      1.68844915              -4       4.8232541
      1.49399843              -0      6.09022974
      1.66946684              -6      2.31773349
      1.58456462              -6      3.06911926
      1.55072624              -1      6.16385611
      1.65076114              -1      4.54186027
      1.76232929              -5      2.01953034
      1.60908823              -4      4.36761011
       1.7670627              -4      1.99259865
      1.50680357              -9      1.48247046
      2.15584266              -0      6.58868712
      1.47070041              -0      6.05342286
      1.64918039              -4      5.07368334
       1.6671921              -1      4.62106043
      1.59226197              -7      2.90036759
      1.96844056              -4      6.48793531
       1.6739301              -0       4.9770915
       1.3801388              -9      1.29687027
      1.82122944              -9     0.772013594
      1.54216539              -1      4.00200247
      1.59473111              -7      4.30663771
      1.36111157              -9      1.22992943
      1.79948742              -0      6.38087483
      1.66318592              -9     0.849290721
       1.5724697              -4      5.26343986
      1.65493856              -4      4.56077465
      1.56142235              -7      3.35087909
      1.69477636              -9      1.70444168
       2.0002499              -0       6.5061358
      1.61658557              -9      0.87595065
      1.60918288              -9     0.880411053
      1.58045924              -7      3.13306047
      1.77181184              -9      1.94118533
      1.58310613              -5      3.09325248
      1.40811744              -0      5.89929436
       1.4156503              -0       5.9280253
      1.39959121              -0      5.72125527
      1.41838873              -7       5.6264922
      1.61412575              -4      2.57034575
      1.61165988              -6      4.37827451
      1.68759431              -7      4.86313828
      1.36056105              -9      1.16657933
        1.690398              -5      2.25270401
      2.47019482              -9     0.549244582
       1.5541606              -2        4.096914
      1.43931286              -9      1.01356869
       1.5396831              -7      3.58800308
      2.22300357              -0      6.62157515
      1.61723413              -6      4.40124311
        1.583242              -5      1.56773365
      1.64763213              -0      6.26176264
      1.57500605              -2      3.20405534
      1.56672701              -9     0.907440217
      1.63849377              -2      2.43338937
      1.65533621              -4      4.56260796
      1.66510869              -9       2.3321933
      1.59430135              -1      2.84584376
      1.53816048              -7      3.60972629
       1.5294516              -0      5.35320861
      1.39775183              -0      5.73858401
      1.53434818              -7      3.90054939
      1.59768059              -1      2.76653051
      1.59961753              -5      2.73027907
      1.68307857              -0      4.91850556
      1.75758979              -2      2.04122054
      1.37223145              -9      1.27573728
      1.40138831              -9      1.34030407
      1.35859212              -2      1.19869888
      1.38869565              -9      1.31598587
      1.92456517              -9     0.728819197
      1.39007113              -9      1.08073211
      1.39296996              -9      1.07565681
      1.68720177              -7      4.77909976
      1.40361229              -0       5.8775181
      1.49607053              -5      1.47005871
      1.57470507              -4      3.20766672
      1.58022702              -2      3.13635004
      1.35857909              -9      1.19498578
      1.42680029              -7      5.96160266
      1.53171113              -4      3.76854782
      1.68530666              -7      4.75114628
      1.69789459              -9      1.70904744
      1.68728257              -2      4.86937028
      1.58123479              -9     0.897904759
      1.62734579              -2      2.48719828
      1.59710385              -6      2.77859628
      1.68735357              -1      4.78205416
      1.46403759              -6      1.43138097
      1.40853915              -4      5.90110814
      1.54385653              -0      6.15580534
      1.40296142              -0      5.69745662
      1.59581121              -7      2.80791835
      1.64209921              -1      4.50418994
      1.55808661              -5      3.38451232
      1.58234602              -2      3.10516027
      1.43494783              -0      5.57237897
      1.38165362              -9      1.30047711
      1.59075559              -5      2.93965075
      1.58515263              -7      3.05884855
      2.34701641              -0      6.67885506
      1.54557825              -4      3.51535522
      2.02068191              -0      6.51756321
      1.76298874              -6       2.0161933
      1.54761677              -6      3.49272031
      1.51755484              -0      5.37794797
      1.54761611              -4      6.16023523
         1.54766              -2      4.04988463
      2.21306178              -9     0.626328671
      1.53800814              -4      3.95639878
      1.58263085              -2       4.2520803
      1.77009286              -9     0.795253028
      1.62203325              -7      4.42092918
       1.3907465              -2      1.32018511
      1.41118697              -9      1.35698584
      1.51061216              -4      5.39250448
      1.42394172              -4      5.95369015
      1.60309414              -5      2.67827633
      1.39985033              -9      1.06443577
      1.55800034              -7      4.12162416
      1.81739124              -0       6.3932194
      1.68106148              -4      4.70965979
      1.64354733              -2      2.41186547
      1.36748907              -5      1.26012259
      1.66259829              -0       5.0270005
      1.95844611              -9      0.71556286
      1.62049126              -4      4.41460784
      1.54478053              -9      1.52516172
      1.53187317              -4      3.82688935
      1.57077346              -7      3.25280672
      1.52686268              -2      5.35857713
      1.45532425              -7      5.51730894
      1.35943653              -9      1.17660663
      1.54565006              -7      3.51454238
      1.68281757              -4      4.92069921
      1.67370334              -1      2.30404375
      1.63254814              -5      2.46081159
      1.55673379              -1      3.39813836
      1.55109786              -0      5.30835871
      1.81845396              -0      6.39394337
       1.4017282              -0      5.70541312
      1.63454196              -7      4.47243536
      1.59168647              -4       4.2932574
      1.36411504              -9      1.24635596
      1.56956369              -5      3.26607538
      1.39367371              -9      1.07445851
      1.76055314              -4      2.02807652
