10 1
0.22596629
1 -1 1 1
         5.920993059 
   0.579097730781662 
0.11215848
1 -1 1 1
          4.10472776 
    1.10357138152325 
0.085897784
1 -1 1 1
          3.45369058 
    1.18886583058883 
0
1 -1 1 1
                   0 
                   0 
0.11770737
1 -1 1 1
         3.857726676 
    1.17791022929079 
0.11384855
1 -1 1 1
         2.241821114 
   0.590997800414464 
0.051622067
1 -1 1 1
         3.843107882 
    1.04095866069443 
0.11725546
1 -1 1 1
         3.913578627 
    1.16554948254736 
0
1 -1 1 1
                   0 
                   0 
0.175544
1 -1 1 1
          1.12877952 
   0.401410869980084 
