 0.50614 2.39797e-03
 0.51841 0.00000e+00
 0.53068 0.00000e+00
 0.54295 8.51859e-03
 0.55522 2.03373e-03
 0.56750 0.00000e+00
 0.57977 1.91427e-03
 0.59204 1.82741e-03
 0.60431 1.76806e-03
 0.61658 0.00000e+00
 0.62885 1.65485e-03
 0.64113 1.61029e-03
 0.65340 1.56029e-03
 0.66567 2.99902e-03
 0.67794 0.00000e+00
 0.69021 0.00000e+00
 0.70249 0.00000e+00
 0.71476 1.33099e-03
 0.72703 1.29472e-03
 0.73930 0.00000e+00
 0.75157 3.74697e-03
 0.76385 1.21848e-03
 0.77612 1.17185e-03
 0.78839 1.14972e-03
 0.80066 2.26084e-03
 0.81293 2.19858e-03
 0.82520 2.16596e-03
 0.83748 1.04787e-03
 0.84975 3.10267e-03
 0.86202 3.03522e-03
 0.87429 0.00000e+00
 0.88656 1.95332e-03
 0.89884 0.00000e+00
 0.91111 1.88474e-03
 0.92338 0.00000e+00
 0.93565 0.00000e+00
 0.94792 0.00000e+00
 0.96020 8.90255e-04
 0.97247 0.00000e+00
 0.98474 1.72197e-03
 0.99701 1.70445e-03
 1.00928 2.53048e-03
 1.02155 6.68923e-03
 1.03383 8.26813e-04
 1.04610 1.64280e-03
 1.05837 1.61657e-03
 1.07064 1.60742e-03
 1.08291 2.39316e-03
 1.09519 0.00000e+00
 1.10746 3.15051e-03
 1.11973 5.48203e-03
 1.13200 3.89266e-03
 1.14427 4.65525e-03
 1.15655 0.00000e+00
 1.16882 2.31034e-03
 1.18109 7.68111e-04
 1.19336 0.00000e+00
 1.20563 1.53116e-03
 1.21790 7.65369e-04
 1.23018 3.82467e-03
 1.24245 0.00000e+00
 1.25472 3.06400e-03
 1.26699 7.66359e-04
 1.27926 7.68020e-04
 1.29154 3.85347e-03
 1.30381 2.31868e-03
 1.31608 3.09814e-03
 1.32835 7.80093e-04
 1.34062 3.12679e-03
 1.35290 2.35717e-03
 1.36517 0.00000e+00
 1.37744 3.17487e-03
 1.38971 1.59785e-03
 1.40198 2.41742e-03
 1.41425 8.11368e-04
 1.42653 2.45544e-03
 1.43880 4.12379e-03
 1.45107 8.30332e-04
 1.46334 5.02518e-03
 1.47561 1.69806e-03
 1.48789 2.55244e-03
 1.50016 1.72088e-03
 1.51243 1.74326e-03
 1.52470 3.51503e-03
 1.53697 2.65688e-03
 1.54925 0.00000e+00
 1.56152 6.35214e-03
 1.57379 9.20082e-04
 1.58606 1.85050e-03
 1.59833 3.74217e-03
 1.61060 2.84056e-03
 1.62288 9.57015e-04
 1.63515 1.94073e-03
 1.64742 9.79944e-04
 1.65969 0.00000e+00
 1.67196 2.00779e-03
 1.68424 3.04901e-03
 1.69651 4.10567e-03
 1.70878 1.03542e-03
 1.72105 4.20952e-03
 1.73332 1.06219e-03
 1.74560 2.15206e-03
 1.75787 0.00000e+00
 1.77014 0.00000e+00
 1.78241 2.21587e-03
 1.79468 1.12147e-03
 1.80695 4.51692e-03
 1.81923 0.00000e+00
 1.83150 1.15434e-03
 1.84377 2.31836e-03
 1.85604 1.16686e-03
 1.86831 0.00000e+00
 1.88059 1.18540e-03
 1.89286 1.19844e-03
 1.90513 4.81996e-03
 1.91740 1.21606e-03
 1.92967 0.00000e+00
 1.94195 1.22584e-03
 1.95422 2.47102e-03
 1.96649 1.24151e-03
 1.97876 1.24309e-03
 1.99103 0.00000e+00
 2.00330 5.01407e-03
 2.01558 2.51635e-03
 2.02785 3.78591e-03
 2.04012 0.00000e+00
 2.05239 2.53295e-03
 2.06466 1.26858e-03
 2.07694 1.27019e-03
 2.08921 3.81159e-03
 2.10148 1.27102e-03
 2.11375 2.54199e-03
 2.12602 3.81076e-03
 2.13830 2.53899e-03
 2.15057 1.26774e-03
 2.16284 1.26610e-03
 2.17511 0.00000e+00
 2.18738 2.52321e-03
 2.19965 2.51795e-03
 2.21193 0.00000e+00
 2.22420 2.50869e-03
 2.23647 2.49776e-03
 2.24874 2.48737e-03
 2.26101 6.20731e-03
 2.27329 2.47252e-03
 2.28556 2.46202e-03
 2.29783 1.22956e-03
 2.31010 4.89079e-03
 2.32237 1.21735e-03
 2.33465 2.42582e-03
 2.34692 0.00000e+00
 2.35919 2.40865e-03
 2.37146 1.20002e-03
 2.38373 0.00000e+00
 2.39600 2.37369e-03
 2.40828 1.17948e-03
 2.42055 0.00000e+00
 2.43282 0.00000e+00
 2.44509 3.49649e-03
 2.45736 0.00000e+00
 2.46964 4.61653e-03
 2.48191 1.15106e-03
 2.49418 2.28745e-03
 2.50645 1.13827e-03
 2.51872 4.52939e-03
 2.53100 1.12691e-03
 2.54327 2.24366e-03
 2.55554 1.11671e-03
 2.56781 1.11293e-03
 2.58008 3.32517e-03
 2.59235 2.20238e-03
 2.60463 2.19777e-03
 2.61690 1.09472e-03
 2.62917 1.08964e-03
 2.64144 1.08491e-03
 2.65371 2.15550e-03
 2.66599 4.29806e-03
 2.67826 4.27777e-03
 2.69053 2.12891e-03
 2.70280 0.00000e+00
 2.71507 2.11574e-03
 2.72735 0.00000e+00
 2.73962 2.10021e-03
 2.75189 3.13319e-03
 2.76416 3.12663e-03
 2.77643 1.03749e-03
 2.78870 1.03611e-03
 2.80098 3.09139e-03
 2.81325 1.02639e-03
 2.82552 1.02485e-03
 2.83779 1.02185e-03
 2.85006 2.03386e-03
 2.86234 2.02637e-03
 2.87461 1.01167e-03
 2.88688 6.04955e-03
 2.89915 2.00900e-03
 2.91142 1.00098e-03
 2.92370 2.99749e-03
 2.93597 2.99204e-03
 2.94824 2.98341e-03
 2.96051 0.00000e+00
 2.97278 9.89428e-04
 2.98505 1.97339e-03
 2.99733 9.83946e-04
 3.00960 9.81950e-04
 3.02187 9.80275e-04
 3.03414 9.78103e-04
 3.04641 1.95070e-03
 3.05869 9.74237e-04
 3.07096 1.94309e-03
 3.08323 9.69639e-04
 3.09550 2.90150e-03
 3.10777 1.93245e-03
 3.12005 2.89203e-03
 3.13232 3.85165e-03
 3.14459 9.60841e-04
 3.15686 9.58969e-04
 3.16913 0.00000e+00
 3.18140 3.82500e-03
 3.19368 0.00000e+00
 3.20595 1.90756e-03
 3.21822 2.85658e-03
 3.23049 0.00000e+00
 3.24276 1.90003e-03
 3.25504 2.84583e-03
 3.26731 9.47700e-04
 3.27958 1.89382e-03
 3.29185 9.45350e-04
 3.30412 9.44488e-04
 3.31640 3.77522e-03
 3.32867 9.43409e-04
 3.34094 9.42756e-04
 3.35321 2.82573e-03
 3.36548 2.82428e-03
 3.37775 1.88156e-03
 3.39003 0.00000e+00
 3.40230 5.63839e-03
 3.41457 1.87899e-03
 3.42684 3.75597e-03
 3.43911 2.81604e-03
 3.45139 2.81542e-03
 3.46366 1.87666e-03
 3.47593 1.87649e-03
 3.48820 9.38140e-04
 3.50047 0.00000e+00
 3.51275 9.38194e-04
 3.52502 1.87657e-03
 3.53729 2.81534e-03
 3.54956 9.38618e-04
 3.56183 1.87782e-03
 3.57410 9.39134e-04
 3.58638 1.87899e-03
 3.59865 3.76061e-03
 3.61092 1.88098e-03
 3.62319 7.52973e-03
 3.63546 9.41833e-04
 3.64774 3.76986e-03
 3.66001 3.77223e-03
 3.67228 1.88757e-03
 3.68455 1.88958e-03
 3.69682 9.46062e-04
 3.70910 9.46226e-04
 3.72137 1.89605e-03
 3.73364 9.48932e-04
 3.74591 9.50498e-04
 3.75818 9.51427e-04
 3.77045 1.90489e-03
 3.78273 3.81581e-03
 3.79500 0.00000e+00
 3.80727 2.87047e-03
 3.81954 0.00000e+00
 3.83181 5.76030e-03
 3.84409 9.62421e-04
 3.85636 9.63633e-04
 3.86863 2.89614e-03
 3.88090 9.66619e-04
 3.89317 1.93898e-03
 3.90545 4.85722e-03
 3.91772 3.89280e-03
 3.92999 2.92743e-03
 3.94226 3.90865e-03
 3.95453 0.00000e+00
 3.96680 3.93113e-03
 3.97908 3.93951e-03
 3.99135 0.00000e+00
 4.00362 2.96789e-03
 4.01589 9.92992e-04
 4.02816 9.94340e-04
 4.04044 1.99534e-03
 4.05271 0.00000e+00
 4.06498 2.00871e-03
 4.07725 1.00742e-03
 4.08952 1.00807e-03
 4.10180 1.01302e-03
 4.11407 4.06154e-03
 4.12634 3.05690e-03
 4.13861 1.02353e-03
 4.15088 2.05027e-03
 4.16315 0.00000e+00
 4.17543 2.06499e-03
 4.18770 3.10625e-03
 4.19997 1.04090e-03
 4.21224 0.00000e+00
 4.22451 3.14008e-03
 4.23679 2.10059e-03
 4.24906 2.10803e-03
 4.26133 3.16935e-03
 4.27360 2.12164e-03
 4.28587 1.06404e-03
 4.29815 3.20554e-03
 4.31042 2.14666e-03
 4.32269 1.07508e-03
 4.33496 1.07989e-03
 4.34723 0.00000e+00
 4.35950 2.17663e-03
 4.37178 2.18271e-03
 4.38405 4.38382e-03
 4.39632 0.00000e+00
 4.40859 1.10259e-03
 4.42086 0.00000e+00
 4.43314 1.11121e-03
 4.44541 1.11377e-03
 4.45768 3.35347e-03
 4.46995 2.24448e-03
 4.48222 1.12605e-03
 4.49450 1.12870e-03
 4.50677 1.13281e-03
 4.51904 1.13592e-03
 4.53131 2.28026e-03
 4.54358 1.14140e-03
 4.55585 3.43888e-03
 4.56813 2.29677e-03
 4.58040 1.15108e-03
 4.59267 3.45949e-03
 4.60494 3.46884e-03
 4.61721 3.47413e-03
 4.62949 3.48289e-03
 4.64176 1.16275e-03
 4.65403 2.32937e-03
 4.66630 4.66424e-03
 4.67857 1.16656e-03
 4.69085 2.33687e-03
 4.70312 2.33736e-03
 4.71539 3.50934e-03
 4.72766 0.00000e+00
 4.73993 3.51058e-03
 4.75220 1.16998e-03
 4.76448 0.00000e+00
 4.77675 0.00000e+00
 4.78902 1.16786e-03
 4.80129 1.16728e-03
 4.81356 1.16587e-03
 4.82584 0.00000e+00
 4.83811 3.48503e-03
 4.85038 3.47455e-03
 4.86265 1.15686e-03
 4.87492 2.30961e-03
 4.88720 1.15062e-03
 4.89947 0.00000e+00
 4.91174 2.28289e-03
 4.92401 2.28117e-03
 4.93628 2.26572e-03
 4.94855 1.12761e-03
 4.96083 3.37448e-03
 4.97310 1.11962e-03
 4.98537 2.22827e-03
 4.99764 0.00000e+00
 5.00991 2.21018e-03
 5.02219 2.19054e-03
 5.03446 2.17606e-03
 5.04673 0.00000e+00
 5.05900 2.15663e-03
 5.07127 1.06899e-03
 5.08355 0.00000e+00
 5.09582 2.11275e-03
 5.10809 0.00000e+00
 5.12036 2.07987e-03
 5.13263 2.06789e-03
 5.14490 2.04911e-03
 5.15718 1.01673e-03
 5.16945 2.01384e-03
 5.18172 0.00000e+00
 5.19399 3.96571e-03
 5.20626 1.96542e-03
 5.21854 5.86172e-03
 5.23081 3.86789e-03
 5.24308 2.87852e-03
 5.25535 2.85468e-03
 5.26762 1.88279e-03
 5.27990 0.00000e+00
 5.29217 9.29025e-04
 5.30444 9.16626e-04
 5.31671 2.73101e-03
 5.32898 2.71884e-03
 5.34125 1.79419e-03
 5.35353 1.78303e-03
 5.36580 2.64228e-03
 5.37807 2.61789e-03
 5.39034 1.73468e-03
 5.40261 8.56441e-04
 5.41489 3.40842e-03
 5.42716 1.68734e-03
 5.43943 3.36216e-03
 5.45170 1.66595e-03
 5.46397 1.65364e-03
 5.47625 3.27885e-03
 5.48852 8.12519e-04
 5.50079 8.08206e-04
 5.51306 3.20897e-03
 5.52533 4.78236e-03
 5.53760 3.95802e-03
 5.54988 2.36138e-03
 5.56215 1.56701e-03
 5.57442 1.55520e-03
 5.58669 2.31886e-03
 5.59896 3.84232e-03
 5.61124 2.29702e-03
 5.62351 3.80797e-03
 5.63578 1.51274e-03
 5.64805 1.50870e-03
 5.66032 1.50417e-03
 5.67260 1.49738e-03
 5.68487 2.98258e-03
 5.69714 7.42796e-04
 5.70941 2.96795e-03
 5.72168 2.95879e-03
 5.73395 1.47496e-03
 5.74623 0.00000e+00
 5.75850 1.46992e-03
 5.77077 2.20254e-03
 5.78304 0.00000e+00
 5.79531 0.00000e+00
 5.80759 1.46508e-03
 5.81986 3.66293e-03
 5.83213 1.46601e-03
 5.84440 2.20011e-03
 5.85667 3.67243e-03
 5.86895 7.35565e-04
 5.88122 3.68250e-03
 5.89349 3.68904e-03
 5.90576 7.40925e-04
 5.91803 1.48520e-03
 5.93030 2.98007e-03
 5.94258 1.49665e-03
 5.95485 4.50481e-03
 5.96712 7.55346e-04
 5.97939 1.51524e-03
 5.99166 2.28574e-03
 6.00394 4.59164e-03
 6.01621 0.00000e+00
 6.02848 2.32870e-03
 6.04075 7.82753e-04
 6.05302 2.35850e-03
 6.06530 1.58117e-03
 6.07757 2.39987e-03
 6.08984 1.60949e-03
 6.10211 4.86972e-03
 6.11438 2.46790e-03
 6.12665 1.66094e-03
 6.13893 1.67153e-03
 6.15120 8.48721e-04
 6.16347 3.42679e-03
 6.17574 1.73226e-03
 6.18801 1.75063e-03
 6.20029 8.83399e-04
 6.21256 9.01777e-04
 6.22483 3.63108e-03
 6.23710 3.68517e-03
 6.24937 2.80572e-03
 6.26165 1.89672e-03
 6.27392 1.92131e-03
 6.28619 2.92933e-03
 6.29846 9.88938e-04
 6.31073 4.03879e-03
 6.32300 0.00000e+00
 6.33528 1.04925e-03
 6.34755 3.18361e-03
 6.35982 1.07231e-03
 6.37209 1.09412e-03
 6.38436 0.00000e+00
 6.39664 5.71611e-03
 6.40891 5.81775e-03
 6.42118 1.19310e-03
 6.43345 6.02698e-03
 6.44572 1.23907e-03
 6.45800 2.52541e-03
 6.47027 3.87820e-03
 6.48254 0.00000e+00
 6.49481 2.68447e-03
 6.50708 4.16580e-03
 6.51935 0.00000e+00
 6.53163 4.38623e-03
 6.54390 1.47255e-03
 6.55617 3.02753e-03
 6.56844 4.69750e-03
 6.58071 1.60194e-03
 6.59299 0.00000e+00
 6.60526 0.00000e+00
 6.61753 0.00000e+00
 6.62980 1.77201e-03
 6.64207 7.36464e-03
 6.65435 1.90974e-03
 6.66662 0.00000e+00
 6.67889 0.00000e+00
 6.69116 2.04204e-03
 6.70343 2.11323e-03
 6.71570 0.00000e+00
 6.72798 0.00000e+00
 6.74025 4.66222e-03
 6.75252 2.38224e-03
 6.76479 0.00000e+00
 6.77706 0.00000e+00
