# npar = 1, n_ded = 0
#         weight            chi2        param[0]
#                                     alpha_topo
      1.55697543              -0      5.59301177
      1.55158804              -0      5.60549324
      2.03123757              -0      6.44587691
      1.78134389              -0      5.23488878
      1.58000878              -2       5.5449681
      1.99342729              -0      6.42343753
      1.96650909              -6       4.6350654
      1.76941126              -4       3.2047325
       2.2560509              -0      6.56487621
      1.76839122              -0      5.25363276
      1.57210963              -0       5.5606428
      2.22207021              -9     0.669186426
      1.75791384              -7      3.65338694
      1.54417512              -0       5.6237666
      1.75862061              -7       3.3266963
      1.52799938              -0      5.94917716
      1.50564761              -0       5.8182895
      1.51138657              -0      5.88273885
      1.71996622              -9      1.56175373
      1.54756782              -0      5.99834353
      1.69604939              -9      1.53418536
      1.69389234              -9      1.53163981
      1.85168804              -9      1.70480192
      1.84978183              -7      4.18004366
      2.05637357              -0      6.46033729
        1.837467              -9      1.68931137
      1.63368584              -9       1.0246813
      1.57706388              -9      1.11020862
      1.76996456              -4       3.7851053
      1.51459696              -0      5.72352962
       2.0005101              -5      1.89900969
      1.78180432              -1      3.87061265
      1.87487019              -7      4.26880883
      1.76339092              -1      3.72336711
      1.74548399              -0      6.24603277
      1.77606097              -4      3.83198317
      1.84261675              -5      1.69490187
       1.8243906              -0       5.1706299
      1.75352909              -4      3.54851565
      1.77497966              -5      3.15849211
      1.63679824              -9      1.02104287
      1.72982021              -0      5.30882623
      1.63337239              -0      6.13203864
      1.96088456              -2      4.86927308
      2.04700697              -7      2.20135664
      1.78578781              -4      3.89514133
      1.78403366              -0      5.23097196
      2.00650215              -2      1.91007012
      1.56606342              -9      1.13606491
       1.8062481              -7      2.97072169
      1.61481267              -9      1.42593439
      2.05266741              -9       2.0480579
      1.85961926              -2      2.75801395
      1.76525202              -4       5.2581511
      1.84199616              -0      5.14294236
      1.79452683              -9     0.885765608
      1.76517414              -1      3.24554506
      1.94815525              -0      6.39535504
      1.50898037              -0      5.75855851
      1.64136078              -5      1.01582801
      1.55202703              -0      5.60445328
      2.04275312              -2      2.00044001
       1.8231291              -9      1.67383356
      1.51922549              -0      5.91958218
      1.85368367              -7      2.77826286
      1.96229897              -2      2.46479622
      1.60360648              -9      1.06420209
      1.82981629              -7      4.10399122
      1.56981714              -9      1.33769541
      2.20386913              -0       6.5390912
      1.54889299              -9      1.22679524
      2.04609288              -4      2.01349969
      1.77520059              -0       5.2438012
      1.66752864              -9     0.988211129
      1.79296929              -1      3.93584006
      1.82187328              -0      6.30802428
      1.67458892              -0      6.17841765
       1.7565721              -2      3.36149754
      1.78316689              -5      3.10027327
       1.7943768              -7      6.28671334
      1.59377035              -0      6.07935493
      1.75445293              -7      3.41092534
      2.00020465              -0      6.42752395
      1.77256058              -7      3.17775273
      1.96797627              -5      2.44989857
      1.62884784              -0      6.12649775
      1.83469674              -2      4.12321665
      1.96766677              -5      4.64388142
      1.62047198              -0      6.11595354
      2.01249143              -5      1.92179243
      1.83346527              -0      5.15649388
      1.71997701              -0      5.32289802
      1.51261285              -4      5.88972083
      1.56568371              -2      5.57396396
      1.63094716              -9      1.45031022
      1.87696568              -0      4.27602957
      2.57367768              -9      0.54241937
      1.63633646              -9      1.02157843
      1.95629016              -6      4.57386337
      1.75654783              -4      3.36196263
      1.77347684              -4      3.81299972
      1.96722561              -0      6.40735712
      1.52535464              -0      5.67922196
      1.90882231              -1      5.02167237
       1.8301138              -7      2.86574464
      2.13880184              -0      6.50551848
      1.84013335              -4      4.14410813
      1.75894629              -4       3.3217892
      1.82395273              -2      2.89093102
      1.75132169              -0      6.25110358
      1.58579724              -9      1.37441294
      1.58229252              -0      6.06185168
      1.60235269              -5      1.40535166
       1.8868217              -4      2.67187763
      2.03428319              -1       2.2563397
      1.61517205              -0       5.4818252
        1.755197              -4      3.60189877
      1.79359789              -4        3.939222
      1.96277361              -0      6.40457847
      2.05666215              -4      2.11122053
      1.82491535              -4      4.08417212
      1.76751126              -0       6.2648473
      1.76836113              -7      3.21430061
      1.68894944              -9      1.52576351
      1.89298328              -2      1.75114552
      1.50819637              -0      5.76536769
      2.03392495              -9      2.25767126
      1.61890479              -9      1.43232836
      1.75614231              -7      3.62230522
      1.85068444              -0      5.12883757
      1.75886404              -7      3.66767961
      1.82153397              -7      4.07016119
      1.82610862              -5      2.88198778
       1.6409888              -9      1.46451302
      1.81634026              -2      2.92374581
      1.76802948              -0      5.25415385
      2.01112053              -5      2.33185828
      2.05512625              -4      2.14286313
      2.00227345              -7      2.35738301
       1.7920989              -5      3.04545993
      1.94095186              -4      4.94206244
      1.94877799              -1      4.91726765
      1.81839669              -5      1.66874622
       1.9736246              -4      4.71621111
      1.72017187              -9      1.56198624
      1.99789459              -5      1.89436154
      1.81785788              -5      2.91704048
      1.59021048              -9      1.08547898
      1.58065896              -0      5.54370842
      1.86682229              -5      2.73421709
       1.7564096              -2      3.62748427
      1.62119229              -0      5.47180284
      1.51764782              -0      5.70916646
       1.6824377              -1      5.37722108
       1.5617792              -9      1.31402928
      1.76421056              -9     0.907056862
      1.96040713              -5      1.83599395
      1.56080083              -5       1.3107137
      1.80432625              -2      2.98019495
      1.91318441              -2      2.59598788
      1.76708362              -1      3.75991733
      1.53629717              -0      5.97199171
      1.98695856              -5      1.87591414
      1.97405566              -4      4.74097044
      1.50829585              -0      5.86066493
      1.94228984              -0      4.93805173
      1.92018126              -2      2.57671412
      1.86509435              -9      1.71958462
       1.7966165              -9      1.64539785
      1.75454052              -4      3.40834409
      1.75748561              -7      3.64648401
      2.04245667              -5      1.99936387
      1.50668382              -0      5.84315778
      1.78856658              -1      3.91137174
      1.96092788              -5      2.46839068
      1.84793092              -4      4.17325003
      1.92387388              -1      2.56665467
      1.58406874              -0      5.53717159
      1.75695823              -5      3.35429886
      1.55475655              -9      1.17465684
      1.82528758              -1      2.88537662
      1.87006651              -7      4.25217728
      1.67186542              -0      5.39285636
      2.03808941              -7      2.24165268
      1.68863014              -0      6.19283955
      2.19421097              -0      6.53421213
      1.77249289              -7      3.80545081
      2.15233115              -1      6.51263947
      1.55605108              -9      1.16893998
      1.95755845              -5      2.47722317
      1.79077533              -7      3.05313667
      1.60058389              -0      5.50694362
      1.59107413              -0      5.52407978
      1.75642303              -4        3.627739
      1.56245726              -9      1.14634955
       2.0277394              -5      1.95586262
        1.762159              -4       3.2791472
      1.95925108              -2      2.47278609
      1.96880672              -0      6.40834062
      1.50573698              -0      5.82320243
      1.57311132              -9      1.11877375
      1.84237125              -6      4.15256417
        1.821842              -9     0.867724126
      1.75342187              -1      3.54296894
      2.00493028              -9      1.90710924
      1.93738311              -5      1.80507884
      2.11203366              -0      6.49119596
       1.5498468              -9      1.20730614
      1.57738346              -0      5.55009977
        1.761429              -2      3.70117798
      1.57317835              -9      1.11862273
      1.76360904              -1      3.72569582
      2.00497572              -0      6.43038339
      1.82161407              -6      2.90080039
      1.71348828              -0       6.2170238
      1.56533247              -9      1.13805284
      2.02353098              -7      2.29355963
      1.54890582              -9      1.22584589
      1.88732107              -9      1.74462968
      1.75442377              -2      3.58152533
      1.87335224              -1      4.26356603
      1.85293769              -4     0.848291949
      1.94176935              -0      6.39127654
      1.55305575              -9      1.18325312
      1.94031411              -9      1.80887277
       1.9001649              -9     0.820655439
      1.95293944              -4      2.48933855
      1.54361583              -7       5.6252058
      1.97204589              -0      4.79188117
      1.76067655              -4      3.29770445
      1.51293303              -0      5.73236902
      1.54908773              -1      6.00160111
      1.75348032              -7      3.44783916
       1.5621903              -9      1.14716379
      1.56140978              -0      6.02608304
      1.64018983              -9      1.46340575
      2.57024251              -9     0.543540101
      1.65869806              -7      5.41264536
      1.90966934              -6      4.38832521
      1.77526327              -0      5.24371048
      1.97403107              -1      4.73479728
      1.56007154              -9      1.30815666
      1.95303599              -2      4.55774221
      1.75511201              -1      3.59986091
      1.52191206              -0      5.92948096
      1.76019024              -0      6.25868867
      1.76006875              -1       3.6841891
      2.46384295              -0      6.65946243
      1.84026995              -1      5.14570691
      1.96940934              -4      4.65865329
      1.53586498              -6      5.64623458
      1.79966404              -1      3.97062104
      2.04698176              -4      2.01732691
      1.73612453              -0      6.23776706
      1.97248591              -2      4.69365728
      1.75694921              -4      3.63734386
      1.51886184              -0      5.70394558
      1.78274636              -5      3.10304928
      1.85887559              -5      2.76051788
      1.63552328              -0      6.13463685
      1.91681613              -2      5.00406532
      2.03152759              -1       2.2663912
      1.79473632              -7      3.03055895
      1.68640542              -0      5.37140178
      2.05606567              -5      2.12904277
       1.9442744              -9     0.796535282
      1.79866112              -2      3.00927453
      1.75730968              -7      3.34804399
       1.6267319              -9       1.4441455
      1.54987508              -7      5.60959331
      1.63940845              -0      6.13927387
      1.79993754              -7      3.97198828
      1.81441122              -6      2.93239536
      1.88803818              -7        4.313966
      1.61598247              -1      1.42777863
       1.9207012              -1      2.57529329
      1.94786148              -1      4.53391566
      1.51874848              -0      5.70442316
      1.62527957              -9      1.44199066
      1.85112749              -6      4.18495595
      1.75327017              -5       3.4603438
      2.02445869              -5      2.29053223
      1.60446548              -9      1.06293521
      2.05356225              -9      2.05469272
      2.43343446              -0      6.64631935
      1.75630699              -2      3.62552139
      1.55717482              -9      1.29710491
      1.72045892              -0      6.22353152
      2.06994246              -0       6.4680024
      1.94956852              -1      4.91455821
      1.81507056              -7      4.04250433
      1.57645823              -7      1.35413278
      1.55032386              -9      1.25773446
      1.83432694              -9     0.859790762
      1.92986467              -2      4.97260013
      1.56827338              -5      1.13030513
      2.00779468              -0      6.43206626
      1.72320039              -0      5.31828611
      1.75387348              -6      3.43043615
      1.89086147              -5      2.65984706
      2.04901255              -7       2.0268215
      1.77910637              -7      3.12797402
      1.91847426              -5      2.58138948
      1.57238333              -9      1.12042787
      1.82983914              -5       2.8668437
      1.81663856              -7      2.92242105
      1.92232545              -0      4.43325587
      1.65288494              -9      1.48059269
      2.01851963              -4      2.30946963
      1.78842924              -5       3.0670976
      1.50683312              -0      5.84518839
      1.55077113              -9      1.26177035
      1.61053727              -1      6.10291367
      1.90426388              -6      4.36957337
      1.97370759              -6       4.7187036
      2.02886042              -9     0.753898609
      2.06608176              -0      6.46583121
      2.01448249              -9      0.76085475
      1.57047022              -9       1.1249048
      1.75388171              -2      3.43011983
      1.75357757              -7      3.44301601
      1.82848214              -4      2.87230537
      1.51344978              -0      5.89413228
      1.97093713              -4      4.67389904
      1.82745561              -0      6.31223183
      1.84894688              -5     0.850726271
      1.86470832              -7      2.74111815
       1.7881576              -2       3.9090239
      1.97034621              -6      4.80990355
      1.59466403              -1       6.0806666
      1.60627844              -0      6.09712738
      1.79421633              -4      3.94252414
      2.38675816              -5     0.606443522
      2.05607735              -5      2.12882228
      1.85708012              -1      2.76660151
      1.57985149              -9      1.10453523
      1.99921834              -4      2.36596157
      1.92462669              -0      4.44164833
      1.88264913              -0      6.35194834
      2.05035523              -9      2.03384036
      1.52860441              -1      5.66830358
      1.96364386              -4      4.85535948
       1.8698052              -6      5.09646668
      1.51229936              -0      5.88799955
      1.95934628              -1      4.59009868
      1.75313456              -2      3.47144281
      1.78695004              -4      3.90201065
      1.59164644              -2      1.08304212
      1.74968497              -9      1.59475573
      1.79462336              -4      5.21544963
      1.78292588              -1      3.87768345
      2.05586653              -9      2.13253797
      1.54802547              -0      5.99933074
      1.77993937              -0      6.27510071
      1.60799405              -2      6.09947334
      1.90271983              -7      2.62542266
       1.8632706              -7      4.22840764
      1.55335185              -0      5.60134042
      1.75365251              -7      3.43957185
      1.57057148              -9      1.33967421
      1.81097048              -1      2.94819426
      1.92305384              -1      4.98950779
      1.57244979              -9      1.34446622
      1.56134083              -9      1.14981185
      1.51613306              -7      5.71604727
      1.78374626              -1      3.09648122
       2.0332018              -5      1.97025839
      1.52965612              -7      5.95404239
      2.55821777              -9     0.547478203
      1.82598664              -7      2.88248992
       1.5552513              -9      1.28869232
      1.93978598              -2      1.80818645
      1.75331755              -2      3.45718388
       1.6078424              -9      1.41464703
      1.70266689              -0      5.34777236
      1.82741399              -0       6.3122006
      1.81257339              -2      5.18867279
      1.79336408              -1      3.93796712
      1.53165093              -0      5.95967657
      1.89264132              -5      2.65459837
      1.59628795              -0       5.5146012
      2.41977547              -9     0.594644782
       1.5695127              -9      1.33688736
       1.9700939              -1      4.66514128
      1.88304633              -1      2.68327634
      2.22927098              -0       6.5517616
      2.04630853              -9     0.745599838
      2.04875484              -7      2.19179655
      1.96204582              -7      4.60562696
      1.91335271              -2      2.59552073
      1.82486711              -4      2.88712018
      1.81476297              -1      2.93080735
      1.90194246              -7      4.36157117
      1.70062926              -9     0.957493556
      1.75534097              -4      3.60526137
      1.97546278              -9     0.780311797
      1.79881121              -0      5.20926012
      2.67460342              -0      6.74532509
      1.78996182              -4      3.91928146
      1.69289766              -0      6.19710775
      1.56511063              -9      1.13866509
      1.64610057              -9      1.01055015
      1.84511965              -5      1.69762633
      1.78229237              -1      3.10606896
      1.62593649              -5      1.44296736
      1.76411044              -2      3.25686826
      1.57731881              -9      1.10967811
      1.57834869              -9      1.10755945
      1.75917275              -2      3.67206406
      1.77224969              -2      3.80355503
       1.9002955              -0      5.03939461
      1.75806537              -7      3.65575528
      1.76762629              -4      3.22119255
      1.83339398              -9       1.6849027
      1.91049989              -5      2.60346461
      1.57443728              -0      6.04907375
      1.65935297              -0      6.16204357
      1.80697433              -1      4.00593528
      1.75449972              -4      3.58374302
      1.75564764              -7      3.38049246
      2.46621361              -9     0.578427236
      1.90818118              -6      4.38314353
        1.833554              -6       2.8521539
      1.57421247              -4      6.04869719
      1.95717814              -0       4.8857644
      1.80527525              -0      5.19964086
      1.51855498              -4      5.70524294
      1.57513613              -0      5.55455272
      1.64425124              -0      5.43486517
      1.75328801              -4      3.53490727
       1.7530201              -5      3.48843757
      1.77632247              -7      3.83384219
      1.75601692              -1      3.37256249
      1.55061521              -9      1.26042292
      1.52673801              -0      5.94534733
      1.75698672              -0      5.27001329
      1.88321438              -1      4.29747131
      1.87100948              -4      4.25545178
       1.8098439              -1       4.0191705
       1.6668636              -9     0.988871282
      1.58020329              -0       6.0585223
      2.05642689              -5      2.09022264
      1.95876442              -4      4.58691023
      1.85268808              -4      5.12553645
      1.65354971              -9      1.48147047
      1.94817507              -2      4.53530815
       1.5582804              -9      1.30151367
       1.9727086              -4      4.69717471
      1.55616514              -9      1.16846246
      1.88927441              -1      4.31818983
      1.68789775              -5      1.52450514
      2.69149744              -9     0.505060465
      1.93697813              -2      4.95351854
      2.00471898              -0      6.43022988
      1.96004653              -7      4.59400474
      2.26174532              -9     0.653412949
      2.00331996              -1      2.35441979
       1.8742828              -4      2.71037069
      1.94913059              -7      4.53958835
      1.65521428              -9      1.00076479
      1.79984066              -1      3.97150441
      1.86528588              -1      4.23549034
      1.52717718              -0      5.94669379
      1.78401723              -9      1.63189079
      1.84754354              -7      2.79988669
      1.75515738              -4      3.60095384
      1.58453457              -4      5.53628731
      2.02898031              -4      1.95900136
      1.95204728              -0      6.39782589
      1.66028401              -0      5.41024064
      2.03447624              -1      1.97385852
      1.61991728              -9      1.43388633
      1.82943887              -9      0.86287494
      1.90107092              -4      4.35857312
      1.97446898              -0      6.41184858
      1.75317732              -4      3.46749311
      1.71849742              -7      5.32501656
       1.7197595              -9      1.56151995
      1.91678724              -1      5.00413094
      1.60393743              -0      5.50105399
      1.51278809              -0      5.89066589
      1.96845034              -0      6.40811909
      1.68551358              -5      1.52164148
      1.54398368              -0      5.99041124
      1.55006589              -9      1.25512066
      1.78201873              -7      3.87197499
      1.88423736              -7      4.30097211
      1.76860771              -4      3.77354124
      1.55811519              -6      5.59044474
      1.97200325              -4      2.43930485
      2.05604145              -5       2.0819176
      1.65388806              -9      1.48191645
      1.54893921              -9      1.23572939
      1.75773443              -1      3.65053381
      2.05669361              -5       2.1079444
      1.73778244              -9      1.58166789
      1.96363927              -2      4.85538414
      1.59203433              -0      5.52231806
      1.97155303              -4      4.79772501
      2.04356892              -9      2.21820869
      1.52985157              -4      5.95460482
      1.83377176              -1       2.8513043
      1.51620225              -0      5.71572305
       1.5118688              -0      5.88556699
      1.75619907              -2      3.62342325
       1.5375688              -0      5.64142088
      1.76315924              -5      3.26746095
      1.78086023              -7      3.11575588
      2.05613824              -1      2.12763813
      1.75682829              -2      3.35668089
      1.78110967              -4      3.86616302
      1.63844671              -9      1.46097699
      1.58718951              -0      5.53128582
      1.85234511              -5      2.78291579
      1.59077267              -9      1.08451979
      1.76009453              -6      3.68452593
      1.79695425              -1      3.01840731
      1.90940398              -1      4.38740005
      1.60635933              -0      6.09723845
      1.59936149              -9      1.07061939
      1.77180582              -7      3.18400622
      1.86363191              -9      0.84184919
      1.86086728              -6      4.21991881
      1.51043817              -0      5.87680148
      1.75917629              -2      3.31840348
      1.74848035              -9      1.59343766
       1.7616026              -6      3.70324177
      1.96421857              -5        1.841395
      1.91742757              -9      0.81103888
      2.32058745              -9     0.630822905
      1.93559143              -4      4.48308371
      1.80567521              -7      3.99983467
      1.66698578              -9      1.49880553
      1.90682708              -0      6.36839228
      1.80069172              -2      2.99864187
      1.65285105              -0      6.15479929
      1.58898365              -0      5.52794162
      2.04341217              -5      2.21892944
      1.74058365              -5      1.58476166
      1.53409305              -0      5.65137342
      1.93615853              -9      1.80350435
      1.72243929              -0      5.31937467
      1.67171998              -0      6.17539503
      1.75862466              -4      3.66419792
      1.81120042              -2      4.02531835
      1.76767759              -2      3.22070588
      1.87981193              -4      2.69316884
       1.9493888              -7      2.49866601
      1.56399931              -0      6.03085862
      1.93794512              -4      4.49238216
      1.52245622              -0      5.68969361
      2.00143176              -7      1.90067233
      2.04015731              -4      2.23318305
      1.97046184              -6      4.66884371
      1.75792882              -7      3.33761103
      1.80005887              -1      5.20740988
      1.91454163              -7      4.40541755
      1.77615767              -4      5.24241557
      1.50623687              -1      5.83601884
      1.77268808              -2      3.17670846
      1.55282947              -0      5.60256329
      2.05669778              -5      2.10707777
      2.14433843              -0      6.50844192
      1.51085273              -0      5.87946378
       1.8649516              -0      6.33956289
      1.75800371              -1      3.65479607
      1.51060399              -0      5.87787984
      1.89327739              -0      5.05330525
      1.94158058              -2      4.50711643
      1.79198687              -9      0.88749506
      1.93429178              -2      4.96092027
      1.90433186              -7      4.36980811
      1.54455743              -0      5.62278814
      1.75312668              -4      3.47223871
      1.96072676              -1      4.87002083
      1.54116228              -0      5.98389326
      2.01714232              -5      2.31372651
      1.77150809              -7      3.18650783
      1.79859094              -2      3.96521873
      1.52392912              -0      5.93637188
      1.54499175              -0      5.62168174
      1.82112219              -5       2.9028992
      1.78956104              -5      1.63783738
      2.02050244              -4      1.93878667
      1.75920843              -9      1.60513187
      1.93337139              -0      4.96339909
      1.93463554              -9      0.80168214
      1.70525953              -7      5.34403201
      1.55238312              -0      5.60361285
        2.054114              -2       2.1536798
      1.57368108              -0       5.5574669
      1.95341277              -0      6.39869013
      1.90692862              -0      5.02569479
      1.92778967              -7      4.45333357
      1.76610722              -7      3.75078738
      1.96696209              -1      4.83577461
      2.43292739              -0      6.64609836
      2.04374756              -9       2.0041397
      1.77984828              -6      3.12275579
      2.65170808              -0      6.73639438
      1.57306427              -9      1.11887988
      1.94832385              -0      4.91880467
      1.63929021              -0      5.44264274
       1.8450958              -9      1.69760035
      1.64987832              -9      1.00643854
      1.90737665              -4      2.61222574
      1.86339525              -4      4.22884664
      1.87198181              -1      2.71764426
      1.80575254              -0      6.29565249
      1.89015619              -5       2.6619355
      1.95842246              -5      2.47495818
      1.96258326              -1      4.86091033
      1.77693004              -2      3.14373472
      2.04385549              -2      6.45317924
      1.93152076              -9      1.79759558
      1.82439825              -4      2.88907091
      1.77922393              -7      3.12714211
      1.84969625              -9     0.850267892
       2.0294654              -2       2.2736536
      1.74027974              -0      6.24145783
      1.66283995              -0      6.16586302
      1.65342177              -1      5.42069222
      1.88669417              -0      6.35473668
       1.6251741              -0      5.46526943
      1.72273852              -2      1.56488238
      1.71129171              -0      5.33535178
       2.0284704              -2      2.27708764
      1.51287897              -0       5.8911514
      1.57587148              -9      1.35276049
      1.75497612              -2      3.39647523
      2.07517074              -9     0.732194892
      1.64403259              -9      1.01283608
      1.56853371              -5      1.33425029
      1.81514297              -5      2.92909727
      1.90219813              -7      5.03552372
      1.75904439              -5      3.32033736
      1.77665225              -7      3.83617146
       1.7542616              -5      1.59975148
       1.6383364              -9      1.46082269
      1.79391357              -1      3.94091065
      1.82836449              -6      1.67947246
      1.85870046              -4      2.76110889
      1.80755282              -0      5.19623092
      1.50841553              -0      5.86171086
      1.50976007              -7      5.87218213
      2.03450525              -4      2.25551033
      1.50562894              -1      5.80937805
      1.96390384              -7      4.85395462
      1.75314398              -4      3.52359858
      2.19766475              -0      6.53596089
      1.78604436              -7      3.08179186
      1.88725048              -7      4.31127431
       1.6206783              -0      6.11621798
      1.78792405              -7      3.90767702
      1.53204957              -0       5.6574848
      1.60834519              -4      6.09995097
      1.66614634              -9      1.49774357
      1.81401822              -1      4.03788102
      1.96575174              -4      4.62962121
      1.79173478              -5      3.04755812
      1.75295288              -0      6.25250925
      2.01686424              -2      2.31458058
      1.76948816              -1      3.78110113
      2.28808925              -0      6.58025676
      1.77898742              -7       3.1288177
      1.80169359              -2      3.98067641
      1.64477228              -0      5.43405304
      1.93635641              -5      2.53312011
       2.0423581              -5      1.99900864
      1.86945033              -0      6.34274069
      1.58149523              -0      6.06058674
      1.82426969              -2      4.08151908
      1.89300968              -9     0.824713032
      1.54892921              -7      1.23525586
      1.71882423              -5      1.56046139
      1.75644402              -6      3.62813608
      2.27575851              -0       6.5743758
       2.2219623              -4     0.669229965
      1.75333036              -6      3.45637113
      1.62823683              -6      5.46029205
      1.53041026              -0      5.95619975
      1.63597931              -9      1.02199364
      1.56531524              -0      6.03324336
      1.54605721              -0      5.99504481
      1.78989425              -1      3.91890186
      2.52674797              -9     0.557897739
      1.61902334              -9      1.04283602
      1.67986757              -0      5.38100395
      1.59154487              -9      1.38574237
      1.77579678              -4      3.83009411
      1.87362903              -4      5.08972945
      1.78792774              -4      3.90769833
      1.95371001              -1      4.56099801
      1.94638848              -5      2.50656298
      1.78986673              -6      3.91874714
      2.10280302              -9     0.719711333
      1.62669897              -2      1.03311011
      1.75472337              -4      3.40318154
      1.75570252              -7       3.6132687
      1.84983572              -6      5.13023018
      2.04928351              -2      2.02818311
      2.26397836              -0      6.56871254
      1.52248148              -0      5.68959886
      1.63762708              -9      1.45982867
      1.78758532              -7      3.07223682
      1.96199468              -6      4.60532006
       1.5889174              -4      5.52806461
      1.96495903              -5      1.84245525
      1.65490903              -4      5.41841652
      1.54532559              -1      5.62083498
      1.77293973              -9      1.61997995
        1.890814              -5      2.65998747
      1.55690164              -9       1.2959725
      1.69630983              -9      1.53449196
      1.57110815              -9       1.1233901
      1.87100814              -4      4.25544716
      1.84657929              -7      2.80334987
      1.76769826              -2      3.76549859
      1.92770694              -7      4.45302549
      1.96307378              -7      4.61191805
       1.7538815              -1      3.56353317
      1.68815164              -9       1.5248092
      1.88493208              -2       2.6775634
      2.42117924              -0      6.64096114
      1.79597402              -1      5.21345682
      1.78911941              -0      5.22353875
      1.78173522              -2      5.23431952
      2.53082413              -0      6.68769211
      1.55020743              -5      1.25658593
      2.04238465              -9     0.747452895
      1.55074393              -7      6.00508434
      1.92685318              -0      4.98022105
       1.8119212              -4      2.94377952
      1.55202119              -0      6.00772565
      1.83601752              -0      4.12834016
      1.96593278              -4      4.84228041
      1.67723345              -0      5.38489262
      1.83896131              -5      1.69093159
      1.68267418              -2      1.51821054
      1.88397664              -1      2.68045301
       1.9398123              -2      2.52394009
      1.56472028              -9      1.13975291
       1.6092601              -0      5.49185248
      1.66190614              -0      5.40778743
      1.57193775              -0      6.04485035
       1.8414177              -6      2.82222236
      1.56498888              -0      5.57543904
      1.58623049              -2      1.37529333
      1.52628994              -0      5.67599897
      1.54947866              -9      1.21207396
      1.58586572              -0      5.53377157
      1.86660572              -2      4.24011263
      1.61518221              -0      5.48180814
      1.56191861              -0      5.58204553
      1.96220998              -7      4.60661592
      1.83627973              -7      4.12935353
      2.05632923              -7      2.08773629
      1.95639332              -9     0.790155365
      1.59735917              -9      1.07374327
       1.6410928              -9      1.01613056
      1.54887959              -9      1.22831106
      1.67629127              -7      1.51041151
      1.53188726              -0      5.65797935
       1.8012687              -4      3.97858827
      1.75407954              -7      3.57062395
      1.83096776              -7      4.10857071
      1.62074014              -0      5.47254939
      1.71927828              -0       6.2224371
      1.64187154              -9      1.46573211
      1.75379512              -2       3.5601877
      1.56285114              -9      1.14516302
      2.58895343              -9     0.537458336
      1.75518915              -5      3.60171227
      1.97119675              -9      1.85153908
      1.79259714              -0       5.2184333
      2.05477222              -7      2.06548832
      1.50843877              -0      5.86191133
       1.9575759              -7      4.58054577
      1.84103161              -2       4.1475118
      1.76423345              -4      1.61057899
      2.00867237              -5      2.33903772
      1.82935349              -0      6.31365369
       1.6543812              -9      1.48256554
      1.78356243              -7      3.09768039
      1.75408736              -4      3.42264401
      1.75976411              -7      3.31002469
      2.04734198              -5      2.19958662
      1.87670048              -0      6.34781949
      1.98195415              -5      2.41294134
      1.79334978              -1      6.28589737
      1.55595095              -9      1.29187855
      1.63696172              -5      1.02085363
      1.72200334              -5      1.56405387
      1.85980702              -7      2.75738322
      1.62374712              -0      6.12012271
      1.88718137              -4      2.67079967
      1.52319124              -0      5.68696282
      1.96412318              -0      4.61860489
       2.0348037              -5       2.2543907
      1.55677932              -9      1.29545945
      1.67959206              -0      5.38141012
      1.80225938              -4      3.98344338
        1.754798              -5      3.40115326
      2.05617301              -1      2.08437204
      1.50565563              -0      5.80695776
      1.53773654              -1      5.64095332
      1.83319178              -7      4.11733868
      2.19832319              -0      6.53629377
      1.57484322              -7      1.35032195
      1.76969958              -1      3.20215975
      1.74325627              -1       5.2896451
      1.51178189              -0      5.73906831
      1.69278598              -7      5.36209141
       1.6351969              -0      5.44912446
      1.87185292              -9       1.7271206
      1.80569911              -7      3.99994755
      1.88359426              -1      5.07166828
      2.02496327              -4      2.28887358
       2.2336778              -0      6.55393649
       1.8983705              -5      2.63790453
      1.64840096              -2      5.42842068
      1.82315261              -7      5.17253835
      1.75598482              -0      5.27144838
      1.92726525              -7      2.55747671
      1.56166681              -9      1.31365464
      1.91184011              -7       2.5997259
      1.78604087              -0       5.2280427
      1.63305117              -0      5.45254699
       1.9706946              -4      4.67127756
      1.75386887              -2      3.43061412
      1.77996007              -7       3.1219759
      1.95348184              -1      4.55989134
      2.04976882              -2      2.18582199
      1.73324174              -0      6.23518611
      1.77352717              -0      6.26984138
      1.97404784              -1      4.74386334
      1.79125378              -4      3.92647384
      1.78911792              -7      3.91451552
      1.71737253              -0      6.22066386
      1.75459306              -4      3.40683112
      1.51702037              -0      5.91067876
       1.6026581              -9      1.40587927
      1.50680203              -0      5.84477636
      1.59849667              -0      6.08621569
      1.64122055              -2      1.01598628
      1.74854802              -9      1.59351174
      1.84292608              -5      2.81664737
      1.59787642              -9      1.39746278
      1.87894538              -2      4.28283566
       2.5650923              -0      6.70177692
      1.50562904              -0      5.81649895
      2.08478557              -0      6.47627967
      1.54482129              -0      5.99229822
       1.9581712              -0      6.40169123
      1.66071065              -0      6.16353601
      1.62317055              -9      1.43883173
      2.42147548              -0      6.64109109
      1.85207281              -2      4.18839386
      1.50567733              -0      5.82029837
        1.764339              -4      3.25439109
      1.76938204              -7       3.7802011
      1.91581118              -9      1.77814919
      1.76390316              -5      3.25913685
      1.83138891              -7      4.11023872
      1.70141639              -0      5.34957872
      1.56582201              -9      1.13671658
      2.11039042              -2      6.49030627
      1.52202076              -0      5.92986312
      1.76602139              -1      3.23687506
      1.79137967              -0      6.28432787
      1.81348151              -2      2.93661633
      1.64433479              -6      5.43473488
      1.89373194              -2      4.33342234
      1.50631544              -0       5.8374269
      1.77902116              -1      3.12857815
      1.78598976              -1      3.89634366
      1.81110567              -4      2.94756418
      1.75604111              -1      3.62028602
      1.71693367              -4      5.32725683
      1.55943807              -5      1.30586999
      1.94431824              -2      4.51856177
      1.77660756              -6      3.83585675
      1.51451841              -0      5.72392816
      1.58626124              -9      1.37535565
      1.80263368              -4      2.98869595
      1.56716067              -9      1.13316051
      1.76334422              -5       1.6096163
      1.94398699              -5       2.5128966
      1.77010808              -4      3.78630027
       1.5612822              -9       1.3123606
      1.96611883              -7      4.63223138
      1.51932944              -0      5.91998293
      1.65872408              -9      0.99711312
      1.92927824              -1      4.45890018
      1.93268416              -2      4.47182188
      1.59450988              -0         5.51781
      1.97259289              -0      4.69531489
      1.75734174              -6      3.64409002
      2.01355408              -2      2.32461775
      1.77519307              -1      3.82573487
      1.93261765              -5      2.54309722
      1.62123274              -9       1.0399822
      1.85695834              -1      4.20600272
      1.69051325              -0      5.36540138
      1.76445865              -6      3.73453989
      1.90562334              -9     0.817588759
       1.8209138              -6      4.06755918
      1.67874974              -0      6.18275425
      1.79306698              -0      5.21774206
      1.87886825              -1      2.69607819
      1.53743569              -0      5.97485952
      1.75320411              -6      3.52881722
      1.80765017              -7      5.19608492
      1.75899784              -7      3.32102477
       2.0007065              -0      6.42782539
       1.8465315              -7      2.80352204
      1.75643517              -7       3.3641425
      1.86727177              -9      1.72200578
      1.50731979              -0      5.77433663
      1.87721017              -9      1.73314057
      1.86151502              -1      2.75167194
      1.89126941              -0       5.0571872
      1.97374565              -7      4.71994424
      1.50581205              -0      5.82596536
      1.77857303              -5      3.84942035
      1.72991904              -0      6.23219014
      1.88197698              -2      4.29323388
      1.92292871              -5      1.78685847
      1.75078176              -9     0.916985082
      1.50889404              -0      5.75926713
      1.75356132              -5      3.44379175
      2.38899329              -0      6.62671393
      1.75638616              -7       3.6270387
      1.50780797              -0      5.85613421
      1.73358428              -9      1.57701384
      1.72316719              -7      5.31833359
      1.93976105              -5      2.52407595
      1.60079028              -0      6.08947968
      1.59473649              -0      5.51739971
      1.95417204              -4      4.56325348
      1.97077932              -1      4.67218292
      1.98777749              -7      2.39732065
      1.53199697              -0        5.960631
      1.96362817              -6       4.6154148
      2.01921676              -9      2.30729731
      1.59259555              -0      6.07762008
      1.59322466              -5      1.38892268
      1.86749483              -9      1.72225415
      1.64535951              -0      5.43313876
      1.83849569              -7      2.83316976
       1.5496591              -9      1.20959501
      1.72333071              -0      6.22618061
      2.68491764              -0      6.74931992
      2.05281772              -6      2.16490188
      1.66590802              -0      6.16918731
      1.93171885              -7      4.46813173
      1.71482692              -9      1.55592071
      1.75466452              -4        3.404812
      1.93105891              -7      2.54727245
      2.29328875              -2     0.641189719
      1.54867527              -0        6.000723
       1.8013299              -2      3.97888959
      1.85937352              -4      5.11437709
      1.75829859              -7      3.65933102
       2.0315812              -5      2.26619961
      1.79293793              -1      3.93567063
      1.52225803              -0       5.9306928
      1.54816825              -0      5.61374835
      1.50849873              -7      5.86242472
      1.97279735              -7      4.69865399
      1.75447561              -5      3.41024962
      1.83302477              -7      4.11668367
       1.9358519              -7      4.95665293
      1.51954257              -0      5.70111759
      1.88409817              -5      2.68008492
      1.57376977              -5      1.11729951
      1.96732981              -1      4.83333269
      1.97009004              -1      2.44434164
        1.580772              -0      5.54348986
      2.03510752              -1      2.25324504
      1.58510173              -5      1.37298984
       1.5529364              -9      1.27669635
       1.9411063              -6      2.52051204
      1.75332979              -5      3.53759731
       1.9738636              -0       4.7566319
      1.94851409              -4      4.91816249
       1.9692431              -1      4.65714565
      1.50811553              -0      5.76612443
      1.86890134              -1       4.2481239
      1.79595805              -2       5.2134804
      1.59210096              -7       5.5221961
      1.85184073              -7      4.18755081
      1.77983111              -7      3.85782479
      1.98856952              -2      2.39518133
      1.55798333              -0      5.59074048
      1.75307742              -6      3.51621816
      1.65767056              -5      1.48686726
      1.90675008              -4      4.37817503
      1.76248641              -4      3.27525504
      1.60939536              -0      6.10137439
