10 1
0.25059312
1 -1 1 1
         5.905028716 
   0.562575645066069 
0.1059355
1 -1 1 1
         4.047396196 
    1.18872564798878 
0.083658092
1 -1 1 1
         3.378782785 
    1.19266701376003 
0
1 -1 1 1
                   0 
                   0 
0.11270367
1 -1 1 1
         3.796741218 
    1.23103810413982 
0.093748386
1 -1 1 1
         2.331789922 
   0.761634127652825 
0.04984745
1 -1 1 1
         3.720971379 
   0.953861498736979 
0.11198753
1 -1 1 1
         3.855272174 
    1.22511577100787 
0
1 -1 1 1
                   0 
                   0 
0.19152626
1 -1 1 1
         1.159331932 
   0.444274158870743 
