 0.50614 0.00000e+00
 0.51841 0.00000e+00
 0.53068 0.00000e+00
 0.54295 2.34515e-03
 0.55522 2.24482e-03
 0.56750 0.00000e+00
 0.57977 6.12143e-03
 0.59204 0.00000e+00
 0.60431 1.89307e-03
 0.61658 1.81395e-03
 0.62885 1.75839e-03
 0.64113 1.64703e-03
 0.65340 0.00000e+00
 0.66567 0.00000e+00
 0.67794 0.00000e+00
 0.69021 1.42795e-03
 0.70249 1.40366e-03
 0.71476 0.00000e+00
 0.72703 2.61297e-03
 0.73930 2.52928e-03
 0.75157 2.47703e-03
 0.76385 3.59227e-03
 0.77612 3.50739e-03
 0.78839 4.57718e-03
 0.80066 1.11716e-03
 0.81293 0.00000e+00
 0.82520 1.06742e-03
 0.83748 1.03019e-03
 0.84975 4.02889e-03
 0.86202 2.96152e-03
 0.87429 9.68094e-04
 0.88656 0.00000e+00
 0.89884 1.86726e-03
 0.91111 2.77579e-03
 0.92338 9.14987e-04
 0.93565 2.69341e-03
 0.94792 8.85777e-04
 0.96020 8.69435e-04
 0.97247 1.71684e-03
 0.98474 2.55371e-03
 0.99701 0.00000e+00
 1.00928 8.32468e-04
 1.02155 4.14222e-03
 1.03383 1.64479e-03
 1.04610 2.44840e-03
 1.05837 1.62536e-03
 1.07064 3.23653e-03
 1.08291 4.02661e-03
 1.09519 0.00000e+00
 1.10746 0.00000e+00
 1.11973 2.40122e-03
 1.13200 0.00000e+00
 1.14427 2.39906e-03
 1.15655 2.40176e-03
 1.16882 8.01174e-04
 1.18109 0.00000e+00
 1.19336 3.22548e-03
 1.20563 0.00000e+00
 1.21790 1.62138e-03
 1.23018 2.44896e-03
 1.24245 8.23389e-04
 1.25472 3.30384e-03
 1.26699 4.16171e-03
 1.27926 1.68037e-03
 1.29154 2.53320e-03
 1.30381 8.53093e-04
 1.31608 3.43851e-03
 1.32835 2.59817e-03
 1.34062 2.62848e-03
 1.35290 1.76342e-03
 1.36517 4.46011e-03
 1.37744 9.01857e-04
 1.38971 2.74045e-03
 1.40198 1.84828e-03
 1.41425 9.35685e-04
 1.42653 1.88924e-03
 1.43880 0.00000e+00
 1.45107 1.92789e-03
 1.46334 1.95632e-03
 1.47561 2.96315e-03
 1.48789 9.93785e-04
 1.50016 0.00000e+00
 1.51243 1.01613e-03
 1.52470 0.00000e+00
 1.53697 1.04403e-03
 1.54925 0.00000e+00
 1.56152 2.12882e-03
 1.57379 2.13675e-03
 1.58606 2.15467e-03
 1.59833 0.00000e+00
 1.61060 3.29863e-03
 1.62288 1.10746e-03
 1.63515 2.22906e-03
 1.64742 0.00000e+00
 1.65969 3.38227e-03
 1.67196 1.13431e-03
 1.68424 1.13989e-03
 1.69651 0.00000e+00
 1.70878 6.88264e-03
 1.72105 3.44861e-03
 1.73332 4.60599e-03
 1.74560 4.61422e-03
 1.75787 0.00000e+00
 1.77014 2.30967e-03
 1.78241 1.15436e-03
 1.79468 1.15418e-03
 1.80695 1.15245e-03
 1.81923 2.29916e-03
 1.83150 3.44166e-03
 1.84377 0.00000e+00
 1.85604 0.00000e+00
 1.86831 4.54681e-03
 1.88059 3.39917e-03
 1.89286 2.25618e-03
 1.90513 3.36804e-03
 1.91740 2.23823e-03
 1.92967 1.11027e-03
 1.94195 0.00000e+00
 1.95422 2.19962e-03
 1.96649 2.18858e-03
 1.97876 1.09249e-03
 1.99103 1.08530e-03
 2.00330 4.30852e-03
 2.01558 2.14686e-03
 2.02785 1.06351e-03
 2.04012 2.11749e-03
 2.05239 0.00000e+00
 2.06466 1.04565e-03
 2.07694 1.04389e-03
 2.08921 2.07267e-03
 2.10148 2.06135e-03
 2.11375 2.05215e-03
 2.12602 1.02293e-03
 2.13830 0.00000e+00
 2.15057 5.05413e-03
 2.16284 3.02014e-03
 2.17511 4.00896e-03
 2.18738 9.99762e-04
 2.19965 1.98829e-03
 2.21193 1.97960e-03
 2.22420 2.96236e-03
 2.23647 1.96634e-03
 2.24874 9.81065e-04
 2.26101 0.00000e+00
 2.27329 9.76257e-04
 2.28556 1.94642e-03
 2.29783 1.94145e-03
 2.31010 2.90553e-03
 2.32237 9.66970e-04
 2.33465 9.65301e-04
 2.34692 9.64694e-04
 2.35919 9.63340e-04
 2.37146 9.62020e-04
 2.38373 9.61319e-04
 2.39600 1.92217e-03
 2.40828 4.80344e-03
 2.42055 9.60358e-04
 2.43282 1.92068e-03
 2.44509 2.88149e-03
 2.45736 4.80369e-03
 2.46964 9.61191e-04
 2.48191 1.92344e-03
 2.49418 2.88670e-03
 2.50645 6.74217e-03
 2.51872 1.92772e-03
 2.53100 0.00000e+00
 2.54327 1.93311e-03
 2.55554 2.90244e-03
 2.56781 9.68497e-04
 2.58008 2.91013e-03
 2.59235 9.71707e-04
 2.60463 2.92076e-03
 2.61690 1.94902e-03
 2.62917 2.92855e-03
 2.64144 1.95634e-03
 2.65371 1.95943e-03
 2.66599 4.90603e-03
 2.67826 1.96574e-03
 2.69053 2.95188e-03
 2.70280 1.97263e-03
 2.71507 9.87721e-04
 2.72735 4.94724e-03
 2.73962 3.96257e-03
 2.75189 3.96951e-03
 2.76416 3.97549e-03
 2.77643 2.98650e-03
 2.78870 0.00000e+00
 2.80098 2.99340e-03
 2.81325 9.99623e-04
 2.82552 1.00043e-03
 2.83779 0.00000e+00
 2.85006 0.00000e+00
 2.86234 1.00319e-03
 2.87461 3.01021e-03
 2.88688 4.01614e-03
 2.89915 4.01837e-03
 2.91142 1.00494e-03
 2.92370 0.00000e+00
 2.93597 3.01556e-03
 2.94824 5.02575e-03
 2.96051 1.00498e-03
 2.97278 2.00944e-03
 2.98505 2.00789e-03
 2.99733 5.01792e-03
 3.00960 4.01143e-03
 3.02187 2.00424e-03
 3.03414 3.00367e-03
 3.04641 3.99961e-03
 3.05869 0.00000e+00
 3.07096 1.99511e-03
 3.08323 9.95781e-04
 3.09550 9.94790e-04
 3.10777 1.98664e-03
 3.12005 2.97219e-03
 3.13232 0.00000e+00
 3.14459 9.87872e-04
 3.15686 9.85484e-04
 3.16913 1.96371e-03
 3.18140 1.96166e-03
 3.19368 1.95659e-03
 3.20595 2.92688e-03
 3.21822 0.00000e+00
 3.23049 2.91152e-03
 3.24276 0.00000e+00
 3.25504 0.00000e+00
 3.26731 2.88931e-03
 3.27958 1.91997e-03
 3.29185 0.00000e+00
 3.30412 3.81350e-03
 3.31640 1.90265e-03
 3.32867 9.48476e-04
 3.34094 3.78101e-03
 3.35321 2.82644e-03
 3.36548 9.39832e-04
 3.37775 1.87206e-03
 3.39003 9.35002e-04
 3.40230 9.31245e-04
 3.41457 2.78490e-03
 3.42684 2.77567e-03
 3.43911 1.84665e-03
 3.45139 1.83963e-03
 3.46366 3.66665e-03
 3.47593 1.82734e-03
 3.48820 3.64566e-03
 3.50047 9.07725e-04
 3.51275 4.52898e-03
 3.52502 1.80837e-03
 3.53729 2.70305e-03
 3.54956 2.69545e-03
 3.56183 2.68793e-03
 3.57410 1.78729e-03
 3.58638 8.91344e-04
 3.59865 8.89538e-04
 3.61092 1.77346e-03
 3.62319 1.76948e-03
 3.63546 5.29678e-03
 3.64774 2.64331e-03
 3.66001 4.39376e-03
 3.67228 1.75281e-03
 3.68455 2.62740e-03
 3.69682 8.74370e-04
 3.70910 1.74443e-03
 3.72137 3.48182e-03
 3.73364 6.08392e-03
 3.74591 2.60386e-03
 3.75818 0.00000e+00
 3.77045 1.73051e-03
 3.78273 1.72787e-03
 3.79500 1.72664e-03
 3.80727 2.58675e-03
 3.81954 8.61837e-04
 3.83181 0.00000e+00
 3.84409 3.44051e-03
 3.85636 8.59460e-04
 3.86863 2.57765e-03
 3.88090 8.58750e-04
 3.89317 1.71721e-03
 3.90545 8.58339e-04
 3.91772 2.57489e-03
 3.92999 8.58317e-04
 3.94226 8.58386e-04
 3.95453 1.71711e-03
 3.96680 1.71760e-03
 3.97908 2.57770e-03
 3.99135 8.59817e-04
 4.00362 3.44207e-03
 4.01589 4.30589e-03
 4.02816 8.61883e-04
 4.04044 5.17701e-03
 4.05271 8.63784e-04
 4.06498 1.72931e-03
 4.07725 0.00000e+00
 4.08952 2.60261e-03
 4.10180 5.21137e-03
 4.11407 0.00000e+00
 4.12634 1.74300e-03
 4.13861 2.61885e-03
 4.15088 0.00000e+00
 4.16315 2.63072e-03
 4.17543 8.79656e-04
 4.18770 4.40468e-03
 4.19997 3.53536e-03
 4.21224 8.84994e-04
 4.22451 1.77499e-03
 4.23679 7.12279e-03
 4.24906 0.00000e+00
 4.26133 1.78963e-03
 4.27360 3.59118e-03
 4.28587 9.02050e-04
 4.29815 0.00000e+00
 4.31042 0.00000e+00
 4.32269 2.72984e-03
 4.33496 2.74047e-03
 4.34723 1.83147e-03
 4.35950 1.84120e-03
 4.37178 9.22236e-04
 4.38405 9.26288e-04
 4.39632 9.30916e-04
 4.40859 0.00000e+00
 4.42086 9.37748e-04
 4.43314 2.82379e-03
 4.44541 1.89119e-03
 4.45768 2.84294e-03
 4.46995 3.81461e-03
 4.48222 4.78869e-03
 4.49450 1.91991e-03
 4.50677 9.65354e-04
 4.51904 4.85460e-03
 4.53131 9.73386e-04
 4.54358 1.95351e-03
 4.55585 1.96435e-03
 4.56813 1.97436e-03
 4.58040 1.98366e-03
 4.59267 9.92999e-04
 4.60494 3.00042e-03
 4.61721 4.01099e-03
 4.62949 5.03761e-03
 4.64176 2.02380e-03
 4.65403 1.01631e-03
 4.66630 1.01983e-03
 4.67857 1.02374e-03
 4.69085 3.08888e-03
 4.70312 3.10061e-03
 4.71539 1.03616e-03
 4.72766 1.03990e-03
 4.73993 2.08604e-03
 4.75220 3.14195e-03
 4.76448 3.15511e-03
 4.77675 0.00000e+00
 4.78902 3.17294e-03
 4.80129 1.06059e-03
 4.81356 3.18852e-03
 4.82584 4.26445e-03
 4.83811 2.13548e-03
 4.85038 3.21292e-03
 4.86265 0.00000e+00
 4.87492 2.15035e-03
 4.88720 1.07625e-03
 4.89947 0.00000e+00
 4.91174 2.15913e-03
 4.92401 1.07975e-03
 4.93628 2.16174e-03
 4.94855 2.16284e-03
 4.96083 3.24467e-03
 4.97310 0.00000e+00
 4.98537 1.08099e-03
 4.99764 2.16110e-03
 5.00991 1.07977e-03
 5.02219 0.00000e+00
 5.03446 6.46171e-03
 5.04673 1.07581e-03
 5.05900 2.14766e-03
 5.07127 2.14284e-03
 5.08355 2.13543e-03
 5.09582 4.26327e-03
 5.10809 0.00000e+00
 5.12036 3.17952e-03
 5.13263 1.05403e-03
 5.14490 0.00000e+00
 5.15718 3.13978e-03
 5.16945 2.08374e-03
 5.18172 2.07743e-03
 5.19399 2.06424e-03
 5.20626 1.02761e-03
 5.21854 1.02462e-03
 5.23081 2.03635e-03
 5.24308 4.05345e-03
 5.25535 2.01631e-03
 5.26762 2.00143e-03
 5.27990 2.99021e-03
 5.29217 2.97608e-03
 5.30444 2.95180e-03
 5.31671 2.93523e-03
 5.32898 9.73366e-04
 5.34125 1.93160e-03
 5.35353 0.00000e+00
 5.36580 1.90535e-03
 5.37807 2.84442e-03
 5.39034 3.76973e-03
 5.40261 1.87133e-03
 5.41489 4.64687e-03
 5.42716 1.84402e-03
 5.43943 1.83168e-03
 5.45170 1.82217e-03
 5.46397 3.62407e-03
 5.47625 0.00000e+00
 5.48852 8.92709e-04
 5.50079 1.77956e-03
 5.51306 0.00000e+00
 5.52533 8.81510e-04
 5.53760 4.37089e-03
 5.54988 8.70619e-04
 5.56215 1.72990e-03
 5.57442 8.58525e-04
 5.58669 0.00000e+00
 5.59896 3.40694e-03
 5.61124 3.39172e-03
 5.62351 8.44860e-04
 5.63578 0.00000e+00
 5.64805 8.37647e-04
 5.66032 1.66817e-03
 5.67260 4.98956e-03
 5.68487 1.65779e-03
 5.69714 2.47996e-03
 5.70941 0.00000e+00
 5.72168 1.64598e-03
 5.73395 1.64335e-03
 5.74623 2.46172e-03
 5.75850 8.18916e-04
 5.77077 1.63730e-03
 5.78304 1.63623e-03
 5.79531 2.45396e-03
 5.80759 2.45455e-03
 5.81986 0.00000e+00
 5.83213 2.45769e-03
 5.84440 1.64148e-03
 5.85667 8.22205e-04
 5.86895 8.24114e-04
 5.88122 1.64982e-03
 5.89349 0.00000e+00
 5.90576 1.66228e-03
 5.91803 3.33436e-03
 5.93030 1.67196e-03
 5.94258 0.00000e+00
 5.95485 1.68961e-03
 5.96712 1.70038e-03
 5.97939 3.41455e-03
 5.99166 4.29881e-03
 6.00394 1.73039e-03
 6.01621 2.61390e-03
 6.02848 1.75485e-03
 6.04075 1.76893e-03
 6.05302 2.67304e-03
 6.06530 9.01743e-04
 6.07757 2.73048e-03
 6.08984 9.21835e-04
 6.10211 1.85125e-03
 6.11438 9.36451e-04
 6.12665 1.90189e-03
 6.13893 4.79987e-03
 6.15120 0.00000e+00
 6.16347 9.80534e-04
 6.17574 1.99980e-03
 6.18801 4.04576e-03
 6.20029 3.07419e-03
 6.21256 5.18095e-03
 6.22483 1.06170e-03
 6.23710 4.27788e-03
 6.24937 3.26226e-03
 6.26165 1.11654e-03
 6.27392 2.24950e-03
 6.28619 0.00000e+00
 6.29846 1.16675e-03
 6.31073 3.57441e-03
 6.32300 1.21571e-03
 6.33528 1.22954e-03
 6.34755 0.00000e+00
 6.35982 1.29584e-03
 6.37209 1.32303e-03
 6.38436 1.35269e-03
 6.39664 2.72428e-03
 6.40891 0.00000e+00
 6.42118 1.43482e-03
 6.43345 0.00000e+00
 6.44572 0.00000e+00
 6.45800 0.00000e+00
 6.47027 0.00000e+00
 6.48254 1.64021e-03
 6.49481 1.68461e-03
 6.50708 0.00000e+00
 6.51935 5.23255e-03
 6.53163 0.00000e+00
 6.54390 1.87223e-03
 6.55617 1.89538e-03
 6.56844 1.94928e-03
 6.58071 0.00000e+00
 6.59299 2.12314e-03
 6.60526 2.19127e-03
 6.61753 4.49501e-03
 6.62980 2.30505e-03
 6.64207 2.34498e-03
 6.65435 0.00000e+00
 6.66662 5.14246e-03
 6.67889 0.00000e+00
 6.69116 2.70326e-03
 6.70343 5.62867e-03
 6.71570 0.00000e+00
 6.72798 0.00000e+00
 6.74025 3.09628e-03
 6.75252 3.29087e-03
 6.76479 3.35213e-03
 6.77706 0.00000e+00
