# npar = 1, n_ded = 0
#         weight            chi2        param[0]
#                                     alpha_topo
   -0.0291832694              -2      4.47548805
     0.824167473              -0      6.62033744
    0.0935842343              -0      4.91790414
     0.066977717              -4      4.76642486
    0.0854068913              -4      4.85106371
     0.153800138              -5      1.71047435
   -0.0984839838              -9      1.36234135
   -0.0740653623              -0      6.08317624
    -0.164647023              -9      1.27142265
     0.081999338              -1      5.08812992
   0.00768284141              -4      3.12069339
  -0.00205585765              -5      2.66666816
   -0.0906962409              -4      4.27274548
    0.0220220558              -1      2.94209327
   0.00700626863              -6      2.73367832
    0.0346487915              -2       5.2324635
    0.0455594575              -0      4.69276203
    -0.141814787              -0         5.59485
     0.113461359              -5      1.61516844
   -0.0363735023              -7        4.454367
     0.156205718              -5      1.82285465
    0.0784234796              -5      2.03196692
   -0.0105198579              -6      2.28630245
   -0.0229638098              -1      6.14065001
     0.171553646              -9     0.776034997
   0.00871965374              -2      5.28909403
    0.0121905473              -2      2.77651842
   -0.0399857014              -1      4.44361222
    0.0457272208              -2      4.69329375
    0.0806957352              -1      5.09406802
   0.00971629988              -1       4.5864972
    -0.117398132              -4      3.69130045
    0.0216352439              -9     0.853837954
    0.0504688901              -7      4.70854647
    -0.144801566              -0      5.60267879
    0.0947288445              -6      4.98946081
   -0.0495290725              -7      5.40240916
    0.0330312239              -1      4.65425857
   -0.0573276449              -0      6.10332082
     0.159779363              -5      1.74749844
  -0.00665497361              -1      4.54005044
   -0.0230564805              -2      2.46278845
     0.130807645              -2      1.91161269
    -0.151730447              -0      5.62182832
  -0.00280427868              -0      6.16059274
     0.296781218              -0      6.37581331
    -0.166623545              -9      1.26804383
    -0.109414201              -2      3.64387921
    0.0219931706              -2      2.94680581
   -0.0216475856              -9      1.44832514
   -0.0225951306              -1      2.38862717
   -0.0690191371              -5      3.45990805
    -0.121042853              -7      3.71594606
   -0.0232033882              -2      2.40369117
   -0.0917517326              -7      4.26851943
    -0.146522587              -9     0.988307924
  -0.00199534596              -7      2.66710539
   -0.0044439266              -9      1.46706236
    -0.183999345              -4      5.80386633
    0.0403185122              -2      4.67638732
     0.134751617              -5      1.65534258
    0.0419922525              -0      6.20105085
   0.00592393988              -7      2.72534109
  -0.00742450321              -5      2.62745824
   -0.0661181774              -4       4.3615653
    -0.070678105              -1      3.46662821
      0.15761155              -5     0.782492191
   -0.0238849023              -7      6.13970799
    -0.197774371              -9      1.19743987
     0.192117632              -9     0.766733323
     0.030331818              -7      5.24241035
    0.0219526828              -2      2.95089449
    -0.115310515              -1      3.67816085
    -0.185338543              -9      1.23136573
     0.154695433              -5      1.71441495
    0.0877205506              -5      2.01167718
   -0.0153089136              -4      2.31460602
    -0.206790693              -9      1.14064277
    0.0110551522              -6      2.76659617
    0.0212185317              -5      2.89309373
   0.00621576157              -5      2.72757454
    0.0586737077              -1      4.73618661
    -0.184060989              -0      5.79288106
   -0.0173663956              -7      2.54459168
     -0.09294016              -7       3.5617958
    0.0106191984              -5      1.48361912
    0.0860188197              -0      5.06772353
    0.0912721582              -0      5.03238094
   -0.0381898134              -4      4.44897248
     0.377892469              -0      6.42034981
   -0.0837476652              -6      5.46797759
     0.746754435              -9     0.574057396
   -0.0188932928              -0      6.14477914
    0.0952594127              -6      4.95789089
     0.019439516              -2      3.01475886
    -0.115223055              -2      4.15794086
    -0.102226964              -4      4.22380127
    0.0267672597              -0      6.18782205
   0.00164871043              -1      5.30353816
  -0.00446455002              -7      5.31579063
     -0.10443703              -9     0.944793182
    -0.178912075              -0      5.86087783
     -0.10308237              -7      3.61046781
    -0.121696917              -0      5.54672199
    0.0495843433              -0      6.20747092
    -0.129572526              -0      6.00089082
    -0.164295217              -6      5.92132411
    -0.105320605              -1      4.20940705
   -0.0206292874              -4      2.50727224
      0.05665486              -0      6.21335114
    0.0903490207              -6      5.03980731
   -0.0808792421              -7      3.50885531
    0.0819901218              -1       4.8321212
    -0.128416573              -7       4.0640298
   -0.0739794822              -4      3.48010864
    -0.134935291              -6      3.86879045
    -0.167211863              -1      5.91194181
   -0.0232315276              -2      2.45717512
   -0.0721294998              -1      4.34121723
    -0.171826609              -5      1.25878988
    -0.123338768              -9      1.33156399
    -0.169777855              -9      1.26250033
    0.0212057003              -9     0.854094506
     0.059274099              -4      4.73828529
     0.132923718              -0        6.271713
   -0.0625585834              -4      3.43400817
    -0.183135738              -0      5.76773292
    -0.135615828              -2      3.95190288
    0.0202451669              -5      2.87139501
    -0.092111812              -4      3.55801683
   -0.0232726152              -5      2.40601696
  -0.00226284607              -6      2.24820333
   -0.0424027579              -1      3.35429185
   -0.0802833988              -2      5.46120817
   -0.0433983289              -9      1.42464107
    0.0207571974              -4      2.88179845
    -0.133672054              -4      3.84237212
   -0.0913928549              -7      3.55475678
    -0.135351449              -4      3.96201471
    0.0541266327              -5      2.08623013
    -0.189077639              -9      1.05512143
    -0.206009329              -9      1.11896054
    -0.196317266              -9      1.07367438
    0.0395282527              -2      2.12104973
    -0.178083845              -9      1.03335641
    0.0217840089              -7      2.91299353
   -0.0155722939              -5     0.877083483
    -0.118857846              -0      5.54041137
     0.018383646              -2      3.02917091
   -0.0767373992              -0      5.45432255
   0.00882604629              -5      2.74808074
     0.147783428              -9      1.68887209
    0.0936048201              -0      5.00829499
    -0.183783772              -0      5.78036804
    0.0111515672              -2      2.76742412
    -0.144151655              -1      5.60095574
   0.00336242696              -7      2.70610843
  -0.00357458877              -5      2.65568164
    0.0888127822              -0      4.87320892
   -0.0121699317              -4      4.52438878
   -0.0896754395              -9     0.931853272
  -0.00694411798              -7      3.20223661
   0.00414222838              -5      2.22369265
   -0.0626234329              -9      1.40345627
   0.00858993331              -1      2.74618063
  -0.00601665415              -5      1.46534418
    -0.122305019              -6      6.01363709
   0.00110630127              -9       1.4731395
   -0.0215942793              -5      2.49306201
    0.0819761058              -1      1.56871671
   -0.0119836318              -7      4.52491875
    -0.133620379              -7      4.00097479
    -0.074858685              -0      6.08218232
   -0.0794977331              -0      5.45967896
   -0.0266831288              -7      4.48275564
     -0.10277322              -1      4.22130577
   -0.0993193979              -1      4.23678122
    -0.124251128              -6      4.09904056
   -0.0993252978              -2      6.04940175
   -0.0209528332              -5      2.50277235
    0.0364112349              -0      6.19625812
     0.137966405              -2      1.89179471
   -0.0757949242              -0      5.45249916
    -0.108129329              -4      3.63685561
   -0.0372326818              -1      4.45181845
     -0.13342298              -4      4.00425356
   -0.0564054744              -0      5.41543486
     0.158781348              -9      1.73816784
    -0.108756506              -2      3.64026673
    0.0303413363              -0      5.24238869
   -0.0313236807              -4      4.46923675
    -0.172452689              -9      1.02390076
    0.0216298823              -1      2.96788837
    0.0468636992              -7      4.69690933
    -0.119340286              -4      4.13307301
     0.159626382              -9      1.74583742
   -0.0156104177              -5      2.56131647
   -0.0126566079              -7      4.52300395
    0.0738663487              -5       2.0419514
   -0.0607899215              -7      3.42697628
     0.131469878              -6      1.90985412
    -0.198254911              -9      1.19577518
    -0.182744082              -0      5.82918038
    -0.120182199              -4      4.12763016
      0.29272615              -9     0.724466056
     -0.17936287              -4      5.73193937
   0.00773169785              -4      2.73935599
     0.121452416              -4      1.93528747
   -0.0635495127              -1      6.09600763
    -0.127904948              -0      5.56087419
   -0.0515188962              -9     0.901918505
    -0.133073159              -4      4.00976339
   -0.0702134322              -9      1.39496881
    -0.106031386              -4      4.20600525
    -0.135423632              -4      3.88354216
     0.574380721              -0      6.51591521
     0.143436227              -5      1.87504831
   -0.0948618486              -7      1.36663518
    -0.196067522              -9      1.07294012
  -0.00882649787              -6      2.61691777
    0.0142607371              -7      3.07156886
   -0.0584668216              -9     0.907055434
   -0.0236100283              -7      2.43373595
    -0.115530232              -7      3.67951524
    -0.173718205              -0      5.70007014
    0.0740110915              -2      2.04163348
     0.230372241              -9     0.750071952
   0.00465120841              -7      3.13974336
    0.0899316238              -4      5.04293355
    0.0258343661              -5      2.15659055
    0.0169673295              -4      4.60724077
     0.211725324              -9     0.758094225
    0.0806405332              -0       5.0943136
   0.00193940078              -9      0.86587324
  -0.00221379117              -1      2.66552693
    -0.036045362              -7      3.32887856
   -0.0922815869              -9     0.934073009
  -0.00207779477              -5      2.66650965
    -0.149027795              -0      5.61417686
   -0.0203335373              -1      2.51120243
    -0.167003466              -1      5.67168057
    -0.135533822              -1       3.8877367
    0.0493585813              -7      4.70493391
   0.00701740966              -2      3.12501597
    -0.128416866              -9      1.32491741
   -0.0711695239              -0      5.44358677
   -0.0321691343              -1      5.36949819
    -0.176084813              -5      1.25075975
     0.869131989              -4      6.63765563
    -0.187355705              -9      1.05132461
    0.0237974861              -1      4.62700539
   -0.0600572685              -1      3.42406893
     -0.11239116              -1      3.66072613
    0.0945370936              -0      4.93342344
    -0.150984709              -0      5.95695034
    -0.183741533              -0      5.81264678
    0.0201916284              -2      3.00259019
    0.0598109628              -5      2.07323768
   -0.0135584529              -5      2.57927891
   -0.0231650192              -5      2.40248811
     0.612360818              -9      0.61373784
   0.00780246913              -7      2.73991416
    -0.200165951              -9      1.08638525
     0.071576439              -1       4.7845911
      0.21217843              -0      6.32491313
    -0.206663083              -9      1.14485157
    -0.133917734              -1      3.84678967
   -0.0614489133              -9      1.40476222
   -0.0945685878              -7      4.25701564
    0.0877078291              -5      2.01170495
     0.825480502              -9     0.552140789
   -0.0838574903              -6      5.46819295
   -0.0371540407              -2      4.45205196
   -0.0233783409              -2      2.45140044
   -0.0305079205              -4      3.30637911
     0.069470243              -0      5.13716698
    0.0319713564              -0      6.19239918
   -0.0310864394              -0      5.36743606
      0.32716384              -0      6.39292642
     0.021817323              -4      2.95966239
  -0.00225365243              -2      2.66523887
     0.156298516              -2      1.82231595
    0.0215346066              -1      2.90280964
    0.0130702535              -4      5.28003581
   -0.0474210694              -4      4.42110616
    -0.192933223              -9      1.21231321
     0.318949877              -1       6.3883538
   -0.0711653087              -2      3.46860825
    0.0201752479              -5      3.00287928
     -0.16789375              -0      5.67510512
    0.0857448311              -1      4.85308598
    0.0881819909              -1      5.05486446
     -0.13178221              -2      4.02763628
    -0.180997239              -0      5.74442825
    0.0945405347              -0      4.99347261
    0.0778013937              -7      4.81160413
    0.0778575394              -5      1.56325871
    0.0240558736              -0      6.18541355
    -0.136413806              -0      5.98804295
  -0.00370923048              -7      2.65470559
   -0.0221225158              -7      2.48395307
    0.0851115242              -4      4.84932152
 -0.000682533457              -5      2.67659298
     0.160815349              -7       1.7730798
     -0.11048644              -1      3.64985011
    -0.100393038              -7      4.23204554
    -0.130578311              -2       4.0419272
    0.0470601831              -5      2.10278111
   -0.0728895273              -4      3.47564109
   -0.0719917292              -2      0.91742952
    0.0175812098              -1      4.60900678
     -0.16792544              -0      5.90951999
   -0.0939072537              -1      3.56623998
    -0.123510132              -2      3.73422816
    0.0208752218              -5      2.88446819
    -0.134883971              -7      3.97541157
   -0.0393573512              -2      5.38315059
   -0.0311454751              -4      3.30899195
    0.0946986053              -4      4.93690136
    -0.117038258              -4      5.53641457
    0.0103859401              -2      3.10212479
    -0.133835091              -7      3.84527581
   -0.0981971096              -9       1.3626829
    0.0772755373              -6      4.80918386
    -0.023595443              -5      2.42448946
    -0.016962337              -1      2.54858128
     -0.11587618              -0      5.53388045
    -0.115435742              -9      1.34163677
    0.0204950399              -7      2.99698201
   -0.0543795507              -6       3.4016165
    -0.177982527              -0      5.72295448
    0.0142653909              -4      2.79583447
   -0.0335252794              -1       3.3186907
    -0.171143992              -9      1.02182107
   -0.0131067886              -2      2.58306356
    0.0629873675              -7      4.75154681
   -0.0167348739              -5      2.32464464
     0.769751366              -0       6.5988404
      1.04165124              -0      6.70082929
    0.0184441879              -9     0.855749932
   -0.0253512711              -7      4.48661325
    -0.156659024              -6      1.28444518
    -0.135928461              -6      3.92999324
   -0.0496230162              -2       1.4178207
     0.869204235              -9     0.540337448
     -0.01515642              -4      2.56541469
    -0.118308606              -1      4.13956224
  -0.00973161458              -2      2.60999881
    -0.108563097              -0      6.03573053
   -0.0734089588              -1      4.33679077
   -0.0184066471              -1      4.50659368
    -0.124025203              -1      3.73825028
    0.0299762029              -4      5.24321855
   -0.0190904634              -5      2.34402016
     0.189016412              -0      6.30999802
    -0.030433349              -4      4.47184051
    0.0806865682              -5      1.56699639
     0.105308373              -5      1.97286773
   -0.0550568718              -0      5.41287795
    -0.117564148              -1      5.53756603
   -0.0153742376              -5      2.31504503
    0.0328545737              -5      1.50859939
   0.00732052678              -5      2.21258737
     0.156277197              -1      1.72217722
   -0.0776702307              -7      4.32177797
    -0.113271567              -6      3.66588011
    0.0123408051              -5      2.77786179
    -0.023406367              -5      2.45011436
    -0.134182024              -7      3.99079559
    0.0198139719              -1      3.00895902
     0.154908656              -9      1.82992027
    0.0164901017              -2      5.27281063
     0.103904427              -0      6.25049074
    0.0254314886              -5      2.15769451
    -0.163683547              -0      5.92319809
   -0.0236143419              -5      2.43213024
  0.000768922814              -1      2.68711146
    -0.182920025              -4      5.76461758
      0.11377233              -9      1.61568525
    -0.128292024              -7      3.77536632
    -0.018090319              -9      1.45219241
   -0.0267188208              -4      4.48265214
    0.0157116411              -0       6.1778951
     0.146208087              -2      1.86576862
    -0.135953065              -2      3.92342513
   -0.0313555976              -7      6.13195884
  -0.00911118624              -7      2.61475226
    -0.109810653              -1       4.1872394
   -0.0228625543              -5      2.39442983
    -0.173529346              -0      5.69917144
    -0.045084131              -7      4.42823806
     -0.10928162              -7        3.643148
 -0.000188752353              -7      5.30724189
    -0.131400745              -1      3.80930954
   -0.0835772914              -4      3.52035693
    -0.123544859              -1      4.10431857
    0.0298628749              -1      5.24347577
   -0.0209085439              -5      2.50340199
    0.0207821069              -4      2.99113831
     0.101156413              -0      6.24842349
    -0.198128533              -9      1.19621721
   -0.0967933469              -4       3.5797248
    0.0116294741              -1      3.09292285
    -0.193373061              -9      1.06551681
     0.373091511              -9     0.693803863
     0.154633536              -2      1.71413342
   -0.0765083128              -7      4.32591455
    0.0893022171              -2      2.00822385
    0.0206181077              -4      2.99455023
   -0.0423866287              -2      3.35422778
    0.0899440452              -0      6.23987745
    -0.123335004              -2      3.73287827
    0.0509573021              -4      2.09359218
    -0.132494196              -1      4.01819082
    0.0810387319              -4      4.82724244
    -0.162669703              -1      5.92624067
    -0.109788425              -7       4.1873534
    -0.172589745              -2      1.25738371
   -0.0668092902              -6      3.45100475
   -0.0766664082              -2      3.49120151
    0.0194726541              -1      3.01426318
    0.0183594603              -2      3.02947488
     0.684311129              -1       6.5637722
     0.962349387              -0      6.67239364
    -0.205532306              -7      1.11439267
    0.0220299103              -5      2.93505626
     -0.12008227              -1      3.70920846
    -0.112654652              -2      3.66225981
  -0.00583351299              -1      3.19674569
   -0.0185963607              -4      5.34347631
    0.0812875537              -0      5.09140599
     -0.15260887              -0      5.95306851
   -0.0864132272              -7      3.53263744
     -0.16735907              -0      5.67303854
    -0.134709658              -0      5.99132979
    -0.143736071              -0      5.59985978
    -0.128724433              -6      4.06109595
    0.0634849303              -7      5.15643287
    -0.131835493              -1      3.81486818
      -0.1263245              -0      6.00669191
    -0.130901847              -4      4.03825925
    -0.082946314              -1      6.07182284
    -0.173149493              -9      1.02502485
   -0.0994262179              -7      4.23631293
     0.154220675              -5      1.83337842
     0.144357576              -4      1.87203506
     0.801336508              -0      6.61139246
    -0.165519006              -0      5.66614419
     0.108003148              -5      1.60633261
   -0.0656343267              -1      4.36317322
   -0.0645358156              -0      6.09483007
   -0.0993731077              -7      4.23654584
     -0.17499896              -0      5.88161733
     0.160399201              -5      1.78649987
    -0.106796581              -4      3.62971076
       1.0113104              -0      6.69006339
      0.13367694              -2      1.90389347
   -0.0261725598              -0      6.13735584
     0.157792184              -5       1.7310551
    -0.122415055              -7      3.72592524
     0.723599375              -2     0.580678763
   0.00583689331              -5      1.47833936
    0.0903318321              -4      4.88482755
    -0.106103869              -1      4.20565623
     0.355935578              -9     0.700154488
     0.140265943              -5      1.88496595
   -0.0393096652              -2      3.34197104
    0.0454267429              -0      6.20396909
   -0.0888186746              -1      3.54322682
     0.159395454              -5      1.74352305
    -0.130440623              -1      3.79788053
   -0.0129269545              -5      2.29968793
     0.515829093              -9       0.6443556
    0.0812644278              -0      6.23313383
    0.0484259536              -0      5.19867514
     0.171074946              -0      6.29810536
    -0.183349129              -0      5.77118611
    -0.130181185              -4      4.04628179
    -0.100199662              -5      3.59612061
    -0.165447964              -0      5.91770835
   -0.0503527981              -1      3.38573323
    0.0827445486              -2      5.08460593
   0.00223104123              -2       3.1539356
   -0.0127203654              -1      3.22965957
  0.000452104851              -4      4.56019134
    0.0566806019              -0      6.21337238
     0.275591078              -9     0.731328465
   -0.0821667281              -1      3.51432308
   -0.0753684362              -9       1.3891504
     0.960126628              -0      6.67158244
    -0.168282952              -0      5.90828566
    0.0741019872              -7      4.79515492
    0.0168031244              -2      3.04731098
    0.0244370712              -4      4.62887093
    -0.130983109              -7      4.03731967
    -0.147882825              -5     0.989946982
    0.0278290414              -5      2.15118097
   -0.0452012895              -7      3.36538692
   -0.0966411629              -4        5.493636
   0.00792007264              -5      3.11913085
     0.153717917              -5      1.71012566
   -0.0869082982              -2      3.53480323
     -0.14646522              -0      5.60714228
     0.021387647              -5      2.16900482
    0.0934359824              -2      4.91592722
    -0.128553017              -0      5.56238242
    0.0425847364              -5      2.11354713
    -0.132481406              -6      4.01836867
     0.157608851              -9      1.72987531
     0.179770094              -9     0.772287602
    -0.133240589              -1      4.00717081
    -0.168266502              -0      5.67656414
    -0.135375097              -2      3.96121603
     0.157483045              -5      1.72908552
    0.0952201693              -7      4.95468098
    0.0952596973              -6      4.95792066
  -0.00977759786              -5      2.60964453
   -0.0709517073              -0      5.44316845
     -0.13697581              -9      1.31335122
   -0.0978938333              -9      1.36304369
    0.0599435024              -5      1.54057855
    -0.135847954              -7      3.93860569
    -0.134779055              -1      3.86486596
    -0.193093687              -5      1.21186392
    -0.204823904              -9      1.16502821
    -0.161929871              -0      5.92841369
    0.0229154039              -1      2.16468091
    -0.130841605              -9      1.32168979
    -0.123741117              -2      4.10286712
   0.00758342422              -1      4.58042726
    -0.106698177              -7      4.20277932
    0.0214774241              -7      2.90086567
     0.146675804              -9     0.787647728
      1.22644913              -0      6.76368004
   -0.0217889012              -5       2.4898491
    0.0559772649              -7      4.72690017
   -0.0404414035              -2      3.34648747
    0.0209175197              -5       2.8854567
   -0.0172932299              -0      5.34095353
     0.158743647              -9      1.80550307
   0.00515926736              -7      4.57354033
     -0.13459793              -6      3.86062694
    0.0208344666              -6      4.61839806
     0.153451959              -5      1.83705451
    -0.205809938              -9      1.11692098
    -0.131077376              -4      4.03622005
    -0.115795164              -0      6.02439629
    -0.166694129              -9      1.26792187
    -0.167259548              -0      5.67265719
     0.154093209              -9      1.71173448
  -0.00877909776              -4      3.21114236
    0.0987059299              -5      1.98758007
   -0.0232249011              -2      3.27599284
      0.19858913              -1      6.31621996
   -0.0206195097              -5       2.5074048
   -0.0204950244              -7      2.35826464
    0.0364913803              -1      4.66468443
    0.0856617418              -7      5.06969541
   -0.0496461371              -2       3.3829456
   0.00655550331              -5      2.73018785
    -0.176593313              -0      5.87386912
   -0.0562596069              -2      3.40903927
    -0.132485227              -1      4.01831558
    -0.145166503              -4       5.9700918
    -0.206587623              -9       1.1465227
   -0.0124132305              -1      4.52369654
    0.0200980165              -7      3.00422544
    0.0164362112              -7      4.60571429
    -0.132057102              -0      5.99632893
   -0.0200975286              -4      2.51422997
    -0.142033558              -5      1.30626723
    -0.146998256              -0       5.6085891
    -0.116115242              -2      3.68315298
  -0.00742554325              -5      2.62745049
    0.0185004521              -7       4.6116547
  -0.00271440484              -7      4.55121929
    -0.021551393              -4      2.49375087
   -0.0421006665              -1      5.38834828
   -0.0355436488              -0      6.12752643
    -0.119098997              -6      6.01900711
     0.096908202              -0      6.24520682
    0.0220313521              -1      2.93604759
    -0.133859438              -9     0.973891712
    -0.112813325              -9       1.3449141
   -0.0309513333              -1        3.308197
     0.324655995              -0      6.39153445
    0.0783131538              -4      4.81398896
    -0.108087471              -9      1.35074683
    0.0797589538              -1      5.09817572
    -0.121195073              -4      4.12089003
    -0.107671447              -7      4.19800785
    0.0757476476              -4      5.11453223
   0.00449795352              -7      2.71456042
     0.112348246              -5      1.95683708
    0.0903297331              -7      1.58013951
   -0.0231397657              -7      2.46024287
  -0.00774315729              -7      3.20613911
   -0.0644356512              -9      0.91156996
    0.0253455457              -1      4.63152577
    0.0898586992              -2      4.88104957
   0.00029387922              -5      2.23802571
    -0.184016717              -0       5.7891484
    -0.013549923              -4      3.23346382
     0.055893855              -4       5.1786214
   -0.0987736157              -1      4.23916418
   -0.0400177443              -1      3.34479799
    0.0819016746              -2      4.83166138
    0.0840113522              -5      1.57145407
    -0.125185624              -7       3.7476198
    -0.121344275              -0      6.01526147
   0.00886775453              -4      5.28878797
    0.0298218967              -5      2.14586485
    0.0571685432              -0      5.17503852
    -0.160305475              -2      5.64810621
    0.0145231223              -4      2.79836731
    -0.043521595              -1      4.43297581
    -0.184071847              -1      5.79688116
    0.0174414245              -4      3.04036206
     0.581249816              -9     0.623391895
    0.0275865648              -5       2.1518337
     0.155505641              -5      1.71824326
    -0.134543976              -0      5.99164613
    0.0619716346              -2      5.16103199
    -0.110708382              -1      4.18259616
    -0.135684279              -1      3.94867237
    0.0145482178              -7      3.06904044
   -0.0101208857              -7      4.53021379
    0.0916949008              -4      5.02869232
     0.010166815              -2      2.75908131
   -0.0198188491              -5      2.51769507
    -0.124027951              -4      4.10072497
    0.0440875661              -2      5.20970295
    -0.107094578              -7      3.63129647
   -0.0993978422              -0       5.4992373
    -0.185499844              -4      1.04742187
    0.0222819101              -5      2.16646604
    0.0189606664              -7       3.0215983
  -0.00133313605              -9     0.867929676
    0.0915894277              -1      5.02963228
    -0.165558428              -9       1.2698732
   -0.0100811561              -2      2.28400621
    -0.180514352              -2      5.74046113
   -0.0236586206              -4      4.49150293
    0.0122794733              -7      5.28169294
    -0.194002734              -9      1.06717758
      1.06141031              -0      6.70776798
     0.851955352              -0      6.63108555
   -0.0900744622              -2      3.54882463
  -0.00279526921              -1      5.31246432
     0.107605839              -4      1.96768242
    0.0641779713              -4      4.75591187
     0.127976015              -5      1.91899329
    -0.176251402              -1      5.87559763
     -0.11508541              -4      4.15872871
   0.00274452324              -7       4.5666895
    0.0233961963              -7      4.62583634
    0.0585686491              -0      5.17104148
    0.0465954128              -9     0.839341109
    -0.179282037              -9       1.0354893
   -0.0420031468              -0      5.38816359
    0.0153995137              -2      5.27512538
     0.011184612              -9     0.860153113
    -0.182116855              -1      5.83618367
    0.0672115085              -4      4.76731982
    -0.200081104              -9      1.08606928
    0.0209663767              -4       2.8866213
   -0.0980998478              -0      6.05115478
   -0.0666488989              -5      3.45036052
     0.153635492              -9      1.70977817
    -0.140031308              -1      5.98085394
    -0.123239749              -1      3.73214769
    -0.010141331              -6      5.32700601
    -0.107556073              -7       3.6337655
    -0.117817533              -9      1.33863319
   -0.0488047374              -0      6.11303586
    0.0066074135              -7      2.73058844
    0.0206794861              -2      2.99329776
   -0.0597161958              -1      4.38251915
    0.0163987359              -7      3.05150063
   -0.0862323706              -0      4.29015811
    -0.118750488              -0      5.54017455
     0.035082606              -0      5.23144935
     -0.10999485              -5      1.34840363
   0.00991794517              -7      3.10546973
     0.015165269              -1      2.80483557
    -0.113198382              -4      4.16928734
     0.223496674              -0      6.33203416
    0.0620832472              -1      4.74827052
     -0.10629469              -1      3.62705499
    -0.069785117              -7      3.46300677
   -0.0234049228              -7      2.41125955
   -0.0572533446              -4       3.4129666
     0.188487911              -0      6.30965207
      -0.1733024              -0      5.69810134
   -0.0102339925              -2      2.60611243
   -0.0140173895              -5      2.57537727
   -0.0209827159              -6       2.5023449
    -0.112024658              -0      6.03038075
     0.252035601              -9     0.740972499
    0.0523773524              -0      4.71482042
    0.0902552206              -7      2.00614153
    -0.130345946              -1       4.0444939
    0.0494222369              -0        6.207335
    -0.192054008              -9      1.06216281
   -0.0341545513              -0       5.3732752
    0.0174004228              -5      2.18061341
    -0.157897694              -9      1.28248573
    0.0163813135              -4      3.05167779
    -0.133184447              -4      4.00804886
    -0.111371476              -1      4.17911576
    0.0119219979              -5      2.19745539
     0.141611443              -9      1.88083534
    0.0263538308              -0      5.25136173
     0.160007267              -5      1.75022252
   -0.0234712296              -5      2.44676689
   -0.0578856167              -0      5.41824304
    -0.123217669              -7       3.7319787
    -0.131188795              -2      3.80669315
    -0.129797049              -2      3.79075254
     -0.06327983              -7      3.43688179
   -0.0748269375              -4      3.48359469
  0.000506683618              -0      5.30584234
    0.0124947713              -1       2.7792463
    -0.133854547              -4      3.84562956
   -0.0919906648              -7      4.26755659
    -0.141198314              -0      5.97846879
   -0.0222324562              -7      2.48187969
   -0.0247408058              -6      3.28240982
   -0.0218670826              -2      2.37600798
    -0.197999595              -9       1.0788731
    -0.122472812              -1      3.72635522
    -0.134825871              -2      3.97684888
    0.0426029011              -5      2.11350292
    -0.125619715              -4      4.08834415
    -0.180455545              -0      5.85045224
  -0.00132621366              -4       3.1735424
     0.017790393              -0      6.17978348
    0.0207986609              -6      2.99078175
    0.0950375713              -1      4.94628007
     0.127090479              -4      6.26753239
   -0.0147469983              -2      2.31090242
      0.15685115              -5      1.72533069
    -0.187740391              -9      1.22573776
    0.0617203919              -4      5.16178629
   -0.0799603442              -2      3.50497474
      0.12730785              -5      1.63996322
    -0.163611078              -0       5.6593111
       0.1602476              -4      1.78906155
    -0.131480944              -4       3.8103149
    0.0200369459              -7      2.86758027
     0.655051501              -4     0.600792807
    0.0941099692              -7      5.00104266
    0.0470744434              -5      2.10274718
  -0.00690495172              -1      2.63131923
    -0.124677975              -1      4.09577419
   -0.0521211958              -9     0.902358989
   -0.0309740741              -1      3.30829014
    -0.135945775              -7      3.91681905
   -0.0231983772              -5      2.45832041
   -0.0908968559              -9     0.932890339
   -0.0208623677              -1      3.26587644
    0.0348373433              -9      0.84607243
    -0.111676811              -1      3.65660477
   -0.0981907544              -4      4.24169144
    0.0215157153              -5      2.90215585
     0.136793302              -4       1.8951794
   -0.0754222249              -2      3.48605025
    -0.142158859              -0      5.97647983
   -0.0982017344              -1      6.05100954
    -0.176934739              -9      1.24909943
      1.14705389              -0      6.73721884
    0.0195512923              -7      4.61468705
   0.00652906843              -5        1.479102
     0.146813289              -9       0.7875824
   -0.0943897051              -4      3.56847048
    0.0815804042              -0      6.23338136
     0.145458451              -5      1.86834401
    0.0186496815              -0      5.26819598
   0.00982753972              -5      2.75626144
    -0.166506889              -9      1.01475419
  -0.00766987875              -0      5.32214069
    -0.124488224              -4      3.74193546
   -0.0202967374              -5      2.51168053
     0.511676968              -0      6.48699265
    -0.132471175              -6       4.0185107
   -0.0981712815              -1      3.58629033
    0.0907098924              -1       5.0369953
    0.0537794685              -6      5.18445427
    -0.018462355              -5      2.33841602
    0.0915940512              -5      2.00321359
   -0.0864456641              -9      1.37646823
    -0.119426666              -1      4.13252088
    -0.103642958              -4      3.61331416
   -0.0407591116              -7      5.38580708
    -0.109380734              -1      4.18943616
     0.656273425              -0      6.55187929
    -0.199275383              -9      1.19208499
     0.106316315              -5      1.97059773
   -0.0228113353              -5      2.39324464
  0.000568125845              -7      2.68565309
    -0.182753724              -0      5.82906083
    -0.181189677              -7      5.74609262
   0.00592153915              -1      2.72532276
    -0.166966344              -9      1.01543486
    0.0126250458              -1      3.08518078
     0.135903174              -0      6.27383264
    0.0172878201              -6      2.82828745
      0.13726992              -6      1.66102011
    -0.149923061              -0       5.6166836
   -0.0232130881              -5       2.4040043
    -0.199208331              -5      1.08293036
    0.0247608307              -7      4.62981637
   -0.0641006509              -6       4.3682426
   -0.0167706227              -5      2.55044193
   0.00726459794              -7       2.7356913
   0.00956231633              -5      2.75407483
    -0.151734896              -9      1.29204615
    -0.129106512              -9      1.32400311
   0.00278246512              -2      2.70182829
    -0.186112086              -9      1.04868925
   -0.0380290442              -1      3.33684714
     -0.12746481              -4      3.76752495
     0.123260807              -5      1.63228939
     0.643986072              -0      6.54660271
    0.0202050509              -7      2.17239726
    -0.137088197              -9      1.31319596
    0.0174893047              -1       3.0398223
    -0.135685935              -7      5.57943049
    -0.135903012              -1      3.90981087
   -0.0127867308              -7       2.2988672
    -0.042434229              -7      4.43625893
     0.187060711              -9     0.768997083
    0.0270275746              -5      2.15334353
    0.0903123241              -7      5.04008738
    -0.135953362              -1      3.92006098
     0.719540444              -9     0.581848124
     0.231164062              -9     0.749735277
     0.132565323              -9      1.90691553
    -0.205634581              -5      1.15853859
   -0.0940000265              -7      4.25936514
     0.167980199              -5     0.777678023
    0.0730189438              -6      4.79056646
    0.0219970853              -5      2.94631253
   0.00448527666              -5      2.22246472
   -0.0448894256              -0      5.39362814
   -0.0280906062              -0      6.13536974
   -0.0653931438              -7       5.4325284
    0.0745537517              -2      5.11907856
    0.0746101385              -7      5.11886672
 -0.000536628791              -1      2.24126828
   -0.0325658925              -5      3.31479061
     0.251247181              -9     0.741299696
   -0.0434363939              -4       3.3583947
    -0.122674579              -6      3.72786404
     0.138341801              -9      1.66352681
  -0.00717640361              -5      2.26969468
    -0.124141096              -2      4.09987298
   -0.0702244964              -7      4.34774328
    0.0496458088              -0      6.20752244
     -0.18520924              -5      1.23166031
    0.0828073327              -1       4.8364346
   -0.0735271805              -1      4.33637995
   0.00405181831              -5      2.22401753
    -0.123855279              -6      3.73691461
    0.0219909938              -2      2.94706933
    -0.103277971              -0      6.04365392
   -0.0753324761              -9      1.38919115
    0.0104570486              -4      2.76151486
    -0.150046624              -5      1.29458825
   -0.0591334239              -2      3.42040695
   -0.0891191279              -4      3.54456161
  -0.00435056621              -4      3.18928374
  0.000712072903              -1      2.68669843
    0.0235952661              -0      5.25746071
    0.0797065181              -6      4.82064086
    -0.119649024              -2      3.70623042
    -0.205540656              -9      1.15938381
  -0.00159311496              -2      3.17496271
   -0.0815971334              -4      3.51189957
     0.276011253              -0      6.36378525
   -0.0865726481              -0      6.06703523
     0.118925823              -4      1.62448881
     -0.12462315              -4      3.74302233
   -0.0200704208              -4      3.26245101
   -0.0497571785              -7      5.40284092
    0.0485112942              -1      5.19845404
     0.142873915              -5       1.6748457
   -0.0595821036              -9     0.907891655
     0.111633622              -2      1.95848513
    0.0808393074              -7      4.82623785
      1.20800392              -0      6.75760061
   -0.0314732438              -4      4.46879886
    -0.133509965              -0      5.99360791
   -0.0356976037              -0      5.37620708
    0.0100392141              -5      2.20352505
    -0.180936188              -0      5.84675162
   -0.0227283285              -5      2.47138385
   -0.0585868789              -0      5.41957427
    0.0933837687              -0      4.91524938
    -0.129579207              -0      4.05260667
    -0.100422886              -6      4.23191295
   0.00982785951              -4        4.586815
   -0.0129799015              -5      3.23085298
    0.0675998661              -0      4.76881269
     0.570498581              -0      6.51416149
     0.127643886              -9     0.796822618
     -0.13271822              -9      1.31916606
    0.0220198948              -2      2.94259263
    0.0923573126              -9      1.58299213
     -0.07670044              -6      3.49134279
    0.0195013611              -4      4.61454283
    -0.100459075              -1      5.50140635
    0.0411713113              -2      5.21690104
    -0.142198726              -0      5.97639676
    0.0164760482              -2      2.81887442
   -0.0826155161              -7      3.51623777
    0.0820955021              -9     0.819954264
    0.0756825517              -1      4.80202532
     0.160802339              -9      1.77445548
    -0.109265877              -4      5.51971479
    0.0189808871              -1      3.02132067
   -0.0212937102              -1      3.26773464
     0.538386826              -0      6.49947186
    -0.167568324              -0      5.67384372
    0.0301845501              -4      4.64577655
    -0.108505266              -1       3.6388964
    -0.109900383              -1      4.18677875
   0.00896051588              -1      5.28859619
    -0.134870302              -7      3.97575317
    0.0934594742              -4      1.99912771
  -0.00178808062              -5      3.17599617
   -0.0633004847              -1      5.42853813
    0.0166154179              -1      2.18295901
     0.155418217              -9     0.783519675
   -0.0894085516              -7      4.27784274
   -0.0118473463              -7      2.59336389
    0.0767204891              -0      6.22955677
   -0.0261718286              -1      4.48423768
     0.143916407              -5      1.87348609
    0.0832524589              -0      6.23468863
    0.0496941751              -7      4.70602302
   -0.0234787832              -5      2.44633259
     -0.17101948              -0      5.68786668
    -0.129390824              -1      3.78643698
   -0.0368496727              -9      1.43178892
    -0.155051451              -9      1.28695879
    -0.115652352              -4      3.68027078
    -0.200841787              -9      1.08897917
  -0.00322106466              -7      3.18349194
   -0.0984099073              -7      4.24074331
   -0.0976279999              -9      1.36335971
    0.0271761549              -7       4.6368942
    -0.135646491              -7      3.89264107
    0.0214902663              -5      2.97279023
    -0.179747158              -0       5.7346589
    -0.125101377              -4      4.09247324
    0.0952427456              -4      4.95635451
    0.0202644072              -1      2.87175789
   -0.0547324351              -6       4.3983957
   -0.0831851294              -7      3.51867469
    -0.125007716              -6      4.09320885
     0.829174077              -0      6.62228506
   -0.0841600031              -4      3.52286347
    -0.112004962              -1      3.65849146
   -0.0488664379              -2      3.37986906
    0.0173630036              -6      2.18072475
     -0.10492464              -6      3.61989664
   -0.0739512764              -1      4.33490365
    -0.121616394              -7      3.72006357
    -0.145721903              -0      5.96888406
    0.0300981435              -0      6.19075845
    0.0202440948              -4      2.87137484
    -0.129415478              -4      3.78669517
   -0.0540237332              -0      5.41092009
   -0.0617536448              -6      3.43080538
 -0.000170878401              -7      2.68029547
  -0.00667353714              -1      4.53999779
  -0.00557587395              -6      2.64110898
   -0.0783742592              -1      4.31925503
     -0.12305868              -9     0.962600095
    -0.026716109              -1         4.48266
    0.0614931853              -5      2.06943776
   -0.0162455248              -5      2.55544108
    0.0879925194              -0      5.05606299
    -0.183708388              -1      5.81345513
    -0.173060162              -9      1.02488007
    -0.114832773              -7      3.67523758
    -0.177934433              -1         5.72266
     0.574535946              -0      6.51598524
     -0.18403056              -0      5.79006001
    -0.137762472              -9     0.978185197
    -0.205491239              -9      1.15981632
    -0.177472792              -9       1.2480375
    -0.170600848              -0      5.68608224
   -0.0243729543              -1      4.48944109
    0.0058840222              -5      2.21753326
    -0.134926648              -7      3.86856587
   -0.0140682328              -2      4.51898397
  -0.00486035574              -5      2.64633765
    -0.138261247              -9     0.978742904
