10 1
0.2015671
1 -1 1 1
         5.915019989 
   0.520997490780507 
0.1172453
1 -1 1 1
          4.15201066 
    1.01238920920202 
0.086514913
1 -1 1 1
         3.528049692 
    1.13741273363579 
0
1 -1 1 1
                   0 
                   0 
0.12077036
1 -1 1 1
          3.89702806 
    1.10235662906555 
0.1326841
1 -1 1 1
          2.17875965 
    0.51889079755197 
0.0531051
1 -1 1 1
         3.918417067 
    1.04329936096609 
0.12068044
1 -1 1 1
         3.951337239 
    1.08727832403395 
0
1 -1 1 1
                   0 
                   0 
0.16743268
1 -1 1 1
         1.079212899 
   0.378983933804608 
