 0.50614 0.00000e+00
 0.51841 0.00000e+00
 0.53068 0.00000e+00
 0.54295 0.00000e+00
 0.55522 2.33981e-03
 0.56750 0.00000e+00
 0.57977 0.00000e+00
 0.59204 0.00000e+00
 0.60431 0.00000e+00
 0.61658 0.00000e+00
 0.62885 2.06099e-03
 0.64113 0.00000e+00
 0.65340 1.98475e-03
 0.66567 1.92880e-03
 0.67794 5.67314e-03
 0.69021 1.85972e-03
 0.70249 0.00000e+00
 0.71476 0.00000e+00
 0.72703 1.73893e-03
 0.73930 1.72348e-03
 0.75157 0.00000e+00
 0.76385 0.00000e+00
 0.77612 1.63081e-03
 0.78839 0.00000e+00
 0.80066 1.56365e-03
 0.81293 1.55942e-03
 0.82520 1.51664e-03
 0.83748 2.99332e-03
 0.84975 2.95396e-03
 0.86202 2.91723e-03
 0.87429 2.87033e-03
 0.88656 2.80956e-03
 0.89884 0.00000e+00
 0.91111 1.37161e-03
 0.92338 1.34024e-03
 0.93565 2.64232e-03
 0.94792 5.22482e-03
 0.96020 2.56606e-03
 0.97247 5.07093e-03
 0.98474 3.76430e-03
 0.99701 3.69674e-03
 1.00928 3.65661e-03
 1.02155 1.20947e-03
 1.03383 0.00000e+00
 1.04610 2.34882e-03
 1.05837 4.63690e-03
 1.07064 1.14071e-03
 1.08291 2.25599e-03
 1.09519 2.24126e-03
 1.10746 1.11070e-03
 1.11973 3.27482e-03
 1.13200 4.32900e-03
 1.14427 1.06672e-03
 1.15655 4.22804e-03
 1.16882 1.04558e-03
 1.18109 1.03300e-03
 1.19336 0.00000e+00
 1.20563 3.04717e-03
 1.21790 1.01106e-03
 1.23018 2.99623e-03
 1.24245 2.97175e-03
 1.25472 5.89291e-03
 1.26699 9.75739e-04
 1.27926 1.92812e-03
 1.29154 3.83400e-03
 1.30381 0.00000e+00
 1.31608 1.89264e-03
 1.32835 0.00000e+00
 1.34062 9.32761e-04
 1.35290 2.77922e-03
 1.36517 1.84206e-03
 1.37744 9.14964e-04
 1.38971 2.72359e-03
 1.40198 2.71034e-03
 1.41425 1.80044e-03
 1.42653 2.68211e-03
 1.43880 3.55792e-03
 1.45107 8.87490e-04
 1.46334 8.84022e-04
 1.47561 1.75642e-03
 1.48789 8.73716e-04
 1.50016 3.48353e-03
 1.51243 8.68532e-04
 1.52470 3.46057e-03
 1.53697 2.58773e-03
 1.54925 1.71856e-03
 1.56152 2.57059e-03
 1.57379 3.42149e-03
 1.58606 1.70611e-03
 1.59833 1.70253e-03
 1.61060 4.24686e-03
 1.62288 3.38971e-03
 1.63515 2.53883e-03
 1.64742 0.00000e+00
 1.65969 1.68831e-03
 1.67196 2.52989e-03
 1.68424 5.05404e-03
 1.69651 2.52520e-03
 1.70878 8.41060e-04
 1.72105 1.68130e-03
 1.73332 2.52128e-03
 1.74560 2.52096e-03
 1.75787 4.20153e-03
 1.77014 3.36173e-03
 1.78241 0.00000e+00
 1.79468 2.52270e-03
 1.80695 1.68296e-03
 1.81923 8.42252e-04
 1.83150 8.42774e-04
 1.84377 0.00000e+00
 1.85604 0.00000e+00
 1.86831 8.45093e-04
 1.88059 3.38673e-03
 1.89286 0.00000e+00
 1.90513 2.54721e-03
 1.91740 3.40118e-03
 1.92967 2.55602e-03
 1.94195 0.00000e+00
 1.95422 8.54505e-04
 1.96649 8.56656e-04
 1.97876 1.71656e-03
 1.99103 2.57928e-03
 2.00330 3.44876e-03
 2.01558 1.72744e-03
 2.02785 1.73125e-03
 2.04012 3.47117e-03
 2.05239 8.70712e-04
 2.06466 8.71607e-04
 2.07694 1.74925e-03
 2.08921 8.76747e-04
 2.10148 4.39352e-03
 2.11375 0.00000e+00
 2.12602 2.64963e-03
 2.13830 2.65619e-03
 2.15057 2.66297e-03
 2.16284 0.00000e+00
 2.17511 1.78446e-03
 2.18738 1.79010e-03
 2.19965 8.97165e-04
 2.21193 8.98103e-04
 2.22420 4.50454e-03
 2.23647 9.03704e-04
 2.24874 1.81268e-03
 2.26101 3.63361e-03
 2.27329 9.10442e-04
 2.28556 1.82621e-03
 2.29783 1.82971e-03
 2.31010 2.75062e-03
 2.32237 1.83813e-03
 2.33465 1.84204e-03
 2.34692 2.77021e-03
 2.35919 4.62339e-03
 2.37146 1.85457e-03
 2.38373 9.29741e-04
 2.39600 1.86134e-03
 2.40828 1.86392e-03
 2.42055 3.73473e-03
 2.43282 1.87075e-03
 2.44509 2.81261e-03
 2.45736 2.81660e-03
 2.46964 1.88098e-03
 2.48191 3.76600e-03
 2.49418 9.42624e-04
 2.50645 1.88807e-03
 2.51872 1.89135e-03
 2.53100 3.78553e-03
 2.54327 1.89531e-03
 2.55554 0.00000e+00
 2.56781 0.00000e+00
 2.58008 3.80007e-03
 2.59235 2.85229e-03
 2.60463 3.80489e-03
 2.61690 3.80716e-03
 2.62917 9.52265e-04
 2.64144 1.90560e-03
 2.65371 0.00000e+00
 2.66599 0.00000e+00
 2.67826 1.90673e-03
 2.69053 3.81385e-03
 2.70280 2.86038e-03
 2.71507 2.86012e-03
 2.72735 9.53181e-04
 2.73962 9.53059e-04
 2.75189 1.90562e-03
 2.76416 3.80893e-03
 2.77643 9.51743e-04
 2.78870 0.00000e+00
 2.80098 9.50650e-04
 2.81325 0.00000e+00
 2.82552 1.89926e-03
 2.83779 9.48707e-04
 2.85006 0.00000e+00
 2.86234 3.78899e-03
 2.87461 4.73115e-03
 2.88688 1.88961e-03
 2.89915 9.44473e-04
 2.91142 9.42494e-04
 2.92370 3.76811e-03
 2.93597 9.40934e-04
 2.94824 1.87995e-03
 2.96051 4.69093e-03
 2.97278 5.62113e-03
 2.98505 9.35527e-04
 2.99733 4.67124e-03
 3.00960 4.66335e-03
 3.02187 1.86314e-03
 3.03414 9.29868e-04
 3.04641 4.64166e-03
 3.05869 1.85333e-03
 3.07096 9.24834e-04
 3.08323 9.24502e-04
 3.09550 4.60902e-03
 3.10777 3.68356e-03
 3.12005 1.83677e-03
 3.13232 1.83362e-03
 3.14459 1.83151e-03
 3.15686 1.82862e-03
 3.16913 3.64936e-03
 3.18140 2.73223e-03
 3.19368 0.00000e+00
 3.20595 1.81421e-03
 3.21822 1.81178e-03
 3.23049 0.00000e+00
 3.24276 1.80388e-03
 3.25504 2.70365e-03
 3.26731 2.69708e-03
 3.27958 2.69151e-03
 3.29185 1.79078e-03
 3.30412 1.78925e-03
 3.31640 1.78604e-03
 3.32867 0.00000e+00
 3.34094 3.55617e-03
 3.35321 1.77463e-03
 3.36548 8.85781e-04
 3.37775 2.65298e-03
 3.39003 2.64840e-03
 3.40230 2.64291e-03
 3.41457 2.63907e-03
 3.42684 1.75671e-03
 3.43911 2.62741e-03
 3.45139 2.62478e-03
 3.46366 2.62046e-03
 3.47593 2.61707e-03
 3.48820 8.70238e-04
 3.50047 1.73862e-03
 3.51275 1.73509e-03
 3.52502 3.46537e-03
 3.53729 8.65133e-04
 3.54956 8.63997e-04
 3.56183 8.62674e-04
 3.57410 2.58218e-03
 3.58638 4.29817e-03
 3.59865 2.57470e-03
 3.61092 1.71299e-03
 3.62319 5.98993e-03
 3.63546 2.56370e-03
 3.64774 1.70701e-03
 3.66001 2.55684e-03
 3.67228 3.40389e-03
 3.68455 1.69992e-03
 3.69682 8.49130e-04
 3.70910 1.69597e-03
 3.72137 2.54037e-03
 3.73364 1.69154e-03
 3.74591 4.22305e-03
 3.75818 1.68743e-03
 3.77045 0.00000e+00
 3.78273 2.52605e-03
 3.79500 4.20514e-03
 3.80727 8.40702e-04
 3.81954 2.51801e-03
 3.83181 8.38879e-04
 3.84409 8.37852e-04
 3.85636 1.67418e-03
 3.86863 1.67269e-03
 3.88090 8.35943e-04
 3.89317 5.01099e-03
 3.90545 8.34764e-04
 3.91772 6.67009e-03
 3.92999 2.50004e-03
 3.94226 1.66574e-03
 3.95453 4.16121e-03
 3.96680 8.31725e-04
 3.97908 1.66275e-03
 3.99135 3.32265e-03
 4.00362 1.66030e-03
 4.01589 2.48978e-03
 4.02816 1.65900e-03
 4.04044 2.48748e-03
 4.05271 4.97309e-03
 4.06498 1.65690e-03
 4.07725 1.65662e-03
 4.08952 4.96769e-03
 4.10180 1.65537e-03
 4.11407 8.27543e-04
 4.12634 3.30951e-03
 4.13861 8.27230e-04
 4.15088 4.96246e-03
 4.16315 8.26974e-04
 4.17543 2.48069e-03
 4.18770 8.26833e-04
 4.19997 2.48045e-03
 4.21224 1.65362e-03
 4.22451 4.13414e-03
 4.23679 0.00000e+00
 4.24906 0.00000e+00
 4.26133 1.65407e-03
 4.27360 3.30880e-03
 4.28587 1.65457e-03
 4.29815 1.65508e-03
 4.31042 8.27812e-04
 4.32269 8.27990e-04
 4.33496 2.48464e-03
 4.34723 1.65709e-03
 4.35950 2.48645e-03
 4.37178 8.29292e-04
 4.38405 1.65881e-03
 4.39632 1.65958e-03
 4.40859 1.66067e-03
 4.42086 4.15322e-03
 4.43314 4.15589e-03
 4.44541 1.66302e-03
 4.45768 1.66430e-03
 4.46995 1.66566e-03
 4.48222 0.00000e+00
 4.49450 5.83801e-03
 4.50677 8.34665e-04
 4.51904 0.00000e+00
 4.53131 8.35792e-04
 4.54358 8.36422e-04
 4.55585 1.67460e-03
 4.56813 3.35291e-03
 4.58040 2.51726e-03
 4.59267 2.52006e-03
 4.60494 1.68180e-03
 4.61721 0.00000e+00
 4.62949 8.42338e-04
 4.64176 2.53145e-03
 4.65403 8.45052e-04
 4.66630 8.45925e-04
 4.67857 3.38721e-03
 4.69085 3.39180e-03
 4.70312 8.49378e-04
 4.71539 0.00000e+00
 4.72766 1.70284e-03
 4.73993 8.52516e-04
 4.75220 3.41564e-03
 4.76448 3.41968e-03
 4.77675 1.71355e-03
 4.78902 2.57231e-03
 4.80129 1.71985e-03
 4.81356 1.72230e-03
 4.82584 1.72471e-03
 4.83811 2.59228e-03
 4.85038 3.46371e-03
 4.86265 2.60070e-03
 4.87492 2.60691e-03
 4.88720 1.74050e-03
 4.89947 8.73357e-04
 4.91174 1.74800e-03
 4.92401 3.50430e-03
 4.93628 3.51241e-03
 4.94855 2.64129e-03
 4.96083 2.64494e-03
 4.97310 0.00000e+00
 4.98537 1.77197e-03
 4.99764 0.00000e+00
 5.00991 1.78208e-03
 5.02219 3.57132e-03
 5.03446 0.00000e+00
 5.04673 0.00000e+00
 5.05900 1.79913e-03
 5.07127 0.00000e+00
 5.08355 9.05698e-04
 5.09582 9.07290e-04
 5.10809 9.09243e-04
 5.12036 9.13771e-04
 5.13263 9.17448e-04
 5.14490 9.19079e-04
 5.15718 1.84471e-03
 5.16945 9.24538e-04
 5.18172 1.85737e-03
 5.19399 1.86040e-03
 5.20626 0.00000e+00
 5.21854 1.87411e-03
 5.23081 1.88226e-03
 5.24308 9.44057e-04
 5.25535 1.89776e-03
 5.26762 1.90307e-03
 5.27990 1.91307e-03
 5.29217 2.87617e-03
 5.30444 9.63966e-04
 5.31671 2.89801e-03
 5.32898 9.71923e-04
 5.34125 2.92571e-03
 5.35353 1.95941e-03
 5.36580 9.84012e-04
 5.37807 1.97578e-03
 5.39034 3.97493e-03
 5.40261 9.99652e-04
 5.41489 4.00845e-03
 5.42716 1.00532e-03
 5.43943 1.01199e-03
 5.45170 2.03401e-03
 5.46397 1.02178e-03
 5.47625 4.10419e-03
 5.48852 0.00000e+00
 5.50079 0.00000e+00
 5.51306 5.21927e-03
 5.52533 3.14624e-03
 5.53760 4.21729e-03
 5.54988 1.06030e-03
 5.56215 5.33385e-03
 5.57442 2.14412e-03
 5.58669 3.23377e-03
 5.59896 2.17455e-03
 5.61124 1.09325e-03
 5.62351 0.00000e+00
 5.63578 0.00000e+00
 5.64805 2.22901e-03
 5.66032 1.12326e-03
 5.67260 0.00000e+00
 5.68487 0.00000e+00
 5.69714 4.56438e-03
 5.70941 3.45558e-03
 5.72168 2.32392e-03
 5.73395 1.16890e-03
 5.74623 1.17694e-03
 5.75850 2.36422e-03
 5.77077 0.00000e+00
 5.78304 2.39769e-03
 5.79531 1.20792e-03
 5.80759 1.22312e-03
 5.81986 2.45741e-03
 5.83213 2.47372e-03
 5.84440 2.49926e-03
 5.85667 5.02762e-03
 5.86895 2.53601e-03
 5.88122 2.55683e-03
 5.89349 2.58119e-03
 5.90576 0.00000e+00
 5.91803 2.61824e-03
 5.93030 1.32230e-03
 5.94258 1.33335e-03
 5.95485 2.68929e-03
 5.96712 1.35817e-03
 5.97939 2.73312e-03
 5.99166 0.00000e+00
 6.00394 1.39236e-03
 6.01621 1.40014e-03
 6.02848 2.83946e-03
 6.04075 0.00000e+00
 6.05302 4.32946e-03
 6.06530 2.91396e-03
 6.07757 1.47434e-03
 6.08984 1.48299e-03
 6.10211 1.50599e-03
 6.11438 1.51450e-03
 6.12665 0.00000e+00
 6.13893 0.00000e+00
 6.15120 4.71249e-03
 6.16347 3.16338e-03
 6.17574 0.00000e+00
 6.18801 0.00000e+00
 6.20029 0.00000e+00
 6.21256 0.00000e+00
 6.22483 0.00000e+00
 6.23710 1.69122e-03
 6.24937 0.00000e+00
 6.26165 1.72952e-03
 6.27392 0.00000e+00
 6.28619 0.00000e+00
 6.29846 0.00000e+00
 6.31073 1.81378e-03
 6.32300 0.00000e+00
 6.33528 3.71966e-03
 6.34755 3.73986e-03
 6.35982 3.77579e-03
 6.37209 0.00000e+00
 6.38436 1.93924e-03
 6.39664 0.00000e+00
 6.40891 1.98440e-03
 6.42118 4.03955e-03
 6.43345 0.00000e+00
 6.44572 2.05878e-03
 6.45800 4.18495e-03
 6.47027 4.23231e-03
 6.48254 2.15907e-03
 6.49481 2.18284e-03
 6.50708 2.22176e-03
 6.51935 0.00000e+00
 6.53163 0.00000e+00
 6.54390 2.28903e-03
 6.55617 2.33525e-03
 6.56844 2.37512e-03
 6.58071 0.00000e+00
 6.59299 2.43780e-03
 6.60526 2.47873e-03
 6.61753 0.00000e+00
 6.62980 2.52477e-03
 6.64207 0.00000e+00
 6.65435 2.61366e-03
 6.66662 5.28385e-03
 6.67889 0.00000e+00
 6.69116 2.73867e-03
 6.70343 2.76133e-03
 6.71570 2.82914e-03
 6.72798 0.00000e+00
 6.74025 0.00000e+00
 6.75252 0.00000e+00
 6.76479 5.98055e-03
 6.77706 3.02057e-03
