# npar = 1, n_ded = 0
#         weight            chi2        param[0]
#                                     alpha_topo
      1.81245424              -6      3.00656395
      1.85703696              -9      1.26474009
      1.89618522              -0      5.44646064
      2.25629821              -5     0.860360268
      2.04451811              -0      5.74962781
      1.69307825              -7      4.33356759
      1.71805394              -6      3.69434287
      1.69983048              -1      4.49086521
       2.2469745              -0      6.04860502
      1.71680837              -2      4.69358048
      1.69692855              -1      3.97407401
      1.96445706              -9      1.12587147
      1.70899395              -1      1.80643969
      2.09365048              -0      5.83071361
      1.71588148              -9      1.62782625
      1.74064669              -9      1.51134949
      1.78739615              -1      3.18653365
      1.80186726              -2      2.34877492
      1.72650615              -4      3.61728596
      1.81142549              -1      3.01484415
      1.75941412              -7      3.37191762
      1.74719254              -9      2.07753758
      1.72412623              -7      4.75605477
      1.77740231              -9      2.22256987
      1.75501872              -6      3.40187837
      1.71557275              -6      3.71904228
      1.76500646              -5      1.43990826
      1.84687006              -0      5.31259389
      1.72082731              -0      4.72899663
      1.71433867              -7      1.63961034
      1.69397143              -6      4.04826034
      1.69351099              -1      4.34911352
      1.70759106              -5      1.75350848
      1.82738935              -7       2.8598697
      1.70778799              -9      1.77230739
      1.99169279              -0      5.65366517
      1.73627994              -2      1.52696593
      2.25219368              -0      6.05530573
      1.70113592              -2      3.89783853
      1.74027237              -9      2.04236598
       2.1975818              -1     0.906500462
      1.70032892              -7      4.49904502
      2.85177775              -0      6.66234272
      2.92156857              -1      6.72011293
      1.71117713              -2      1.66938494
      1.85566464              -0      5.33837478
      2.12987701              -1       5.8864471
      2.53849505              -9     0.665725612
      1.90721024              -0      5.47333173
      1.77782763              -7      1.40903614
      2.52247769              -9     0.675874263
        1.799092              -5       3.1066551
      1.70099071              -7      3.90015472
      1.70791054              -7      1.72699195
      2.11344965              -0      5.86155893
      1.72687871              -4      1.96711176
      1.77715358              -2      2.22136968
      1.81751311              -9      2.96361159
      1.69203544              -4      4.12863962
      1.70626282              -6      3.82488745
      1.78645422              -1      5.10195922
      1.70812173              -2      1.71980697
      1.84726487              -0      5.31377196
      2.04615612              -9        1.040343
       1.7041454              -7      4.55500235
      1.70844363              -0      4.60812905
      1.80708932              -4      3.04848507
      2.03167314              -1      1.05464158
      2.03201227              -0      5.72781739
       1.7525534              -9       2.1038579
      1.83266447              -1      2.76702908
       1.7234256              -6      3.64428099
      1.77571574              -0      5.05580899
      1.79735456              -5      1.36745575
      1.70154705              -6       3.8913727
      1.75832442              -9      1.45750963
      2.11007959              -4     0.980732512
      1.73795673              -0      4.85492073
       1.7283037              -2      1.97581065
      1.72118503              -1      3.66465503
      1.83251351              -6       2.6226997
      1.69230342              -0      4.11328357
      1.76032457              -9      2.14117724
       1.7480768              -5      2.08192444
      1.69948642              -6      3.92526138
      1.75097284              -5      2.09616123
      1.90859648              -1       5.4766444
      1.80669906              -9      1.34931631
      2.11333157              -9     0.977835109
      1.74649824              -7      3.46168427
      2.74664669              -4        6.571773
      1.72023635              -5      3.67349124
      1.76806519              -0      5.02056896
      1.78463128              -9      1.39390391
      1.69141813              -4      4.20906424
       1.7246161              -1      3.63371723
      1.69301899              -6       4.3312861
      2.06368855              -0      5.78209519
      1.71020445              -5      1.68124164
      1.75817657              -5      2.13092819
      1.82638897              -1      2.87252967
       1.7074059              -0      4.59603419
      1.69271923              -1      4.09351562
      1.74227335              -0      4.88209287
       2.5670904              -4     0.647814949
      1.83132316              -2      2.59719241
      1.81020486              -2      3.02450791
      2.12494452              -9     0.967583882
      1.71462114              -5      1.63735358
       1.6987488              -4      4.47219768
      1.69188995              -6      4.27433198
      1.82802529              -4      2.54815215
      2.17646704              -7      5.95392188
      1.87945351              -5      1.23215478
      1.71177136              -0      4.64441445
      2.34095913              -0      6.16380092
      2.62922253              -1      6.46464038
      1.76848449              -5      3.31134042
      1.74260915              -4       3.4899726
      1.72957523              -0      3.59140749
      1.80218677              -1        1.357953
      1.69144517              -6      4.18994938
      1.80700424              -4      3.04912741
      1.75395793              -7      3.40918846
      1.75545905              -0      4.95726701
      1.75267394              -7      4.94224724
      1.73535641              -9      1.53043102
      1.71189184              -9       1.6617191
      1.77796695              -9      2.22529769
      2.07177915              -9      1.01580473
      1.80888484              -4      3.03477978
      1.79385328              -4      2.30497495
      1.75278411              -1      2.10497759
      1.77017349              -2      3.30018339
       1.8112172              -6      3.01650508
      1.70985591              -9      1.68604226
      1.75113123              -1      4.93374449
      1.69262779              -7      4.31501434
      1.83074295              -5      2.58693245
      1.79721419              -0       5.1449171
      1.71054092              -4      1.83158883
      1.74172507              -6      3.49650827
       1.6919749              -7      4.28017572
      1.70591082              -1        4.577838
      1.69858861              -7      4.46931449
        1.818228              -4      2.95717323
      1.70992091              -2      1.82251299
      1.72601789              -9      1.56971379
      1.69142351              -4      4.19870984
      1.71982844              -6      3.67733169
      1.71268198              -6      3.74938595
      1.73892441              -0      4.86114012
      1.70842294              -5      1.79378146
      1.69247394              -2      4.10471123
      1.76031204              -1       3.3658548
      1.80228429              -5      2.35115637
      2.27383756              -2     0.847052673
      1.79295221              -9      2.30024577
      1.77764791              -4      3.25099309
      1.70297566              -7      4.53892812
      1.71162957              -7      3.76091779
      1.69171686              -4      4.15228802
      2.65127472              -0      6.48530149
      1.81710893              -6      2.96720503
      1.71028094              -9      1.68023348
      1.70783072              -5      1.77439016
      1.69780215              -4      4.45464913
      1.73092119              -7      3.58034153
      1.72658458              -1      3.61661266
      1.70833968              -4      3.79897648
      1.83125138              -0      2.59586511
      2.26980554              -0      6.07763423
      1.77745981              -6      3.25223012
      1.69684354              -0      4.43544842
      1.69168107              -1      4.25716362
      1.83001301              -5      2.82171476
      1.72436495              -2      1.95116419
      1.69663833              -2      4.43111651
      1.74884933              -5      3.44491203
      1.82665263              -5      2.53202609
      1.92935202              -1      5.52462437
      1.86264918              -1      1.25634618
      1.71464364              -9      1.87717848
      1.69552445              -0      4.40590767
      1.69857589              -4      3.94160662
      1.75438817              -0       4.9515409
      1.69177003              -0       4.1476762
      2.03766338              -1      5.73773732
      1.69290544              -0      4.08570744
      1.69144334              -7      4.22234031
      1.77578724              -1      5.05612844
      1.76308529              -9      1.44484862
       1.7271664              -9      1.56437546
      1.89351615              -7      5.43980942
      1.93528515              -9      1.15985974
      1.71427312              -0      4.66958862
      1.83630524              -0      5.28029559
      1.92426368              -0      5.51313094
       1.7850551              -1      2.26002568
      1.81495173              -2      2.98587269
      1.73329644              -5      2.00476699
      2.21596902              -1     0.891771672
      1.82071063              -2      2.47522246
      2.11607407              -0      5.86557658
      1.83381479              -6      2.71920255
      1.76837892              -1      5.02205718
      1.74536046              -6      3.46988629
      1.73210423              -4      1.99803959
      1.88581182              -7      5.42027225
      2.05052961              -0      5.75993107
      1.71645476              -9        1.623748
      1.72679922              -5       1.5660633
      1.69918993              -2      3.93047781
      1.76257081              -7      3.35067712
      1.71246246              -9      1.65606772
      2.50202418              -4     0.688961024
      1.82894253              -2      2.83836232
      1.76848952              -9      2.17996159
      1.82141025              -2      2.48115668
      1.82486715              -9       1.3165535
      1.72983908              -9      1.55257345
       1.8180667              -4      2.95863537
      1.73412886              -5      2.00940423
      1.72787747              -1      4.78497343
      1.82002696              -4      5.22729345
      1.70750155              -0      4.59716645
      1.93433161              -9      1.16100887
      1.69505374              -1      4.01769418
      2.84234912              -0      6.65440163
       1.7309136              -2      4.80713128
      1.75218028              -4      3.42151713
      1.73312113              -2      4.82261909
       1.7703238              -6      3.29919167
      1.72296069              -2      3.64845414
      1.69212903              -6      4.12295518
      1.73003056              -9      1.55175811
      1.73667097              -1      4.84653561
      1.86473821              -9      1.25326391
      1.71324038              -0      4.65939124
      1.83393428              -4      2.68715529
      1.70240277              -4       3.8783196
      1.70850459              -9      1.70985162
      1.70305013              -1      3.86877665
      2.16097257              -0      5.93196152
       1.9303364              -0      5.52682872
      1.69545942              -1      4.00744334
       1.7052309              -0      4.56922941
      1.69326069              -7      4.07206339
      1.71428113              -4      3.73237368
      1.88124891              -0      5.40845418
      2.02050838              -0      5.70728228
      1.72580936              -9      1.57070206
      1.81259873              -5       2.4148028
      1.71930705              -7      1.91591865
      1.71843983              -9      1.61061654
      1.82765445              -7      2.85637475
      1.77975203              -9      1.40467757
       1.7550622              -7      4.95515202
      1.69611033              -0      4.41955089
      1.70389937              -1      4.55168885
      1.95170485              -0       5.5732454
      2.13752401              -2      5.89782758
      2.01585093              -0      5.69883333
      1.70909383              -5      1.69809956
      1.77766067              -7      3.25090913
      1.72679058              -4      4.77677981
      1.75294653              -1      2.10576529
      1.74135685              -5      3.49924277
      1.83351849              -1      2.73706455
      1.70690067              -1      4.58999191
      1.70829596              -2       3.7995054
      1.69339648              -1      4.06720095
      1.80657264              -9      1.34955531
      1.79990775              -5      3.10089458
      1.94849138              -0      5.56643279
      1.95710529              -0       5.5845685
      1.86311663              -9      1.25565454
       1.7724546              -5      3.28514989
      1.85629754              -0      5.34019396
      1.69454401              -7      4.03142362
      1.74315277              -4      2.05720814
      1.69390623              -4      4.36194199
      1.94015019              -2      5.54847844
      1.78254831              -0      5.08558318
      1.74220205              -9      1.50606066
      1.72116152              -7      1.59455075
      1.83394369              -2      2.68946878
      1.75460791              -0      4.95272082
      1.71002383              -4      4.62580139
      1.94790214              -1      5.56517739
      1.73672767              -9      1.52530785
      1.79432511              -5         3.13974
      1.70635493              -5      3.82370206
      1.71916265              -4      3.68365489
      2.24610426              -1      6.04748394
      1.77308139              -5      2.20182757
      1.80085636              -0      5.15880701
      1.70222145              -0       4.5281026
      1.78392662              -2      3.20959144
      1.71500542              -9      1.88051893
      1.80649485              -1      5.17972246
      1.81682851              -5      2.44466796
      1.78024268              -2       1.4035765
      1.79791949              -5      2.32677018
      1.80060847              -4      3.09591958
       1.8314923              -0      2.60039415
      2.10833257              -1     0.982293993
      1.70778965              -9      1.73227368
       2.6176915              -4      6.45372858
      1.83388733              -5      2.71210368
      1.73779188              -4      2.02929806
      1.86476753              -9      1.25322081
      1.69527312              -7      4.01208369
      1.72175541              -2      3.65940425
      1.77388695              -5      3.27572418
       1.7423901              -9      1.50543006
      1.73420847              -9      1.53482643
      1.74418053              -4      2.06242926
      2.66222615              -6        6.495464
      1.72552721              -9      3.62574617
      1.70008763              -6       4.4951159
      2.00001695              -5      1.08710694
      1.70819995              -1      3.80066921
      1.69512704              -1      4.39607841
      1.87477452              -7      5.39135225
      1.70613358              -4      4.58061118
      2.29104542              -2      6.10400797
       1.7996199              -9      2.33613469
      1.69216128              -6      4.12108387
      1.69967985              -6       3.9219095
      1.77292567              -5      3.28204907
      1.81398279              -6       2.9940067
       1.7401418              -7      4.86885701
       1.8272206              -4      2.86206202
       1.7466874              -2      3.46032621
      1.88239037              -1      5.41142838
      1.79142163              -4      5.12216556
      1.92788986              -7      5.52133874
      1.70024817              -4      3.91228131
      1.69790523              -1      4.45662256
      1.82981687              -5      2.82490732
      1.83917927              -0      5.28923408
      1.78858104              -5      3.17861255
      1.94489024              -4      5.55873007
      1.71752235              -5      1.61651112
      1.69143932              -5      4.22105426
      2.12455122              -1      5.87844531
      1.83395497              -4      2.69630489
      1.80733504              -6      3.04662636
      1.72576979              -6      3.62363986
      1.76900968              -9       1.4298966
      2.88907149              -1      6.69342886
      2.33437822              -0      6.15608227
      2.26186074              -9     0.856117713
      1.74722756              -1      4.91160453
      2.10412892              -7      5.84715784
      1.77477064              -2      3.26991222
      1.70827411              -9      1.78982862
       1.7306882              -6      3.58224554
      1.77412731              -2      2.20682973
      1.83203034              -2      2.61139617
      2.29667966              -7      6.11090684
      1.75670904              -2      3.39029692
      1.73810983              -4      3.52369164
      1.71022515              -7      3.77676724
      1.81120584              -7      2.40555408
      1.76453819              -7      3.33753366
      2.10992947              -1       5.8561445
      1.69919391              -7      3.93040716
      1.69182674              -7      4.26963191
       1.7267939              -4       3.6148189
      1.75509755              -4      3.40133643
      1.69169536              -6      4.25851917
      2.06222309              -4      5.77965257
      1.74504874              -5      3.47214378
      1.77687744              -5      2.22003825
      1.69621666              -6      3.98960159
      1.76366286              -2      3.34337348
      1.78335749              -7      2.25161376
      1.73739352              -4      3.52917171
       1.9960853              -9      1.09126563
      1.75006064              -1      2.09169691
      1.86332502              -9      1.25534655
      2.51590069              -4      6.35387007
      1.79481973              -2      3.13634752
      1.78591866              -1      2.26433204
      1.70770351              -9      1.76739125
      1.87253803              -9      1.24194777
      1.96639263              -9      1.12369089
      1.82237126              -2      2.91732462
      1.82181843              -1      5.23333805
      1.79543838              -0       5.1380308
      1.76882801              -0      5.02418078
      1.86815864              -0      5.37345109
      1.84489783              -0      5.30667871
      1.80425606              -1      2.36258335
      1.72009795              -6      3.67479146
      1.82232474              -6      2.91780101
      1.84081297              -4      5.29426322
      1.76247751              -5      2.15141926
      2.62219347              -4       6.4579978
      1.78426842              -7      3.20732752
      1.73557242              -1      4.83925768
       1.7076749              -7      1.73918279
      2.25830075              -0      6.06309715
      1.94618364              -9      1.14690433
      1.81616919              -2      2.97543853
      1.69490504              -2      4.39035287
      2.02586318              -2      1.06047116
      1.76841198              -4      3.31182002
      1.79285739              -6      3.14975969
      2.60478396              -5      0.62458817
      1.80297656              -5       2.3551362
       1.7322891              -6      4.81683987
      2.11619743              -9     0.975291532
      1.83276979              -0        2.764026
      1.73487338              -9      1.53226825
      2.51099246              -0      6.34888079
      1.79634847              -7       3.1258071
      1.69969401              -0       4.4885817
      1.76632252              -0      5.01223106
      1.84030437              -9      1.29083615
      2.37067708              -9     0.776893407
      1.81869779              -5      2.45892671
      1.81151901              -1      3.01409675
      1.82402838              -0      5.24071899
      1.69161554              -0      4.16239218
       1.7418233              -7      4.87932672
      2.21816892              -1      6.01089444
      1.81785168              -1      2.96057581
      1.69590519              -4      4.41487851
      1.96428848              -9       1.1260618
      1.89946676              -9      1.20495845
      1.76151358              -6      3.35776862
      1.69452566              -1      4.38012112
      1.71168286              -0       3.7603271
      1.90738176              -2      5.47374239
       1.6928924              -4      4.08623752
      2.32590904              -9     0.808674908
      1.82651397              -9      2.53048398
      2.01181878              -0      5.69145355
      1.73932263              -6      2.03739653
      2.02435765              -0      5.71420555
       1.7358682              -9      2.01894843
      2.17898608              -1      5.95744965
      1.69169554              -1      4.15425109
      1.83627008              -9      1.29739228
      2.15385054              -0      5.92171194
      1.81385924              -4      2.42340242
      1.82965424              -1      5.25914584
      1.81511445              -6      2.43220682
      1.85760138              -0      5.34392693
      2.72971703              -1      6.55674444
       1.7155897              -1      1.88576682
      1.81713447              -4      2.44695095
      1.81659506              -5      2.97172766
      1.71575086              -5      1.62877625
      1.73899846              -5      2.03569092
      1.76465755              -9       1.4407987
      1.83268491              -1      2.62716317
       1.9060564              -7      5.47056345
      1.78017842              -5      1.40372047
      1.69997511              -1      4.49326414
      1.79262834              -6      3.15131735
      1.76334439              -9      2.15553739
      1.82623299              -5      2.87443579
      2.10722901              -7     0.983282145
       2.0881638              -0      5.82199179
      1.72511046              -1      4.76382079
      1.88232057              -0      5.41124687
      1.69142075              -1      4.21213338
      2.23287788              -0      6.03030785
      1.71493681              -7      4.67600728
      1.81732807              -9      2.44840536
      1.72273539              -4       1.5860434
      1.69193318              -7      4.27736626
      1.97341339              -9      1.11585324
       1.6940224              -2       4.0466898
      1.79047291              -4      3.16590402
      2.97228163              -0      6.76104953
      1.81977806              -9       2.4675379
      1.76855776              -7      1.43100859
      1.71144793              -9      1.66639377
       1.7189355              -9      1.60754239
      1.74843364              -7        4.918544
      1.82551987              -9       2.5198183
      1.79272714              -7      1.37682183
      1.69591447              -4      3.99653988
      1.95752288              -9      1.13375594
      1.70935697              -9      1.69363946
      2.07482213              -5      1.01295079
       1.8843043              -9      1.22541224
      2.15144237              -2     0.944722883
      1.92418386              -0      5.51294932
      1.70271465              -4      3.87368833
      1.83364636              -5      2.73048909
      1.75034678              -2      1.48027569
      1.82360963              -1      2.50092433
       2.5228654              -5     0.675627588
      1.90072879              -4      5.45764991
      1.77120185              -5      1.42456516
      1.70818102              -2      4.60510695
      1.72463952              -4      4.76012146
      1.83213702              -5      2.78055017
      1.96792721              -9      1.12196822
      1.79982301              -4      3.10149446
       1.7046841              -1      3.84579757
      1.72921403              -7      3.59440529
      1.79944279              -6      3.10418194
      2.08224017              -9      1.00604431
      1.87724658              -7      1.23525644
      2.50285337              -0      6.34056898
      1.85953054              -0       5.3494143
      1.82116754              -4      2.92941375
      2.73166897              -9     0.549193445
      1.81271031              -9      2.41555491
      1.78777258              -1       2.2736454
      2.02968043              -9      1.05663481
      1.75693463              -7      2.12498346
      2.32861838              -9     0.806721218
      2.58552993              -0      6.42288412
      1.72768401              -4      4.78352557
      1.82250919              -1      2.49080571
      2.78934415              -0      6.60910942
      1.70779098              -5      1.73220768
      1.83210394              -7      2.61301684
      1.80921784              -0      5.18958152
      2.42944392              -0      6.26329279
      1.70475631              -1      4.56308545
      1.72546311              -1       3.6263039
       2.5013091              -0      6.33898649
      1.70020251              -0      4.49699368
      1.73103284              -5      1.99190084
      1.86547994              -0      5.36607476
      1.75638145              -0      4.96215151
      1.81105934              -1      2.40459574
      1.74901183              -7       3.4437611
       1.8034561              -5       3.0754203
      2.27943981              -9     0.842844368
      1.71009085              -9      1.68276757
      1.69975558              -0       3.9206079
      1.82102934              -7      2.47790693
      2.21259772              -4      6.00345234
      1.78316087              -1      2.25064378
      1.72259628              -9      1.58677565
      1.83801103              -1      5.28561492
      2.08300316              -7      5.81371623
      1.77548397              -1      3.26522179
      1.72831411              -7      3.60192813
      1.69142818              -6      4.19616502
      1.81704424              -0      5.21710404
      1.69141754              -2      4.20536214
      1.77088469              -2      2.19135128
      1.69457137              -7      4.38138631
      1.80998789              -9      2.39766499
      2.63316853              -0      6.46835721
      1.69596862              -1      3.99527994
      1.82859227              -1       5.2557063
      1.69708452              -2      4.44042949
       1.8031364              -1      5.16734818
      1.71085327              -7      1.67312179
      2.24536579              -9      0.86876006
      1.73387928              -0      3.55656202
      1.73679859              -9      2.02397942
      1.80309683              -4       3.0780335
      1.73520997              -0      4.83683277
       1.7076514              -9        1.763347
      1.72563019              -2      1.57155615
      1.87066671              -7      5.38028964
      1.83258063              -1       2.7693356
      1.73857941              -9      1.51859308
      1.94604295              -0      5.56120362
      1.81582084              -7      2.97844977
      1.86989339              -9      1.24575151
      1.84513048              -9      1.28313421
      1.72384056              -2      3.64057922
      2.09469267              -1      5.83236155
      1.78034409              -5      2.23683674
       2.1429255              -9      0.95199348
      1.75310525              -9      1.47216015
       1.6996901              -1       3.9217331
      2.40704946              -7      6.23882075
      2.67989497              -1      6.51172717
      1.77055938              -2      2.18980268
      1.69143382              -7      4.21908676
      1.93346767              -0      5.53380036
      1.70041784              -7      4.50047888
      2.01325138              -9      1.07332037
      1.81623941              -4      2.97482892
      1.72202001              -9      1.93544161
      1.74659791              -9      1.49177736
      2.43486616              -5     0.733019468
      2.03140092              -0      5.72673773
      1.79656612              -7      3.12429924
      1.69177258              -6      4.14746429
      1.74470619              -7      3.47462968
      1.70674164              -7      3.81876385
      1.77513661              -5      1.41524213
      2.33374968              -0      6.15534256
      2.54389597              -2      6.38200503
      1.74058384              -9      2.04398704
       1.6938825              -0      4.05103919
      2.12755424              -9     0.965300249
      1.69646762              -7      4.42744558
      1.73044862              -9      1.98851356
       1.8162848              -7      2.97443439
      1.69443123              -2      4.03460935
      1.87655394              -6      5.39609254
      1.69151538              -4      4.17546579
      1.74297257              -0      4.88636122
      1.80157561              -2      2.34711633
      1.83395375              -5       2.6981852
      1.74148936              -0      4.87726448
      1.75312824              -1         3.41493
      1.76614066              -0      5.01135384
      1.71834676              -7      4.70748787
      1.72403158              -7      4.75530084
      1.83393191              -2       2.6866626
      1.74863436              -0      4.91969007
      1.76516918              -9      1.43949402
      1.81962074              -7      2.94429937
      1.69544223              -0      4.00786706
      1.78531336              -9      1.39242791
      1.69351934              -0      4.34939666
       1.7957859              -7      2.31523625
      1.82440476              -6      2.50856312
      1.82797193              -9      1.31123921
      1.72862304              -4      3.59933681
      1.74792309              -4      3.45149232
      1.73125611              -2      3.57761281
      1.99489402              -5       1.0925316
      1.72983871              -7      3.58922839
      1.75679697              -7      3.38969659
      2.33147333              -2      6.15265985
      1.72314812              -2      4.74820238
      1.69410986              -6      4.04402983
      1.79902818              -9      2.33285755
      1.80950482              -4      2.39458335
      1.96427666              -0       5.5993688
      1.75376593              -7      4.94818583
      1.69769743              -4      3.95839168
      1.72558209              -6      3.62526913
      1.72133274              -2        1.930647
      2.12200413              -0      5.87459594
      1.69173208              -4      4.15092841
      1.82202815              -0      2.92082034
      1.73046446              -1      4.80391801
      1.98832278              -0      5.64717432
       1.8248972              -6      2.89012539
      1.83384715              -5        2.716341
       1.8013076              -9      1.35966184
       1.8264686              -2      2.87154996
      2.15735267              -9      0.93971876
      1.69886924              -0      3.93623293
      1.69192519              -2      4.13592079
      1.70759113              -9       1.7508285
      1.77121364              -1      3.29332413
      1.69392718              -7      4.36259228
      1.83056669              -5      2.58400427
      2.25762507              -7       6.0622377
      1.72608989              -4      3.62087046
      1.70900929              -5      1.80674149
      1.69272527              -1      4.09325373
      2.56691557              -7      6.40474445
       1.8054458              -2      3.06079081
      1.89722102              -9      1.20793143
      1.72724676              -0      4.78023637
      1.81274353              -9      2.41577912
       1.6922965              -6      4.29900137
      1.71616672              -0      4.68763996
       1.7017172              -7      3.88873496
       2.0118022              -2      5.69142308
      2.03016627              -9      1.05614826
      1.81728941              -5      2.96560442
      1.69441396              -7      4.37698891
      1.74431154              -2      1.49909025
      1.78833009              -5      3.18029249
      1.69278996              -7      4.09048747
      1.81214893              -5      3.00903496
      2.15418495              -4     0.942396641
       2.1358738              -4      5.89538239
      1.72021922              -9      1.92266926
      1.73910929              -1      3.51609931
      1.70399269              -0      3.85534009
      1.92207532              -0      5.50813594
      1.76223901              -9      1.44705453
      2.10926992              -0      5.85512676
      1.78555444              -9      2.26251344
      1.83027343              -5       2.5792976
      1.82595989              -4       2.5244585
      1.73578833              -0       4.8406966
      1.69598516              -2      4.41671276
      1.71250769              -5      3.75127645
      1.75731148              -6      3.38618796
      1.73541161              -0      3.54451161
      1.82198236              -5       2.9212837
       1.7490916              -4       3.4431965
      1.81796836              -9       2.4532718
      1.76382365              -6      3.34229983
      1.80872887              -0      5.18782228
      1.80068474              -1      5.15815939
      1.94382996              -0      5.55644817
       1.8338271              -4      2.67403646
      1.70913987              -4      3.78941126
      1.76663868              -9      2.17117405
      1.73239926              -6      3.56837067
      2.26934817              -9     0.850439603
      2.70972617              -0      6.53882632
      2.09701732              -9      0.99249302
      1.69384166              -2      4.05233179
      2.27565927              -0      6.08496191
      1.69520744              -4      4.01374645
      1.70545639              -7      4.57210912
      2.17444888              -9     0.925427258
      2.14804323              -7      5.91327931
      1.79647976              -2      2.31896232
      1.73000517              -7      1.98592265
      1.80314632              -9      2.35611729
      1.79139501              -1      3.15967895
      1.75188109              -7      4.93789415
      1.73672509              -2      3.53431559
      1.83098821              -4      2.80460815
      1.82474293              -5      2.89187133
      1.71870777              -9      1.91136535
      1.77804834              -4      3.24835931
      1.69771609              -7      3.95802339
      1.71610668              -9      1.62620689
      1.76392312              -7      3.34163584
       1.7035581              -5       3.8614712
      1.86264999              -7      5.35819846
      1.69174922              -4      4.14943662
      1.69386816              -5      4.05149186
      1.70983667              -5      1.68631805
      2.07049845              -4      5.79336399
      1.95574833              -4      5.58173798
      1.71691777              -1      4.69458488
      1.71571156              -6      4.68337347
      1.95065281              -4      5.57102129
      1.73071752              -5       3.5820057
      1.88430459              -0      5.41638934
      1.74963427              -0      4.92536294
      1.73842165              -0      4.85791842
      1.89490407              -9      1.21101866
      1.71946673              -2      1.91711552
      1.83321092              -7      2.64321724
      1.70145198              -4      3.89285617
      1.94151255              -9      1.15241746
      1.88690068              -2      5.42306475
       2.2403838              -9     0.872615605
      1.70941236              -1      3.78620211
      1.82670389              -7      2.86862825
      1.75047556              -2       4.9300895
      1.79479302              -1      2.30994373
      2.19368125              -0      5.97780188
      1.82763592              -5      2.54340519
      1.99782974              -1      5.66536179
      1.70946872              -4       1.6918499
      1.72095601              -9      1.92797812
      1.75218978              -9      2.10209131
      1.76768479              -6      5.01875928
      1.83150069              -5       2.6005557
      1.84689392              -0      5.31266515
      1.79960736              -1      3.10301958
      1.76041199              -0      4.98300052
      2.08597208              -7      1.00259641
      1.75709869              -1      2.12576969
      1.72739288              -9      1.56334291
      1.81364381              -5       2.9968194
      1.70151665              -0      3.89184631
      2.58363761              -0      6.42104991
      1.87397664              -9      1.23989251
      1.69962515              -2      3.92285339
      1.92616447              -9      1.17095907
      1.72336819              -2      4.74998113
      1.71996544              -2       1.6013763
      1.69610863              -6      4.41951273
      2.98704162              -1      6.77281065
      1.70835446              -6      3.79879787
      1.75072846              -0      4.93150226
      1.78559461              -1      2.26271385
      1.73894568              -2      4.86127598
      1.93279047              -0      5.53229776
      1.71328879              -9      1.86393535
      1.71727016              -9      1.90000339
      1.71843027              -4       1.9092225
      1.69652469              -0      4.42867985
      1.82071509              -1      2.93383827
      1.86292917              -9      1.25593177
      1.73991181              -6      3.51004692
      1.73430877              -5      2.01040036
      1.77099358              -4      3.29477468
      2.51821874              -7      6.35622042
      1.82155462              -2      2.48240064
        1.821272              -9      2.47997183
      1.82617989              -1      2.52682557
      1.89260114              -5      1.21410768
      1.73193073              -0      4.81432924
       1.7206644              -4      4.72761644
      1.72072432              -4      3.66892985
      1.69320132              -0      4.07424579
      1.81888002              -9      2.46035889
      1.93701919              -9       1.1577766
      1.73838342              -4      3.52160715
      1.83320765              -5      2.74986334
      2.13408172              -5     0.959619778
      1.69323918              -7      4.33956389
      1.69695408              -4      4.43774724
      1.92616346              -4      5.51744171
      1.69581364              -2       4.4127582
      1.98658628              -9      1.10143826
      1.79466626              -5      3.13740101
      1.80926941              -0      5.18976678
      1.71389313              -0      3.73644771
      1.72924025              -9      1.98141124
      1.71693717              -6      3.70532015
      1.73120322              -5      3.57804309
      1.69734416              -7      3.96547032
      1.72232743              -4      3.65418326
      1.69708313              -7      4.44040125
      2.16929032              -0      5.94380682
      1.77682214              -5      2.21977173
      1.73221806              -5      1.54269829
      1.74449435              -7      1.49849656
      1.70988703              -9      1.68559864
      2.60371096              -4      6.44039601
      2.02405598              -7       5.7136649
      1.69820769              -7      3.94850912
      1.71548114              -2      3.71997651
      1.72203455              -5      4.73909117
      1.71676407              -0      4.69317311
       1.7164734              -7      3.70994472
      1.83180745              -7      2.60667077
      2.19410681              -0      5.97838559
      1.69339849              -1      4.06713015
      2.08694989              -0      5.82005152
      1.81446627              -2      2.42762871
      1.95625674              -9      1.13520811
      2.22695812              -1     0.883094691
      2.10834287              -0      5.85369449
      2.29809592              -9     0.828971844
      1.69209195              -0      4.12515964
      1.69143328              -1      4.21887509
      2.16285167              -1     0.935092554
      2.23125242              -1      6.02817893
      1.69153642              -6      4.17230241
      1.75314489              -6      3.41481457
      1.70771376              -7        1.768068
      1.71825205              -2       1.9078342
      1.82660434              -7      2.53148734
      1.72405481              -5      1.57927082
      1.87537314              -4      5.39295037
      2.77269455              -0      6.59464438
      1.71572434              -0      4.68349389
      1.91406836              -4      1.18606956
      1.70761744              -9      1.74480224
      1.69692042              -0      3.97424551
      1.69144039              -7      4.22140901
      1.81976667              -7      2.94292294
      1.80037866              -4        3.097554
      1.79079507              -4      2.28905362
      1.80874851              -7      2.38980962
      1.69478928              -1      4.02468784
      1.71172644              -0      4.64394724
      2.08148344              -9      1.00674561
      2.18773563              -7      5.96961359
      1.69151155              -6      4.17607746
      2.04726628              -7      5.75435217
      1.93761402              -1      5.54293933
      1.72780328              -4      4.78441869
      1.74618633              -0      4.90553916
      2.80774783              -0      6.62496333
      1.79004754              -2      3.16876854
      1.71183569              -4      4.64508259
       2.5107956              -5      0.68333095
      1.74581681              -4       3.4665896
      2.89730902              -7       6.7002276
      1.83025761              -4      2.57904909
      1.80678442              -4      3.05078435
      1.75160362              -7      3.42553887
      1.74661482              -0      4.90804371
      2.50399186              -7      6.34173453
      1.97075051              -0      5.61250755
      1.69967382              -0      3.92201351
      1.69247573              -0      4.10462481
      1.81199121              -9       1.3394565
      1.71917854              -5      1.60606126
      1.83834293              -7      5.28664509
      1.92589525              -1      5.51683454
      1.83385127              -2      2.67621553
      1.70766627              -9      1.73986091
      2.85442991              -7      6.66457038
      1.69229953              -2      4.29916022
      1.83932306              -5      1.29242077
      1.77873076              -6       3.2438697
      1.71486167              -0      4.67528564
      1.95705123              -7      5.58445591
      1.84485708              -9      1.28356655
      1.79058888              -9      2.28799277
      1.70824683              -1      1.78906032
       1.6980715              -6      3.95110946
      1.76145599              -1      2.14656268
      1.71319361              -7      3.74387853
      2.03855604              -9      1.04780565
      1.71483035              -4      3.72666241
      1.87453774              -1      5.39071913
      1.69284357              -1      4.32427102
      1.70760564              -9      1.75778552
      1.76067531              -4       4.9843357
      1.78304853              -4      3.21540108
      1.73859933              -1       3.5199655
      1.81296082              -4      3.00243745
      1.79225855              -9      2.29662744
      1.75920721              -5       2.1358504
      1.81612876              -7      5.21394445
      2.10476027              -0      5.84813993
       1.7337364              -1      2.00722382
      1.82584748              -6      2.87907638
      1.83330766              -1      2.74609284
      1.71276004              -1      3.74854159
       1.7752071              -2      3.26704222
      1.75774419              -0       3.3832424
      1.72543245              -6      3.62657075
      1.78935636              -4      3.17341407
        1.698129              -4      3.95000849
      1.69422209              -2        4.040679
      2.47701163              -1      6.31385257
      1.69616203              -1      3.99083955
      1.78954502              -4      3.17214708
      1.81192279              -1      3.01085766
      1.85311911              -0      5.33101002
      2.42594027              -4       0.7390108
      1.80015236              -6      3.09916078
      2.33922008              -1      6.16176587
      1.71244166              -7      3.75199468
      1.83245548              -7      5.26813471
      2.00405508              -9      1.08286617
      1.83393122              -2       2.7055407
      1.72492437              -0      4.76236256
      1.69610566              -2      4.41944569
      1.84093988              -9      1.28981332
      2.08828436              -9      1.00046889
      1.72472676              -5      4.76080896
      1.71761776              -9      1.61588492
      2.01486343              -0      5.69703162
      1.72484783              -1      3.63168075
      1.73795726              -0      4.85492418
      1.78485816              -9      1.39341215
      1.73798465              -1      4.85510128
      1.69368568              -1      4.35492257
      1.70087261              -1      4.50769933
      1.83210142              -9      2.61296072
      1.79859036              -1      3.11018173
      1.80794711              -7      3.04197369
       1.7824748              -7      3.21919256
      1.69368736              -1      4.05731756
      1.69200367              -1      4.28205186
      1.70642685              -6      4.58422797
      2.12079261              -7     0.971232039
      1.80548037              -2      2.36982796
      1.80318238              -5        2.356326
      1.81342033              -1      2.99866471
      1.69190894              -4      4.27568129
      1.70590792              -2       3.8294889
      1.70508709              -0       4.5673798
       1.7075903              -4      1.75174953
      1.83019479              -2      2.57806771
      1.71511004              -9      1.63355815
      1.93410656              -0      5.53521536
      1.71543687              -5      1.88441072
      1.76010115              -5      2.14011284
      1.74763815              -2      3.45352364
      1.83259377              -9      2.76897871
      1.80542408              -6      3.06095201
       1.8244688              -5       2.8949435
      1.69964879              -1      3.92244509
      1.75448305              -4      3.40556557
      1.80672818              -1      2.37734078
      1.90314286              -4      5.46352846
      2.29019519              -2     0.834820594
      1.83393375              -5      2.70501924
      1.83328684              -4      2.64596639
      1.70146381              -6       3.8926711
       1.6927248              -7      4.09327401
      1.96626443              -4      5.60342498
      1.78430426              -4      5.09300045
      2.98162081              -4      6.76849901
      1.71889972              -7      3.68617142
      1.82734599              -2       2.8604354
      1.74838825              -1      3.44818337
       1.8139143              -2      2.99457631
      1.83155605              -5      2.60162944
      1.80287092              -2      2.35452671
      1.75884796              -1      3.37574968
      1.70807898              -4      3.80214028
      2.14630271              -9     0.949101926
      1.73389433              -6       4.8279287
      1.69998796              -4      3.91665021
      1.70929117              -1      3.78762638
      1.83137986              -4      5.26469741
      1.70760451              -5      1.75757584
