10 1
0.17157616
1 -1 1 1
         5.359945065 
   0.958701931493024 
0.12906429
1 -1 1 1
         4.172888103 
    1.64290332670855 
0.10485363
1 -1 1 1
         3.104459871 
    1.60985280321997 
0
1 -1 1 1
                   0 
                   0 
0.14017467
1 -1 1 1
         3.748970609 
    1.77271463897578 
0.10006401
1 -1 1 1
          2.22495572 
    1.11958495350309 
0.065768306
1 -1 1 1
         3.845468533 
   0.839863747346881 
0.13846681
1 -1 1 1
          3.86607267 
    1.74670725140695 
0
1 -1 1 1
                   0 
                   0 
0.15003213
1 -1 1 1
         1.485367562 
      0.635912033523 
