 0.50614 0.00000e+00
 0.51841 0.00000e+00
 0.53068 0.00000e+00
 0.54295 3.08356e-03
 0.55522 5.82976e-03
 0.56750 0.00000e+00
 0.57977 2.65701e-03
 0.59204 0.00000e+00
 0.60431 2.39399e-03
 0.61658 0.00000e+00
 0.62885 0.00000e+00
 0.64113 0.00000e+00
 0.65340 0.00000e+00
 0.66567 0.00000e+00
 0.67794 0.00000e+00
 0.69021 0.00000e+00
 0.70249 1.72151e-03
 0.71476 3.29233e-03
 0.72703 0.00000e+00
 0.73930 4.63355e-03
 0.75157 0.00000e+00
 0.76385 1.44526e-03
 0.77612 4.19828e-03
 0.78839 2.72169e-03
 0.80066 0.00000e+00
 0.81293 2.59222e-03
 0.82520 4.97379e-03
 0.83748 6.05232e-03
 0.84975 0.00000e+00
 0.86202 2.31241e-03
 0.87429 4.50196e-03
 0.88656 3.30642e-03
 0.89884 3.25000e-03
 0.91111 1.05223e-03
 0.92338 2.08169e-03
 0.93565 1.01467e-03
 0.94792 1.00545e-03
 0.96020 1.96482e-03
 0.97247 4.82971e-03
 0.98474 9.50461e-04
 0.99701 0.00000e+00
 1.00928 3.71750e-03
 1.02155 2.76259e-03
 1.03383 1.82444e-03
 1.04610 2.69666e-03
 1.05837 8.90593e-04
 1.07064 8.87039e-04
 1.08291 1.76479e-03
 1.09519 0.00000e+00
 1.10746 5.23518e-03
 1.11973 2.60530e-03
 1.13200 5.19516e-03
 1.14427 1.72766e-03
 1.15655 4.31524e-03
 1.16882 1.72425e-03
 1.18109 1.72493e-03
 1.19336 8.63292e-04
 1.20563 8.64089e-04
 1.21790 2.59942e-03
 1.23018 0.00000e+00
 1.24245 1.74472e-03
 1.25472 1.75541e-03
 1.26699 0.00000e+00
 1.27926 8.87823e-04
 1.29154 8.93913e-04
 1.30381 4.48502e-03
 1.31608 9.04876e-04
 1.32835 1.82313e-03
 1.34062 1.84402e-03
 1.35290 1.85279e-03
 1.36517 1.87038e-03
 1.37744 1.88920e-03
 1.38971 0.00000e+00
 1.40198 9.63333e-04
 1.41425 1.94171e-03
 1.42653 9.80923e-04
 1.43880 1.98864e-03
 1.45107 1.99837e-03
 1.46334 1.01603e-03
 1.47561 1.01771e-03
 1.48789 1.03189e-03
 1.50016 1.04336e-03
 1.51243 2.10181e-03
 1.52470 0.00000e+00
 1.53697 2.14087e-03
 1.54925 1.08268e-03
 1.56152 2.17878e-03
 1.57379 1.09408e-03
 1.58606 4.43084e-03
 1.59833 1.11466e-03
 1.61060 2.24263e-03
 1.62288 3.38601e-03
 1.63515 1.12951e-03
 1.64742 3.41081e-03
 1.65969 3.42355e-03
 1.67196 2.29202e-03
 1.68424 0.00000e+00
 1.69651 4.60225e-03
 1.70878 1.15196e-03
 1.72105 1.15205e-03
 1.73332 2.30435e-03
 1.74560 1.15099e-03
 1.75787 0.00000e+00
 1.77014 0.00000e+00
 1.78241 0.00000e+00
 1.79468 2.28037e-03
 1.80695 2.27493e-03
 1.81923 2.26538e-03
 1.83150 0.00000e+00
 1.84377 1.12112e-03
 1.85604 2.23262e-03
 1.86831 0.00000e+00
 1.88059 3.31415e-03
 1.89286 3.28548e-03
 1.90513 0.00000e+00
 1.91740 1.08482e-03
 1.92967 3.21715e-03
 1.94195 1.06979e-03
 1.95422 0.00000e+00
 1.96649 1.04897e-03
 1.97876 2.08571e-03
 1.99103 1.03440e-03
 2.00330 4.11795e-03
 2.01558 2.04722e-03
 2.02785 0.00000e+00
 2.04012 1.00633e-03
 2.05239 3.00028e-03
 2.06466 4.96758e-03
 2.07694 4.93764e-03
 2.08921 0.00000e+00
 2.10148 0.00000e+00
 2.11375 9.65037e-04
 2.12602 9.60077e-04
 2.13830 3.82208e-03
 2.15057 1.89982e-03
 2.16284 9.42638e-04
 2.17511 2.81933e-03
 2.18738 1.86916e-03
 2.19965 9.32013e-04
 2.21193 4.63034e-03
 2.22420 3.68977e-03
 2.23647 1.83814e-03
 2.24874 1.82957e-03
 2.26101 9.10769e-04
 2.27329 1.81760e-03
 2.28556 6.34036e-03
 2.29783 2.71056e-03
 2.31010 2.70317e-03
 2.32237 8.98782e-04
 2.33465 8.98481e-04
 2.34692 8.95844e-04
 2.35919 4.47563e-03
 2.37146 1.78800e-03
 2.38373 0.00000e+00
 2.39600 1.78527e-03
 2.40828 0.00000e+00
 2.42055 1.78390e-03
 2.43282 8.91928e-04
 2.44509 2.67627e-03
 2.45736 2.67717e-03
 2.46964 2.67870e-03
 2.48191 1.78685e-03
 2.49418 0.00000e+00
 2.50645 5.37171e-03
 2.51872 3.58506e-03
 2.53100 1.79453e-03
 2.54327 1.79769e-03
 2.55554 0.00000e+00
 2.56781 0.00000e+00
 2.58008 3.61587e-03
 2.59235 4.52755e-03
 2.60463 1.81403e-03
 2.61690 9.09379e-04
 2.62917 0.00000e+00
 2.64144 0.00000e+00
 2.65371 2.74738e-03
 2.66599 1.83397e-03
 2.67826 1.83773e-03
 2.69053 2.76392e-03
 2.70280 4.61942e-03
 2.71507 9.26813e-04
 2.72735 2.78221e-03
 2.73962 1.85846e-03
 2.75189 1.86303e-03
 2.76416 1.86817e-03
 2.77643 2.80726e-03
 2.78870 0.00000e+00
 2.80098 2.81936e-03
 2.81325 9.42270e-04
 2.82552 1.88622e-03
 2.83779 1.89021e-03
 2.85006 1.89319e-03
 2.86234 9.48126e-04
 2.87461 2.84755e-03
 2.88688 9.50700e-04
 2.89915 1.90434e-03
 2.91142 1.90588e-03
 2.92370 5.72338e-03
 2.93597 1.90905e-03
 2.94824 2.86614e-03
 2.96051 3.82310e-03
 2.97278 1.91247e-03
 2.98505 1.91291e-03
 2.99733 3.82612e-03
 3.00960 2.86961e-03
 3.02187 1.91266e-03
 3.03414 1.91223e-03
 3.04641 0.00000e+00
 3.05869 4.77516e-03
 3.07096 2.86296e-03
 3.08323 9.53836e-04
 3.09550 0.00000e+00
 3.10777 1.90285e-03
 3.12005 9.50292e-04
 3.13232 1.89844e-03
 3.14459 1.89586e-03
 3.15686 1.89090e-03
 3.16913 5.66596e-03
 3.18140 0.00000e+00
 3.19368 3.76384e-03
 3.20595 3.75772e-03
 3.21822 3.74888e-03
 3.23049 3.74097e-03
 3.24276 0.00000e+00
 3.25504 1.86087e-03
 3.26731 1.85753e-03
 3.27958 1.85186e-03
 3.29185 1.84788e-03
 3.30412 2.76706e-03
 3.31640 3.67656e-03
 3.32867 1.83387e-03
 3.34094 1.82912e-03
 3.35321 9.12648e-04
 3.36548 9.09897e-04
 3.37775 1.81299e-03
 3.39003 1.80958e-03
 3.40230 3.60388e-03
 3.41457 0.00000e+00
 3.42684 2.68876e-03
 3.43911 2.68154e-03
 3.45139 1.78315e-03
 3.46366 3.55452e-03
 3.47593 2.65935e-03
 3.48820 1.76710e-03
 3.50047 8.81379e-04
 3.51275 0.00000e+00
 3.52502 1.75286e-03
 3.53729 1.74988e-03
 3.54956 3.48956e-03
 3.56183 1.74054e-03
 3.57410 2.60233e-03
 3.58638 2.59725e-03
 3.59865 6.91451e-03
 3.61092 2.58646e-03
 3.62319 0.00000e+00
 3.63546 6.00868e-03
 3.64774 8.57076e-04
 3.66001 8.55502e-04
 3.67228 1.70736e-03
 3.68455 1.70341e-03
 3.69682 3.40306e-03
 3.70910 8.48792e-04
 3.72137 2.54348e-03
 3.73364 2.54026e-03
 3.74591 2.53706e-03
 3.75818 1.68888e-03
 3.77045 8.43825e-04
 3.78273 2.52870e-03
 3.79500 7.57712e-03
 3.80727 1.68269e-03
 3.81954 4.20350e-03
 3.83181 2.52032e-03
 3.84409 4.19791e-03
 3.85636 8.39350e-04
 3.86863 1.67826e-03
 3.88090 5.03333e-03
 3.89317 1.67765e-03
 3.90545 3.35537e-03
 3.91772 2.51688e-03
 3.92999 2.51765e-03
 3.94226 2.51864e-03
 3.95453 8.40049e-04
 3.96680 2.52068e-03
 3.97908 2.52271e-03
 3.99135 2.52544e-03
 4.00362 8.42556e-04
 4.01589 8.42908e-04
 4.02816 1.68811e-03
 4.04044 1.69092e-03
 4.05271 8.46634e-04
 4.06498 1.69576e-03
 4.07725 8.48677e-04
 4.08952 8.50225e-04
 4.10180 8.52145e-04
 4.11407 2.56125e-03
 4.12634 8.56121e-04
 4.13861 1.71610e-03
 4.15088 2.57862e-03
 4.16315 2.58418e-03
 4.17543 8.63629e-04
 4.18770 2.59918e-03
 4.19997 8.68831e-04
 4.21224 3.48150e-03
 4.22451 8.74063e-04
 4.23679 1.75148e-03
 4.24906 5.27420e-03
 4.26133 0.00000e+00
 4.27360 8.84529e-04
 4.28587 4.43646e-03
 4.29815 8.90862e-04
 4.31042 2.68156e-03
 4.32269 1.79554e-03
 4.33496 8.99692e-04
 4.34723 9.02551e-04
 4.35950 2.72361e-03
 4.37178 2.73684e-03
 4.38405 9.15465e-04
 4.39632 0.00000e+00
 4.40859 9.24216e-04
 4.42086 0.00000e+00
 4.43314 1.86463e-03
 4.44541 2.80470e-03
 4.45768 2.81555e-03
 4.46995 3.77099e-03
 4.48222 1.89667e-03
 4.49450 3.80854e-03
 4.50677 0.00000e+00
 4.51904 3.84263e-03
 4.53131 1.93143e-03
 4.54358 9.68309e-04
 4.55585 2.92708e-03
 4.56813 2.93655e-03
 4.58040 0.00000e+00
 4.59267 2.96620e-03
 4.60494 2.97997e-03
 4.61721 1.99483e-03
 4.62949 3.00876e-03
 4.64176 1.00679e-03
 4.65403 0.00000e+00
 4.66630 1.01524e-03
 4.67857 0.00000e+00
 4.69085 0.00000e+00
 4.70312 1.03297e-03
 4.71539 2.07246e-03
 4.72766 1.04047e-03
 4.73993 0.00000e+00
 4.75220 1.04761e-03
 4.76448 1.05349e-03
 4.77675 2.11679e-03
 4.78902 0.00000e+00
 4.80129 2.13129e-03
 4.81356 1.06833e-03
 4.82584 0.00000e+00
 4.83811 1.07557e-03
 4.85038 0.00000e+00
 4.86265 0.00000e+00
 4.87492 2.16968e-03
 4.88720 4.35204e-03
 4.89947 3.27114e-03
 4.91174 3.27754e-03
 4.92401 5.47423e-03
 4.93628 1.09732e-03
 4.94855 2.19726e-03
 4.96083 5.49772e-03
 4.97310 1.10041e-03
 4.98537 1.10144e-03
 4.99764 3.30607e-03
 5.00991 2.20449e-03
 5.02219 0.00000e+00
 5.03446 1.10203e-03
 5.04673 1.10136e-03
 5.05900 3.30168e-03
 5.07127 2.19832e-03
 5.08355 2.19660e-03
 5.09582 2.19222e-03
 5.10809 2.18806e-03
 5.12036 3.27424e-03
 5.13263 0.00000e+00
 5.14490 4.34576e-03
 5.15718 0.00000e+00
 5.16945 4.31906e-03
 5.18172 1.07556e-03
 5.19399 2.14720e-03
 5.20626 5.34544e-03
 5.21854 2.13140e-03
 5.23081 5.30093e-03
 5.24308 3.16426e-03
 5.25535 3.15036e-03
 5.26762 4.18686e-03
 5.27990 2.08117e-03
 5.29217 0.00000e+00
 5.30444 0.00000e+00
 5.31671 1.02575e-03
 5.32898 1.01920e-03
 5.34125 1.01130e-03
 5.35353 1.00885e-03
 5.36580 3.99998e-03
 5.37807 1.98965e-03
 5.39034 1.97687e-03
 5.40261 0.00000e+00
 5.41489 0.00000e+00
 5.42716 2.91415e-03
 5.43943 1.93225e-03
 5.45170 0.00000e+00
 5.46397 0.00000e+00
 5.47625 9.49701e-04
 5.48852 1.88241e-03
 5.50079 1.87291e-03
 5.51306 1.86459e-03
 5.52533 1.85056e-03
 5.53760 1.83864e-03
 5.54988 3.66048e-03
 5.56215 1.81712e-03
 5.57442 0.00000e+00
 5.58669 9.01862e-04
 5.59896 2.68570e-03
 5.61124 2.67757e-03
 5.62351 0.00000e+00
 5.63578 2.65158e-03
 5.64805 1.76010e-03
 5.66032 1.75144e-03
 5.67260 8.73057e-04
 5.68487 1.73829e-03
 5.69714 3.46628e-03
 5.70941 8.63317e-04
 5.72168 8.61133e-04
 5.73395 2.57734e-03
 5.74623 2.57024e-03
 5.75850 0.00000e+00
 5.77077 1.70700e-03
 5.78304 8.51971e-04
 5.79531 1.70254e-03
 5.80759 0.00000e+00
 5.81986 1.70007e-03
 5.83213 4.24895e-03
 5.84440 2.54977e-03
 5.85667 1.70060e-03
 5.86895 8.51330e-04
 5.88122 2.55580e-03
 5.89349 1.70555e-03
 5.90576 1.70998e-03
 5.91803 8.57231e-04
 5.93030 2.57848e-03
 5.94258 2.58515e-03
 5.95485 1.72928e-03
 5.96712 8.67073e-04
 5.97939 0.00000e+00
 5.99166 2.62835e-03
 6.00394 0.00000e+00
 6.01621 8.85132e-04
 6.02848 4.44600e-03
 6.04075 0.00000e+00
 6.05302 1.80414e-03
 6.06530 3.63631e-03
 6.07757 1.82933e-03
 6.08984 1.84555e-03
 6.10211 5.57708e-03
 6.11438 9.34968e-04
 6.12665 2.83526e-03
 6.13893 2.86939e-03
 6.15120 3.86493e-03
 6.16347 9.75734e-04
 6.17574 9.85254e-04
 6.18801 3.00511e-03
 6.20029 4.04736e-03
 6.21256 0.00000e+00
 6.22483 2.07689e-03
 6.23710 2.11362e-03
 6.24937 0.00000e+00
 6.26165 2.16152e-03
 6.27392 2.19345e-03
 6.28619 0.00000e+00
 6.29846 1.12485e-03
 6.31073 1.15787e-03
 6.32300 1.17015e-03
 6.33528 2.36992e-03
 6.34755 6.05208e-03
 6.35982 1.22297e-03
 6.37209 3.77215e-03
 6.38436 3.84709e-03
 6.39664 0.00000e+00
 6.40891 2.68708e-03
 6.42118 1.35354e-03
 6.43345 2.77651e-03
 6.44572 4.24084e-03
 6.45800 0.00000e+00
 6.47027 1.48002e-03
 6.48254 3.04067e-03
 6.49481 3.08789e-03
 6.50708 3.15924e-03
 6.51935 3.23723e-03
 6.53163 1.66859e-03
 6.54390 3.46194e-03
 6.55617 3.52961e-03
 6.56844 3.61210e-03
 6.58071 3.69746e-03
 6.59299 1.92992e-03
 6.60526 1.97282e-03
 6.61753 4.03588e-03
 6.62980 0.00000e+00
 6.64207 2.16256e-03
 6.65435 0.00000e+00
 6.66662 2.29587e-03
 6.67889 0.00000e+00
 6.69116 2.41860e-03
 6.70343 2.46744e-03
 6.71570 0.00000e+00
 6.72798 0.00000e+00
 6.74025 0.00000e+00
 6.75252 0.00000e+00
 6.76479 8.87111e-03
 6.77706 0.00000e+00
