# npar = 1, n_ded = 0
#         weight            chi2        param[0]
#                                     alpha_topo
     0.245137191              -6     0.820153375
     0.224182772              -9     0.829573272
    0.0494913494              -1      4.71669185
   -0.0519152412              -4      2.77856657
    0.0148800359              -2      4.62399889
      0.10228829              -1       4.9103948
    -0.134663253              -9      1.17124671
     0.070332546              -4      5.23529787
    0.0100160771              -1      4.61145349
   -0.0339257693              -1      2.91860016
   -0.0859859411              -2      2.29059456
     0.307845549              -0      6.41337287
    -0.138704019              -6      3.63463509
   -0.0779137213              -7      4.37594812
    -0.161128607              -1      3.94744382
     -0.12877975              -4      3.57978605
   -0.0655493672              -7      3.29185823
   -0.0452023273              -5       2.8203949
    -0.100628978              -4      2.41968405
     0.207099238              -9     0.837468826
    -0.151695246              -4      4.06324921
    -0.100054686              -5      2.39907831
    -0.133468772              -9      1.15089101
    -0.146307515              -2      4.10180114
    -0.020050958              -7      4.53428813
    -0.133513565              -9      1.15128848
    -0.150960777              -1      4.06901276
    0.0143598387              -5      2.05042319
    -0.119447521              -0      5.99044669
    -0.133044712              -7      3.60245115
   -0.0487645408              -4      3.20364395
    -0.067594506              -7      2.69284781
    -0.132699462              -7      3.60057176
     0.990890947              -9     0.580378832
    -0.119019066              -0      5.66148574
     0.200102819              -0      6.34402625
    -0.121961242              -9      1.10404382
     0.110994358              -2      5.00442524
     0.134260732              -5      1.62613076
   -0.0347318253              -1      4.49606312
    -0.158455466              -2      3.79631942
    0.0204562476              -1      4.63846613
      1.10813671              -0       6.7705244
    0.0870650662              -0      6.25759469
     0.103104343              -2      5.11161209
   -0.0335722533              -6      3.07944613
   -0.0153832558              -4      5.42715676
    -0.140538249              -7      3.64572952
   -0.0535524791              -0      6.10907191
   -0.0651187857              -4      4.41326807
      -0.0755811              -1      3.33814932
   -0.0967395359              -5      2.35567186
   -0.0417466229              -7      2.84479534
    -0.128653492              -0      5.69342162
    -0.025323173              -4      4.52064316
   -0.0164635184              -9     0.970963555
    0.0327107417              -7      5.32725258
    0.0561383634              -5      1.50159124
     0.144480867              -9      1.65413564
    -0.123765091              -9      1.10896928
    -0.148563686              -6      4.08660964
    0.0648990328              -1      5.25014783
    -0.138562467              -0      5.73450281
      0.44629619              -9     0.740889511
   -0.0345553386              -5      2.91066693
    -0.134747337              -2        3.611849
     0.116536911              -5      1.59001831
    -0.130197491              -5      1.13139989
   -0.0674964565              -0      6.08902863
    -0.018513691              -4       4.5382533
    -0.139629215              -7      3.64018414
     0.113451145              -5      1.87774615
     0.002690203              -5      2.07098001
   0.00180056707              -1      2.07257487
     0.108708283              -1      4.96130396
    0.0084206136              -2      4.60734976
    -0.161253121              -2      3.84900288
    0.0811575068              -5      1.93750832
     0.342628741              -9     0.779546279
     -0.14035748              -0      5.92013553
    0.0911855611              -0      5.16773985
    0.0731503162              -6       5.2272704
    0.0475170737              -5      1.99430985
     -0.16120447              -6      3.84761621
   -0.0910747993              -5       2.3161897
      0.12802275              -6      1.84598778
    -0.157624649              -1      4.00603005
  -0.00276682672              -9     0.960072359
    0.0288171575              -1      4.66039772
     0.623569974              -0      6.57715714
   -0.0333621665              -6      2.92636832
   -0.0654945368              -5      2.70395248
   -0.0997150506              -5      2.39203901
    -0.032154633              -1      3.05646865
    -0.145504932              -0      5.88952912
    -0.120906623              -9      1.10133083
   -0.0894880347              -4      3.39938476
    -0.109008899              -0      4.27424389
   -0.0957204645              -5      2.51834281
   -0.0848900574              -5      2.59720646
    -0.148888213              -0      5.84698387
   -0.0997347207              -4      4.30672815
     0.470685171              -0       6.5034045
   -0.0912297188              -2      3.40696365
    0.0807033181              -2      5.20436839
   -0.0742504499              -7      2.65745776
    -0.106595928              -2      3.47438014
    -0.063475268              -9      1.01459039
    0.0534574037              -0      5.27929451
    -0.160603966              -2       3.9598236
   -0.0615615888              -4      2.20746402
      0.10094924              -0      5.12386087
    0.0588742908              -7      5.26580681
   -0.0691270431              -1      5.53746965
   -0.0701912843              -2      3.31362373
   -0.0924263299              -1      6.04801242
     0.109467518              -7      5.05866658
   -0.0629661745              -5      2.21133627
    -0.162005184              -4      3.91118575
   -0.0204787611              -0      6.15111171
   -0.0746323746              -7      4.38570551
    0.0865370109              -6       4.8359719
    -0.030745587              -1      3.00573951
   -0.0359098407              -1      3.10723634
    -0.103548841              -0      6.02659973
    -0.157948561              -1      3.78943654
    0.0949693087              -6      4.87173398
     -0.16204396              -7      3.90692855
      0.07614189              -6      4.79827466
   -0.0483614176              -2      4.45971558
   -0.0591712668              -9      1.01005937
     0.497601483              -4       6.5170284
   -0.0598023208              -1      2.73435902
     0.112185965              -9     0.885703986
   -0.0865209761              -4      3.38645554
    -0.134535853              -2      4.16773707
     0.103604149              -9      1.56820104
    -0.161916984              -7      3.91788452
     0.149782353              -9      1.67421171
    -0.132920582              -6      4.17560092
    -0.132353392              -2      3.59869635
      1.08124753              -0      6.76093326
    -0.101875055              -1      4.29942991
      0.10860253              -4      4.96010906
    0.0658034843              -4      4.76479002
    -0.139121817              -4      4.14410231
     0.896878807              -0      6.69205309
     0.349151153              -0      6.43762724
    -0.120911506              -2      4.22853708
   -0.0610351349              -2      2.72770957
   -0.0100383669              -1      4.56003565
    -0.139124711              -1      3.63714681
    0.0839544254              -6      5.19373645
     0.124223467              -5      1.85477375
   -0.0560533655              -0      6.10559749
    -0.131406191              -6      3.59360525
    -0.100679583              -2      2.43284137
    -0.080877172              -0      6.06800127
    -0.131562867              -9      1.13810804
     0.693153971              -0      6.60818417
   -0.0840699054              -6      3.37574083
    -0.108328183              -4      6.01655092
     0.131344956              -0      6.29362509
   -0.0685419188              -5      2.22747223
   -0.0807330668              -2      3.36107353
   -0.0270512229              -1      2.12739418
    -0.126404188              -0      5.68546865
   -0.0932698177              -5      2.53967741
     0.010632843              -7       6.1856523
     0.434252414              -0      6.48445959
   -0.0795312862              -9      1.03291137
    -0.124150383              -9      1.11007474
     0.154277677              -9      1.70223807
    -0.158409992              -7       3.7956837
    -0.043757731              -7      3.17169018
   -0.0861459033              -1      2.29132037
    -0.158685102              -4       3.7995904
     0.556889919              -9     0.703436234
    -0.100599224              -7      5.61048563
   -0.0976148621              -1      5.60298852
   -0.0505053215              -1      3.21388034
   -0.0386026747              -6      2.86998916
   -0.0566017541              -2       4.4371645
   -0.0856106977              -2      2.28890804
   -0.0443473358              -4      1.37676757
    -0.128495973              -2      3.57831725
    0.0123628038              -9      1.44740116
   0.00935053171              -5      2.05917038
     0.153886302              -5      1.69860142
      0.58522925              -0      6.55943679
      0.25536505              -6      6.38082109
    0.0258253821              -0      6.20121394
   -0.0813026497              -1      2.61840902
   -0.0495149439              -9      1.36993312
   -0.0859559134              -5      2.59063546
   -0.0868105345              -5      2.58525469
   -0.0324449564              -4       3.0618694
    -0.149080035              -0       5.8341917
    -0.131197922              -0      5.95637257
    -0.137516854              -0      5.93289691
    -0.148762336              -1      5.85069889
    -0.110442039              -6      3.49167735
   -0.0957226756              -7      2.51832176
   -0.0565258014              -9      1.00734153
    -0.122579224              -6      3.54861109
    0.0443771851              -6      1.99955195
     0.107517886              -7      5.07969523
     0.141461777              -9      1.80980162
    0.0356787161              -7      2.01411271
    -0.065969898              -6       2.7014368
     0.142062554              -5      1.64663896
   -0.0938290814              -1      4.32632936
     0.100416661              -1      4.89943777
    0.0971838768              -0      5.14251502
   -0.0324935696              -5      2.13864241
     0.525672514              -0      6.53092394
   -0.0330124105              -5      2.93160106
   -0.0928552694              -9      1.05038617
    -0.143538819              -1      4.11904034
   -0.0450869245              -7       4.4685453
   -0.0896033789              -0      5.58358651
    0.0952732943              -7      4.87315763
     0.147099156              -5      1.66324234
    -0.149055182              -4      5.83867386
   -0.0913506425              -7      3.40748974
    0.0997391385              -0      6.26824965
    0.0659369943              -0      5.24736915
   -0.0423940827              -7      3.16212567
   -0.0400396941              -6      3.14437031
    0.0695004701              -0      4.77641986
    -0.125660375              -7       3.5638742
   -0.0395313401              -5      3.14028242
    -0.160469861              -4      3.96261253
   -0.0546495898              -6      5.50681588
     -0.12993049              -4      4.18962464
   -0.0753132322              -0      5.55098738
     0.109727855              -7      5.05502186
     0.471064981              -0      6.50359888
   0.00486099521              -7      4.59820918
   -0.0659463802              -2      2.70156122
     0.578221139              -0        6.556146
    0.0450866448              -9      1.48759973
    -0.115438605              -1      4.25021354
   -0.0484384133              -7      3.20168359
     0.430990668              -0      6.48273357
     0.106562397              -0      4.94058679
    -0.149069176              -0      5.83708738
   -0.0395771354              -6      2.86177636
    -0.134331643              -0      5.94539117
   -0.0327800796              -1      3.06756912
     0.142494714              -9     0.869380173
    0.0978976685              -4      4.88599151
    0.0783965091              -2      4.80603391
    -0.162052521              -7      3.90572059
   -0.0576200991              -4      5.51301298
   -0.0524960935              -5      3.22516952
    -0.133801838              -9      1.15405954
     0.101779382              -1      4.90731746
   -0.0382214554              -2      2.87332397
    -0.160218093              -7      3.96754959
    -0.152461054              -7      3.73165545
    0.0797843707              -6      4.81091119
   -0.0558332391              -9      2.19234249
     0.209412062              -0      6.35042994
    -0.047117289              -5      3.19358939
    -0.090249456              -7      2.31162157
    0.0600595861              -0      5.26278503
     0.314962213              -9     0.790589312
    0.0844191574              -9      1.53949334
    -0.162066582              -1      3.90326932
     0.105293735              -5      1.89380596
      0.10910219              -7       4.9659999
    -0.160543916              -7      3.83160598
    -0.131330707              -9        1.136874
     0.247684474              -0      6.37587372
   -0.0671411924              -5      2.22329378
    -0.132302096              -0      5.95262716
   -0.0737336724              -2      5.54750696
     0.153802753              -5      1.69788744
    -0.142375834              -1      3.65724916
     -0.15720655              -1      4.01101645
     0.105894908              -1      5.09296703
   -0.0326915809              -1      2.93675696
   0.00294758887              -5       2.0705194
    -0.150250552              -4      3.71310588
    0.0770017366              -1      5.21587074
    -0.119115408              -0      5.99129481
   -0.0669988343              -1       3.2987317
     0.632786713              -0      6.58134815
    -0.146512465              -0      5.78559233
   -0.0674804841              -2      3.30099929
    -0.128406565              -7      5.69253045
    -0.161973356              -7      3.87946208
    -0.134660889              -9      1.17081206
   -0.0623510339              -0      6.09662214
    0.0131744689              -4      5.36898691
    0.0121856456              -4      4.61704229
   -0.0306446659              -5       2.1347792
    -0.139475982              -7      3.63925864
    -0.132654421              -9      1.14467008
      0.49291635              -0      6.51467865
   -0.0863292268              -0      6.05880882
   -0.0495713684              -4      4.45643514
      1.13977523              -9     0.544034248
   -0.0962976707              -5      2.35179293
    0.0608832238              -9      1.50770864
   -0.0976269539              -4      2.36421785
   -0.0703164266              -5       2.2329008
    0.0814808021              -0      5.20187449
   -0.0991877075              -5      2.47693303
   -0.0970349542              -9      1.29823671
     0.110825234              -0      4.99728163
    -0.075661628              -5      2.25031522
    0.0620383664              -1      5.25767823
   -0.0777144901              -7      3.34769182
    0.0533609901              -4      4.72771748
    0.0898934356              -4      5.17267386
   -0.0406439678              -5      2.85322686
     0.199962811              -9     0.840828348
    0.0895493771              -9     0.898596874
    -0.136812773              -1      4.15626321
   -0.0307435887              -5      3.00521033
    -0.149064102              -0      5.83020763
   -0.0672348273              -9       1.3454701
    -0.098658779              -7      3.43934261
    -0.105291873              -9       1.2826673
   -0.0944722044              -7      4.32423052
   -0.0710165435              -2      3.31742453
    0.0539971049              -5       1.9834937
   -0.0884950954              -5      2.30250553
    -0.152796318              -6      4.05421301
    0.0913764259              -7      5.16699838
   -0.0582909521              -0      6.10244658
   -0.0227986983              -9      0.97622605
     0.116582714              -2      1.59010063
   -0.0609900374              -0       6.0985904
    0.0646043186              -9     0.913626347
    -0.160857828              -7      3.83867233
    0.0183812908              -7      4.63307032
      0.10401351              -1      5.10595674
   -0.0601413792              -1      3.26544023
   -0.0830104784              -0      6.06445249
   -0.0308637388              -5      2.98504968
    -0.146858638              -7      3.68748433
   -0.0872031215              -6      2.58274603
   -0.0461848994              -4       4.4655922
    -0.130740343              -7      3.59006174
    -0.130136282              -0      5.69887614
    0.0676737269              -0      5.24266059
    0.0838279175              -5      1.93286172
   -0.0619001008              -9      1.35302991
    0.0696449077              -7      6.24244087
     0.154309922              -5      1.74890936
   -0.0278565198              -1      4.51405699
     0.271592917              -9     0.808641546
     0.143779123              -9      1.65188336
    0.0061533096              -2      1.43985042
     0.103050799              -4      1.89807416
    -0.109796675              -4      3.48875599
      0.10124437              -9      1.56447386
     0.089279599              -4      5.17496823
     -0.16124111              -7      3.84865689
    -0.161941558              -1      3.87710387
   -0.0427287373              -4       6.1235786
    0.0931272393              -9      1.55210971
     0.370340732              -4       6.4496586
   -0.0964456061              -4      2.51120333
   -0.0249953891              -0      6.14574109
    -0.139683503              -6      4.14105511
    -0.032602304              -7      3.06460796
    -0.144493377              -0      5.76898923
   -0.0845992109              -4      2.28446868
   -0.0632048844              -5      3.28056786
    0.0795813503              -0      5.20791746
    -0.151869794              -4      3.72651659
    -0.158986771              -1      3.80405515
      0.10853797              -1       5.0697189
   -0.0989268241              -4      4.30945484
    -0.104275134              -0       6.0251098
     0.381982734              -9     0.764399593
     0.155232327              -5      1.71573231
    -0.121679806              -9      1.10330879
   -0.0457653088              -6      4.46672161
   -0.0330579553              -5      3.07195573
    -0.122063843              -4      5.67103061
   -0.0873366266              -2       2.5818873
     0.122105626              -9     0.880250841
  -0.00915297215              -2      4.56230561
   -0.0974524283              -7       2.5003236
      0.33427052              -0      6.42901615
     0.155297491              -2      1.73379449
    -0.115116692              -7      4.25145108
   -0.0623121501              -5      2.72086666
     0.105429932              -9      1.89354495
   -0.0929411551              -9       1.3054223
    -0.102176629              -9      1.06443185
   -0.0398712695              -5      2.15454033
    -0.133282814              -0       5.7111211
    -0.104270099              -4      4.29112833
    0.0956305663              -0      6.26482789
  0.000263442877              -0      5.39553908
   -0.0538254498              -2      3.23249298
   -0.0745548511              -7      2.65581797
     0.101321628              -0       5.1218434
     0.123210966              -5      1.85704471
     0.112256132              -0      6.27849308
   -0.0965374787              -2      2.51026189
   -0.0497950806              -1      3.20974828
    -0.126915543              -2      4.20314751
     0.844803404              -0      6.67148432
      0.11564424              -5      1.58842228
    0.0657954157              -9      1.51412705
    0.0191220667              -9     0.943839132
   -0.0521016495              -5      2.18299626
   -0.0677774972              -9      1.34469003
     0.107387223              -4       5.0808633
     0.140240637              -9      1.64142042
    -0.159816103              -1      3.97478161
   -0.0372949547              -7      3.12085522
     0.110842194              -6      5.03208146
   -0.0848435502              -4      2.28552734
   -0.0987619599              -5      2.37733417
   -0.0108745617              -0      6.16220772
     0.214969597              -0      6.35421097
   -0.0671731612              -9      1.01859974
      0.18563117              -0      6.33388914
     0.267362679              -0      6.38845086
   -0.0336024527              -4      2.92296697
    0.0312476741              -9      1.47044956
     0.727150528              -4      6.62285795
   -0.0342139438              -6      4.49742529
   -0.0515835037              -5      3.22004535
    0.0701518804              -7      5.23580441
   -0.0310475052              -7      3.02715854
   -0.0938569797              -9      1.05181112
    -0.150851904              -1      3.71798154
     0.208534854              -9     0.836797463
     0.436399778              -9     0.744415514
    0.0538694171              -0      6.22815366
   -0.0323062455              -4      3.05935054
    -0.158811297              -7       3.9904264
   -0.0371172778              -9     0.988730892
   -0.0351783541              -2      2.90340864
     0.099767393              -1      4.89584586
   -0.0277264413              -4      4.51439569
   -0.0453821847              -5       2.1669948
    -0.139394263              -1      3.63876615
    0.0173050029              -0      6.19257944
    -0.161883187              -7      3.91994322
    -0.115608975              -4        4.249557
     0.108328407              -2      4.95712191
   -0.0217165271              -9     0.975316199
     -0.14819203              -0      5.86185244
    -0.123307874              -9      1.23948911
     0.134581407              -5      1.62689359
    -0.133555206              -9      1.15166505
      1.10404279              -0      6.76907094
     0.199939965              -0      6.34391343
   -0.0961061643              -5      2.51460654
    0.0494411422              -9     0.923251389
     -0.15372122              -7      3.74312417
     0.104671085              -7      4.92605854
    -0.146032979              -0      5.88531459
    -0.100516386              -5      2.44501534
    0.0143700666              -7      5.36649533
   -0.0868582884              -5      2.29460482
    -0.065250218              -6      2.21779035
   -0.0456405966              -0      5.48824283
    -0.123119191              -7      3.55125656
   -0.0888388417              -7      4.34234504
    -0.104646486              -4      3.46570499
   -0.0633233173              -2      3.28114375
   -0.0198064299              -2      5.43604544
   -0.0920110208              -9      1.04919902
   0.00613301819              -1      5.38353988
    0.0802826513              -0      5.20570582
   -0.0602749919              -7      3.26610995
     -0.11699082              -9      1.25682003
    -0.105792056              -7      4.28577462
    -0.162052096              -2      3.88762263
    0.0968058762              -2      5.14424318
    -0.044024002              -7      4.47139711
    -0.119478843              -1      3.53363754
    -0.124858304              -4      3.55986062
   -0.0957690496              -5      2.51787927
   -0.0571262648              -5      1.35964291
    0.0383712979              -5      2.00959676
    0.0713904102              -4      4.78250277
    0.0165597225              -1      4.62834595
     0.122241244              -9      1.60062224
   -0.0930233863              -5      2.32787157
   -0.0963553962              -0      5.59987186
    -0.101117511              -0      6.03149812
    -0.124589757              -1      4.21320754
    -0.100676062              -7      2.42460346
   -0.0521725333              -2      3.22336214
   -0.0740175897              -5      2.65871026
    -0.162068561              -4      3.89056863
     0.347067476              -9     0.777806028
     0.704254883              -0      6.61300888
    -0.157270812              -4      3.78084203
   -0.0775687821              -2      1.33020777
     0.109331705              -1      5.06045103
    0.0534895116              -0      5.27921601
    -0.158624854              -6       3.7987221
    -0.158603029              -2      3.79840937
  -0.00501259624              -7      4.57291319
    -0.159136027              -1      3.80634236
    0.0673795708              -0      5.24346348
    -0.146788407              -1      3.68698259
    -0.134408641              -9      1.18196638
   -0.0317079067              -5      2.95595263
    -0.135513404              -1      3.61615186
     0.612949255              -0      6.57229528
    -0.128027422              -2       1.1226299
    -0.124383231              -7      4.21408645
    0.0389481435              -5      2.00863048
     0.110764178              -0      4.99532521
   -0.0407458003              -0      6.12614982
      0.14569181              -7      1.65819605
    -0.148806206              -0      5.84950651
   -0.0761931098              -4      5.55293532
   -0.0572551152              -7      2.74827245
   -0.0622324627              -5      2.72129251
    -0.127172827              -9      1.11959144
    -0.150385506              -7      4.07339561
    0.0282577711              -9     0.937426572
    0.0614953016              -5       1.9709477
    -0.137914786              -0      5.73138217
   -0.0333529966              -2      3.07634117
    0.0308666946              -0      6.20621767
    -0.146964135              -0      5.79011133
    -0.147365743              -1      3.69113819
   -0.0596104189              -4      2.73539851
   -0.0572500894              -7      2.74830018
   -0.0833994691              -5      2.27938873
     -0.14475341              -1      3.67286068
    0.0225034714              -4      5.34935343
    -0.158248108              -4      3.79345097
   -0.0729735008              -4      3.32636754
    -0.154664071              -1       4.0375581
   -0.0716273305              -6      3.32022594
    -0.117135077              -7       5.9962525
   -0.0963922669              -1      3.42944184
    -0.053469198              -1      4.44579711
    -0.153706577              -7      4.04632933
   -0.0379169237              -0       5.4725231
   -0.0964873734              -7      2.35343196
     0.198419527              -9     0.841559793
   -0.0984560958              -9       1.2956679
   -0.0933587794              -5      2.33003452
    -0.148871585              -0      5.82032415
    -0.158314097              -4      3.99726267
   -0.0914474987              -9      1.30797205
    -0.161534735              -1      3.93518691
   -0.0636999608              -0      5.52583668
    -0.144987357              -7      4.11019286
    -0.155027578              -2      3.75590676
     0.160277134              -0      6.31555253
    -0.129117416              -1      4.19332885
    -0.159651312              -6      3.81470838
    -0.153433139              -7      3.74043485
    -0.126705805              -0      5.68651445
    0.0601999024              -4      4.74774585
   -0.0965543288              -9      1.29909636
    0.0865277036              -0      5.18490275
   -0.0950622165              -7        3.423644
     0.352900957              -0      6.43977572
   -0.0669526333              -5      2.22273809
     0.126623334              -9      1.60933349
   0.00138417844              -2      4.58929589
   -0.0487522774              -5      2.17489742
   -0.0439615699              -2      3.17308211
   -0.0136057451              -0      5.42358168
   -0.0223439992              -0      4.52836289
    -0.153135915              -4      3.73770374
     0.328583871              -9     0.785109163
   -0.0382507262              -2      3.12948022
     0.513967625              -9     0.717573704
    0.0737781916              -4      5.22544737
   -0.0652837846              -2      3.29059038
    0.0979656477              -1      4.88633834
   -0.0332296341              -4       2.9283089
   -0.0485567954              -5      2.17443254
    -0.138018722              -6      3.63058297
     0.110312232              -0      4.98448993
   -0.0307454708              -1      3.00571054
    -0.107015179              -1      4.28142569
   -0.0903042818              -1      3.40293712
   -0.0389362683              -1      4.48495783
     0.110928257              -0      5.00119008
   -0.0431553412              -1      2.83452083
    -0.129830333              -5      1.21562425
   -0.0730775014              -4      3.32684024
   0.00971318118              -5       2.0585335
    -0.064628127              -5      2.70854299
     0.058034345              -4      5.26793204
    -0.100142331              -1      5.60932718
   -0.0565833061              -0      6.10485491
     0.104336499              -6      4.92371179
    -0.129832447              -9      1.12979204
    -0.133639512              -6      3.60570929
   -0.0310505036              -5      2.97563821
   -0.0307445766              -2      2.99744771
    -0.159892081              -4      3.81891418
    -0.110442023              -0      5.63654351
  -0.00890133225              -4      4.56295063
    -0.133311945              -9      1.19492458
      0.22731678              -9     0.828146389
    -0.133625798              -5      1.15232018
    -0.138013834              -0      5.73185388
    -0.122091867              -5      3.54623342
    -0.158467506              -2      3.79648838
     -0.12826667              -2      3.57713366
   -0.0190536001              -9      1.40895145
    -0.122413521              -9      1.24217455
    -0.135603082              -0      5.94059066
    -0.135815006              -0      5.72179861
    0.0104868376              -5      2.05717678
   -0.0636257089              -9      1.35060535
    -0.111355328              -9      1.08051639
     0.018224451              -6      6.19352236
  0.000829502716              -6       4.5878748
    -0.130123347              -2      4.18873949
   -0.0993343306              -5      2.47447151
    -0.152373286              -2      3.73088356
    -0.148139411              -6      3.69682292
      0.18116557              -0      6.33071436
    -0.104693865              -4      3.46591519
    -0.156166765              -1      4.02255566
    0.0776473785              -6      5.21390581
     -0.11257641              -1      3.50140085
    -0.119020636              -0      5.66149055
    -0.156119249              -6      3.76747762
     0.274523471              -9     0.807390835
     -0.09016589              -5      2.31116982
   -0.0519870793              -7      4.44985514
   0.00239319256              -5      2.07151198
    0.0938566623              -9     0.896092563
   -0.0583184514              -7      3.25620194
   -0.0585078361              -4      3.25717084
    -0.120345051              -7       3.5377857
  -0.00557016791              -5      1.42555707
     0.107537402              -0      4.94922729
   -0.0848927361              -2      3.37934232
    -0.131262258              -1      3.59283685
     0.405743863              -7      6.46919756
    -0.108446527              -0      5.63107148
     0.101226583              -0      5.12236186
   -0.0820535733              -7      4.36342891
   -0.0821189115              -1       5.5662413
    0.0249246251              -1      5.34417695
   -0.0658642034              -0      6.09146432
    -0.100919068              -2      3.44925237
   -0.0839447302              -5      2.60291924
    -0.141653278              -7      4.13006197
    -0.149080022              -0      5.83421781
   -0.0308731789              -5      3.01847614
     -0.13009144              -9      1.13092607
   -0.0788756469              -1      4.37306068
     0.155390063              -5      1.73039009
     0.113917108              -9      1.87679929
   -0.0802355787              -9      1.32611118
    -0.144258252              -4      3.66953653
     -0.03208689              -7      3.05513202
    0.0804355788              -4      5.20522056
     0.143520997              -9      1.80308607
   -0.0363001687              -7      3.11123119
   -0.0319958286              -5      2.94961076
    -0.123520376              -2      3.55322987
   -0.0838590123              -0      6.06302409
   -0.0710548932              -7      2.67452983
   -0.0733655726              -4      2.66220916
    -0.134129342              -9      1.18640191
    -0.104602973              -0      6.02443309
   -0.0457721958              -5       2.8166043
   -0.0307658418              -1      2.99363383
   -0.0971920246              -5       2.3598875
     -0.13729702              -1      5.93381274
     0.359484421              -9     0.772981867
    -0.104991958              -1      4.28859691
   -0.0331575389              -7      2.92938554
   -0.0436576599              -5      3.17100343
     0.916871392              -0      6.69980909
    -0.161740887              -1      3.86614829
   -0.0669281324              -2      3.29839817
    0.0391183776              -1      5.31294856
    -0.161698337              -7      3.92894626
    -0.100540502              -5      2.44385139
    0.0120445131              -0       5.3713358
    0.0573032421              -5      1.97796856
   -0.0768387951              -9      1.02966012
   -0.0439858209              -2       3.1732471
   -0.0255671838              -0      6.14505382
    -0.161923455              -4      3.87587963
     0.170821499              -0      6.32327177
    -0.147706711              -0      5.79872428
      1.09465888              -9     0.554808173
    -0.086354368              -4      2.58813995
   -0.0477893565              -6       3.1977386
    -0.100430646              -7      2.44861357
   -0.0967467094              -5      2.50808295
    0.0164966866              -5      2.04672255
   -0.0310756898              -7      3.02830053
   -0.0503208499              -2      3.21281273
    0.0845695297              -5      1.93156511
   -0.0877364141              -5      2.57929802
     -0.15708228              -7      3.77855668
    0.0682428146              -1      6.24119372
   -0.0434680785              -4      3.16969613
    -0.130319793              -7      3.58783811
   -0.0218107969              -9     0.975395274
    0.0604181773              -4      5.26186546
   -0.0862666663              -9      1.31655612
     0.442657737              -0      6.48888422
   -0.0513627359              -1      4.45155974
    -0.103226777              -4      3.45941962
     0.150175769              -5       1.6760238
   -0.0217377426              -0      5.43992513
   -0.0653485832              -5      2.70472526
    -0.155531099              -4      4.02911133
    -0.115353037              -4      4.25054287
    0.0431487057              -4       2.0016042
   -0.0422620939              -9      1.37949498
     0.236928254              -0      6.36885929
     -0.04801047              -4      2.80220815
       0.3561934              -0      6.44165519
   -0.0470770691              -4      3.19333891
    -0.076474301              -0      6.07514399
     0.110233052              -2      5.04676415
     0.009837496              -5      1.44433067
   -0.0974523476              -6      2.36244308
    -0.106175371              -5      1.07110198
    -0.138943626              -6      4.14506139
   -0.0315623878              -1      2.95951439
     0.103670169              -0      4.91919524
    -0.130890155              -0      5.70172166
   -0.0756595951              -7      3.33850186
    -0.161242895              -7      3.84870814
     0.213634732              -0      6.35330561
    -0.108212437              -2       3.4816182
   -0.0385586383              -6      2.87037063
    -0.126138094              -1      4.20654433
   -0.0315895258              -7      6.13770993
    -0.157292639              -6      3.78110937
   -0.0552261308              -7      2.75957156
    -0.105711936              -5      3.47043949
   -0.0619700003              -5      2.20858271
    -0.119031787              -4      4.23612418
     0.886653817              -9     0.607308638
   -0.0307606992              -7      2.99436582
   -0.0750940034              -5      2.24838047
     0.112467104              -5       1.8797342
   -0.0710892544              -5      2.23531548
    -0.137246156              -7       4.1540233
  -0.00153302351              -2      2.07859132
     0.144291795              -4      1.80044006
    -0.146749736              -0      5.87894173
   -0.0684884695              -9      1.02005357
   -0.0353310308              -0      6.13304616
    -0.035533048              -6      2.14509437
   -0.0945925517              -6      2.52860913
     0.562599749              -0      6.54875056
   -0.0385948529              -1       3.1324605
     0.510308024              -9     0.718801267
   -0.0483868462              -5       2.7998556
    -0.147265075              -0      5.87371055
     0.229543944              -9     0.827136319
   -0.0707962897              -5      2.67590272
     0.107968405              -0      4.95340941
     0.200100595              -0      6.34402471
   -0.0998863327              -6      2.46380719
     0.100464781              -7      4.89970789
    -0.158157209              -7      3.79221724
   -0.0220237155              -9     0.975574003
   -0.0926357661              -5      2.54469356
   -0.0218982489              -4      2.11706341
   -0.0397741741              -2      4.48273418
     0.462334963              -9     0.735240827
   -0.0717329848              -1      5.54312776
    -0.148804186              -7      3.70182173
    -0.159649288              -7      3.97759111
     0.129758222              -9      1.61594229
   -0.0466699987              -1      3.19078944
    0.0732590905              -0      5.22695551
   -0.0187641357              -0      6.15312421
   -0.0775658303              -2      4.37698931
   -0.0307949021              -5      2.99037028
    -0.160104055              -2      3.82280846
    -0.144753606              -1      4.11164492
   -0.0479600471              -5      2.17301848
   -0.0988202225              -7      2.48264764
    -0.148697745              -0      5.81546382
   -0.0310756741              -1      2.97462006
    -0.159848761              -4      3.81814137
    -0.162010111              -1      3.88267036
    -0.159301996              -7      3.98314469
   -0.0747941868              -0       5.5498414
    -0.123540066              -9      1.10833297
  0.000340666607              -5      2.07520171
    -0.044557151              -6      2.82475667
   -0.0686268349              -5      2.68739109
     0.139752536              -5      1.81504879
      0.20940846              -9     0.836389643
     0.105101021              -9     0.889669756
   -0.0354676867              -2       2.9002021
   -0.0298868413              -4      2.13320853
     0.060842959              -0      5.26077283
   -0.0344700653              -4      2.91170284
    -0.145635922              -0      5.88851514
    -0.129030995              -9      1.12646738
   -0.0423769034              -4      2.84013518
    -0.082950839              -1       4.3606827
   -0.0972756669              -2      2.50233277
    -0.132537286              -6      3.59969186
    0.0951017447              -5      1.91279915
    -0.107387335              -1        4.280094
    -0.126925226              -9      1.11874481
    -0.118069278              -2      3.52694121
    -0.161658847              -4      3.86266311
    0.0980334248              -4      4.88668494
     0.264417301              -0      6.38658865
    -0.104963719              -7      3.46711302
    -0.161342776              -4       3.9414047
   -0.0170445392              -7      5.43049618
   -0.0685922109              -2      2.68757416
    -0.143965838              -0      5.90025128
     0.243526522              -0      6.37317428
     0.115519058              -9     0.883859028
   -0.0590533205              -9      1.00993714
   0.00676488871              -2      4.60309577
    -0.135867564              -4      4.16108469
   -0.0995527818              -5      2.47055721
    -0.159655531              -7      3.81478028
    -0.131793579              -4      3.59568013
    -0.147403014              -6      3.69140893
    0.0955547617              -0      5.14981099
     0.596649368              -0       6.5647644
   -0.0845888702              -5      2.28442406
   -0.0481704857              -7      3.20006227
    -0.141987265              -0       5.9118171
    -0.155755765              -7      3.76352102
     0.784985049              -0      6.64715757
    0.0198457501              -0      6.19517835
   -0.0424115247              -4      3.16225097
     -0.16049291              -1      3.96214172
   -0.0525320939              -4      3.22536999
   -0.0725839685              -2      2.66638915
     0.310149845              -0      6.41475567
     0.136817709              -9      1.82350986
   -0.0561908398              -1      4.43830135
    -0.118960162              -1      4.23641021
     -0.16027924              -6      3.82618411
   -0.0822830825              -7       5.5666149
   -0.0858747576              -1      2.59114103
   -0.0342107657              -7      2.14227158
    -0.151438795              -1      3.72285689
   -0.0358634595              -7      4.49308238
    -0.033776842              -4      2.92058382
    0.0252791179              -0      6.20066717
    -0.146890467              -0      5.87757738
   -0.0448960441              -0      6.12073899
    -0.132727035              -9      1.14516502
    -0.144939145              -0       5.7722891
    -0.100174294              -5      2.45677794
     0.135348732              -9      1.62874179
   -0.0537721496              -2      2.76781717
   -0.0642405201              -4      5.52698694
    -0.132388289              -9      1.20179549
      0.11517996              -9      1.58759829
   -0.0567172609              -4       2.1946114
   -0.0314270711              -4      2.96311776
    0.0199959932              -5      2.04069774
   -0.0320779376              -7      2.94793718
    -0.130348587              -4      3.58799001
   -0.0655286275              -4      2.21859117
   -0.0552092967              -4      5.50798044
    0.0790893474              -2      1.53203773
    -0.128941587              -0      5.96366763
    0.0445222669              -5      1.99930964
   -0.0248851612              -1       4.5217798
    -0.118346307              -7      3.52825219
     0.139850991              -9     0.870765403
    -0.141910431              -0      5.75230945
     0.105019846              -4      5.09925781
    -0.101234687              -6      3.45063968
    -0.161558687              -6      3.93433842
   -0.0184182384              -0      6.15352848
   -0.0368663665              -6      2.88584964
   -0.0236652607              -5      1.40320494
   -0.0530354239              -5       2.7720503
     0.316414074              -0      6.41849641
   -0.0481634106              -0       5.4934142
     -0.16143642              -4      3.85462893
    0.0579911133              -9     0.917774959
   -0.0969685291              -0      5.60138575
   -0.0960697955              -1      3.42803546
   -0.0705967802              -9      1.02241595
      1.07225488              -9     0.560233014
   -0.0541838921              -1      3.23444097
   -0.0788001478              -0      6.07140033
   -0.0847518515              -5      2.59804808
   -0.0696683374              -7       3.3112055
    -0.138348116              -1      5.92934947
    0.0854587651              -0      5.18862149
     0.103872186              -7      4.92054374
   -0.0638382872              -5      2.21377688
   -0.0838860948              -1      4.35780717
     0.157141592              -9     0.861828556
   -0.0109160949              -1      4.55778458
   -0.0852179061              -7      2.28716608
    0.0151516138              -0      5.36486303
    0.0973677062              -9      1.55848636
   -0.0317967772              -7      2.95390648
    -0.115278791              -1       4.2508284
     0.160527296              -9     0.860111507
      0.56214728              -0      6.54853509
     0.104975383              -1      4.92824336
    -0.139971159              -0      5.74161444
   -0.0554171042              -4      4.44043827
    -0.074544215              -0      6.07820263
     0.135472014              -4      1.62904183
   -0.0976003046              -4      3.43471509
    -0.097073388              -5      2.50457562
     0.109375819              -0      4.96953563
    -0.099328842              -1      3.44227606
     -0.16203441              -7      3.88527296
     -0.11040917              -0      5.63645253
    -0.129130721              -9      1.21872744
    -0.138750843              -2      3.63491372
    0.0133883557              -5      1.44864827
   -0.0920124134              -1        4.332214
     0.046128325              -7      4.70726139
    -0.140883233              -0      5.74649578
    0.0489545697              -0      6.22358256
    0.0490710108              -2      4.71550584
    -0.114648792              -2      4.25324297
    -0.154596109              -6      3.75157022
     0.453376717              -6      6.49447919
     0.671168136              -0      6.59853005
  -0.00116519867              -0      6.17301562
    -0.100290903              -5      2.45339261
   -0.0427214194              -2      3.16446387
     0.108190903              -2      4.95567775
    0.0295972898              -5      1.46842364
     0.145466857              -5      1.79624118
    -0.115177738              -0      5.64999964
  -0.00534538652              -9     0.962075512
   -0.0307382201              -5      2.99984286
     -0.13548006              -0      5.94106517
     0.123009949              -9     0.879759265
    -0.053186455              -5      2.77117926
   -0.0312935741              -4      3.03587835
     0.153803169              -9      1.69789095
   -0.0948359068              -5       2.5264675
    0.0977806403              -9     0.893832659
   -0.0992916919              -0      5.60718087
    -0.131930877              -1      3.59641791
   -0.0492878981              -0      5.49572613
    0.0982710423              -6      4.88790648
    -0.149080086              -0      5.83399901
    -0.105171046              -0      6.02325425
   0.00604260712              -2      2.06500809
   0.00385253012              -7      5.38821431
    -0.079774958              -1      2.26507295
    -0.116518317              -9      1.25799108
   -0.0117972879              -4      4.55552375
   -0.0838608549              -5      2.60342132
   -0.0979545212              -2      2.36769601
    -0.012731523              -9       1.4167684
    -0.125445574              -1      4.20954096
   -0.0862076006              -2      3.38508774
   -0.0366218141              -7      4.49108154
   0.00786242155              -5      2.06179011
    -0.161133066              -6       3.9473255
    0.0823209348              -5      1.93548807
    -0.158391862              -7      3.99622476
     -0.10001958              -4      2.46073868
   -0.0488364679              -5      2.79706816
   -0.0969115049              -1      4.31619245
    -0.112996826              -2      5.64371504
   -0.0804822858              -5      2.26775836
    0.0968478431              -1      5.14405241
    -0.162038174              -7      3.88573093
   -0.0314695307              -5      2.96195215
   -0.0621671731              -0      6.09688899
    0.0108698609              -7      5.37377178
   -0.0617564203              -5      2.72383953
    -0.161898784              -7      3.91901691
     0.107938171              -1      5.07578502
   -0.0970588706              -9      1.29819381
    -0.111493292              -9      1.08078133
     0.155155887              -5      1.71404951
    -0.160787009              -4      3.83700669
    -0.129941971              -2      1.21510957
   -0.0879494385              -5      2.29981296
      0.10244284              -7      4.91134552
   0.00578679824              -1      4.60058476
    -0.136142022              -7       4.1596935
     0.111088448              -4      5.01520867
