10 1
0.20196964
1 -1 1 1
         5.956354335 
   0.533941418091867 
0.11928613
1 -1 1 1
         4.135119759 
    1.01486955537782 
0.088727493
1 -1 1 1
         3.518936482 
    1.11343275758841 
0
1 -1 1 1
                   0 
                   0 
0.1233873
1 -1 1 1
         3.877427192 
    1.09552079051481 
0.14153057
1 -1 1 1
         2.202561515 
   0.506241750629727 
0.054252405
1 -1 1 1
         3.899491211 
    1.04351418029362 
0.12320152
1 -1 1 1
         3.931427515 
    1.08291826167679 
0
1 -1 1 1
                   0 
                   0 
0.14764494
1 -1 1 1
         1.109175749 
   0.364137839230952 
