 0.50614 0.00000e+00
 0.51841 6.42776e-03
 0.53068 0.00000e+00
 0.54295 2.00310e-03
 0.55522 1.97369e-03
 0.56750 0.00000e+00
 0.57977 0.00000e+00
 0.59204 3.62653e-03
 0.60431 0.00000e+00
 0.61658 5.22670e-03
 0.62885 3.36456e-03
 0.64113 1.64979e-03
 0.65340 3.21500e-03
 0.66567 0.00000e+00
 0.67794 6.14866e-03
 0.69021 2.99174e-03
 0.70249 0.00000e+00
 0.71476 2.84954e-03
 0.72703 1.40713e-03
 0.73930 1.37548e-03
 0.75157 1.34994e-03
 0.76385 5.25872e-03
 0.77612 5.12026e-03
 0.78839 1.25814e-03
 0.80066 1.23221e-03
 0.81293 3.63534e-03
 0.82520 3.56891e-03
 0.83748 3.51747e-03
 0.84975 4.62590e-03
 0.86202 2.27891e-03
 0.87429 0.00000e+00
 0.88656 2.19366e-03
 0.89884 1.08439e-03
 0.91111 1.06196e-03
 0.92338 2.08435e-03
 0.93565 0.00000e+00
 0.94792 1.02279e-03
 0.96020 1.00315e-03
 0.97247 1.98387e-03
 0.98474 3.91799e-03
 0.99701 1.94197e-03
 1.00928 2.87484e-03
 1.02155 9.47367e-04
 1.03383 9.40918e-04
 1.04610 1.85483e-03
 1.05837 2.75015e-03
 1.07064 2.73121e-03
 1.08291 2.70281e-03
 1.09519 4.45897e-03
 1.10746 8.82291e-04
 1.11973 8.74302e-04
 1.13200 1.74429e-03
 1.14427 2.59131e-03
 1.15655 1.71803e-03
 1.16882 1.70682e-03
 1.18109 1.69861e-03
 1.19336 8.42210e-04
 1.20563 8.37488e-04
 1.21790 4.17245e-03
 1.23018 0.00000e+00
 1.24245 8.27837e-04
 1.25472 1.64949e-03
 1.26699 8.22359e-04
 1.27926 2.45390e-03
 1.29154 0.00000e+00
 1.30381 2.44351e-03
 1.31608 0.00000e+00
 1.32835 8.11290e-04
 1.34062 1.61965e-03
 1.35290 8.08912e-04
 1.36517 2.42500e-03
 1.37744 4.03980e-03
 1.38971 0.00000e+00
 1.40198 1.61583e-03
 1.41425 1.61662e-03
 1.42653 1.61789e-03
 1.43880 3.23828e-03
 1.45107 1.62227e-03
 1.46334 2.43696e-03
 1.47561 3.25357e-03
 1.48789 1.62963e-03
 1.50016 4.08638e-03
 1.51243 0.00000e+00
 1.52470 2.46419e-03
 1.53697 8.25050e-04
 1.54925 1.65098e-03
 1.56152 1.65644e-03
 1.57379 8.34055e-04
 1.58606 1.66934e-03
 1.59833 2.51727e-03
 1.61060 0.00000e+00
 1.62288 5.93147e-03
 1.63515 3.39989e-03
 1.64742 2.55903e-03
 1.65969 2.56956e-03
 1.67196 2.58923e-03
 1.68424 2.60249e-03
 1.69651 1.74326e-03
 1.70878 8.77580e-04
 1.72105 8.82724e-04
 1.73332 1.77315e-03
 1.74560 8.89010e-04
 1.75787 1.78832e-03
 1.77014 1.80387e-03
 1.78241 0.00000e+00
 1.79468 0.00000e+00
 1.80695 1.83072e-03
 1.81923 0.00000e+00
 1.83150 5.55299e-03
 1.84377 0.00000e+00
 1.85604 9.35400e-04
 1.86831 9.41637e-04
 1.88059 9.48953e-04
 1.89286 0.00000e+00
 1.90513 3.83247e-03
 1.91740 3.85480e-03
 1.92967 2.90296e-03
 1.94195 1.94852e-03
 1.95422 2.93381e-03
 1.96649 1.96941e-03
 1.97876 9.86929e-04
 1.99103 1.98615e-03
 2.00330 1.99865e-03
 2.01558 3.00679e-03
 2.02785 2.01367e-03
 2.04012 2.02594e-03
 2.05239 3.04814e-03
 2.06466 1.01886e-03
 2.07694 3.07245e-03
 2.08921 3.08492e-03
 2.10148 2.06446e-03
 2.11375 1.03450e-03
 2.12602 0.00000e+00
 2.13830 3.12163e-03
 2.15057 2.08842e-03
 2.16284 2.09201e-03
 2.17511 1.04946e-03
 2.18738 1.05205e-03
 2.19965 0.00000e+00
 2.21193 3.16775e-03
 2.22420 4.23201e-03
 2.23647 0.00000e+00
 2.24874 1.06161e-03
 2.26101 2.12561e-03
 2.27329 2.12682e-03
 2.28556 2.12931e-03
 2.29783 0.00000e+00
 2.31010 1.06567e-03
 2.32237 2.13256e-03
 2.33465 4.26601e-03
 2.34692 3.19983e-03
 2.35919 3.19952e-03
 2.37146 2.13252e-03
 2.38373 3.19804e-03
 2.39600 1.06542e-03
 2.40828 3.19420e-03
 2.42055 2.12802e-03
 2.43282 2.12640e-03
 2.44509 2.12364e-03
 2.45736 3.18264e-03
 2.46964 3.17782e-03
 2.48191 1.05779e-03
 2.49418 3.16952e-03
 2.50645 2.11007e-03
 2.51872 3.16011e-03
 2.53100 1.05118e-03
 2.54327 1.04877e-03
 2.55554 1.04867e-03
 2.56781 0.00000e+00
 2.58008 0.00000e+00
 2.59235 1.04181e-03
 2.60463 1.03887e-03
 2.61690 1.03669e-03
 2.62917 2.06977e-03
 2.64144 0.00000e+00
 2.65371 3.09038e-03
 2.66599 2.05581e-03
 2.67826 3.07635e-03
 2.69053 1.02299e-03
 2.70280 2.04011e-03
 2.71507 3.05307e-03
 2.72735 1.01586e-03
 2.73962 3.04104e-03
 2.75189 4.04363e-03
 2.76416 4.03392e-03
 2.77643 0.00000e+00
 2.78870 4.01500e-03
 2.80098 1.00071e-03
 2.81325 1.99607e-03
 2.82552 0.00000e+00
 2.83779 9.93537e-04
 2.85006 2.97432e-03
 2.86234 1.97856e-03
 2.87461 2.96109e-03
 2.88688 3.94018e-03
 2.89915 9.82644e-04
 2.91142 1.96133e-03
 2.92370 2.93612e-03
 2.93597 0.00000e+00
 2.94824 2.91995e-03
 2.96051 9.72449e-04
 2.97278 3.88003e-03
 2.98505 9.68700e-04
 2.99733 1.93080e-03
 3.00960 0.00000e+00
 3.02187 2.88556e-03
 3.03414 9.60499e-04
 3.04641 0.00000e+00
 3.05869 9.57020e-04
 3.07096 1.90875e-03
 3.08323 9.52929e-04
 3.09550 8.56390e-03
 3.10777 1.90032e-03
 3.12005 1.89651e-03
 3.13232 0.00000e+00
 3.14459 1.89070e-03
 3.15686 4.72146e-03
 3.16913 9.42973e-04
 3.18140 2.82465e-03
 3.19368 0.00000e+00
 3.20595 1.87835e-03
 3.21822 1.87650e-03
 3.23049 3.74774e-03
 3.24276 4.67938e-03
 3.25504 2.80526e-03
 3.26731 9.34122e-04
 3.27958 0.00000e+00
 3.29185 3.72923e-03
 3.30412 0.00000e+00
 3.31640 0.00000e+00
 3.32867 9.30488e-04
 3.34094 9.29867e-04
 3.35321 0.00000e+00
 3.36548 1.85686e-03
 3.37775 9.28003e-04
 3.39003 9.27713e-04
 3.40230 2.78136e-03
 3.41457 4.63444e-03
 3.42684 9.26755e-04
 3.43911 1.85291e-03
 3.45139 9.26326e-04
 3.46366 9.26190e-04
 3.47593 9.26094e-04
 3.48820 1.85220e-03
 3.50047 1.85223e-03
 3.51275 2.77871e-03
 3.52502 5.55828e-03
 3.53729 1.85315e-03
 3.54956 2.78065e-03
 3.56183 3.70798e-03
 3.57410 2.78212e-03
 3.58638 9.27744e-04
 3.59865 2.78527e-03
 3.61092 1.85758e-03
 3.62319 9.29177e-04
 3.63546 1.86029e-03
 3.64774 9.30587e-04
 3.66001 1.86195e-03
 3.67228 2.79622e-03
 3.68455 3.73072e-03
 3.69682 1.86698e-03
 3.70910 1.86938e-03
 3.72137 9.35430e-04
 3.73364 3.74670e-03
 3.74591 9.37181e-04
 3.75818 5.63178e-03
 3.77045 9.40255e-04
 3.78273 4.70492e-03
 3.79500 0.00000e+00
 3.80727 9.42960e-04
 3.81954 1.88850e-03
 3.83181 2.83869e-03
 3.84409 2.84069e-03
 3.85636 0.00000e+00
 3.86863 5.70077e-03
 3.88090 4.75962e-03
 3.89317 1.90697e-03
 3.90545 2.86544e-03
 3.91772 0.00000e+00
 3.92999 2.87477e-03
 3.94226 2.87902e-03
 3.95453 1.92317e-03
 3.96680 0.00000e+00
 3.97908 9.65925e-04
 3.99135 1.93518e-03
 4.00362 9.67914e-04
 4.01589 3.88365e-03
 4.02816 2.91967e-03
 4.04044 1.94764e-03
 4.05271 0.00000e+00
 4.06498 3.91336e-03
 4.07725 1.95971e-03
 4.08952 3.93100e-03
 4.10180 9.85075e-04
 4.11407 0.00000e+00
 4.12634 2.96359e-03
 4.13861 0.00000e+00
 4.15088 9.92996e-04
 4.16315 1.98880e-03
 4.17543 1.99157e-03
 4.18770 1.99545e-03
 4.19997 2.00145e-03
 4.21224 3.00674e-03
 4.22451 1.00400e-03
 4.23679 1.00643e-03
 4.24906 2.01638e-03
 4.26133 2.01907e-03
 4.27360 2.02243e-03
 4.28587 3.04014e-03
 4.29815 4.05979e-03
 4.31042 1.01678e-03
 4.32269 1.01787e-03
 4.33496 5.09879e-03
 4.34723 1.02130e-03
 4.35950 1.02398e-03
 4.37178 3.07348e-03
 4.38405 0.00000e+00
 4.39632 4.10937e-03
 4.40859 2.05702e-03
 4.42086 1.03050e-03
 4.43314 3.09274e-03
 4.44541 3.09664e-03
 4.45768 2.06627e-03
 4.46995 2.06770e-03
 4.48222 0.00000e+00
 4.49450 2.07117e-03
 4.50677 0.00000e+00
 4.51904 2.07316e-03
 4.53131 1.03694e-03
 4.54358 0.00000e+00
 4.55585 2.07445e-03
 4.56813 0.00000e+00
 4.58040 3.11157e-03
 4.59267 1.03709e-03
 4.60494 2.07333e-03
 4.61721 1.03616e-03
 4.62949 2.07199e-03
 4.64176 1.03483e-03
 4.65403 0.00000e+00
 4.66630 1.03357e-03
 4.67857 2.06500e-03
 4.69085 2.06219e-03
 4.70312 3.09036e-03
 4.71539 0.00000e+00
 4.72766 1.02640e-03
 4.73993 0.00000e+00
 4.75220 2.04703e-03
 4.76448 2.04198e-03
 4.77675 1.01992e-03
 4.78902 1.01680e-03
 4.80129 1.01428e-03
 4.81356 1.01203e-03
 4.82584 1.00943e-03
 4.83811 0.00000e+00
 4.85038 3.01218e-03
 4.86265 3.00415e-03
 4.87492 5.99750e-03
 4.88720 0.00000e+00
 4.89947 0.00000e+00
 4.91174 9.90867e-04
 4.92401 1.97226e-03
 4.93628 2.95036e-03
 4.94855 1.95939e-03
 4.96083 2.92911e-03
 4.97310 1.94278e-03
 4.98537 3.87541e-03
 4.99764 9.66012e-04
 5.00991 1.92320e-03
 5.02219 3.83228e-03
 5.03446 2.86116e-03
 5.04673 1.90252e-03
 5.05900 1.89181e-03
 5.07127 9.42843e-04
 5.08355 2.81469e-03
 5.09582 1.86814e-03
 5.10809 2.79474e-03
 5.12036 2.78090e-03
 5.13263 9.24003e-04
 5.14490 2.75746e-03
 5.15718 1.82968e-03
 5.16945 3.64821e-03
 5.18172 1.81426e-03
 5.19399 3.61644e-03
 5.20626 2.69847e-03
 5.21854 1.79155e-03
 5.23081 8.92543e-04
 5.24308 2.66760e-03
 5.25535 1.77164e-03
 5.26762 2.65084e-03
 5.27990 0.00000e+00
 5.29217 1.75261e-03
 5.30444 2.61791e-03
 5.31671 0.00000e+00
 5.32898 3.46341e-03
 5.34125 1.72641e-03
 5.35353 8.59829e-04
 5.36580 0.00000e+00
 5.37807 0.00000e+00
 5.39034 8.51439e-04
 5.40261 1.69722e-03
 5.41489 2.53925e-03
 5.42716 1.68837e-03
 5.43943 4.21125e-03
 5.45170 2.51934e-03
 5.46397 8.38332e-04
 5.47625 2.50955e-03
 5.48852 4.17518e-03
 5.50079 2.49991e-03
 5.51306 8.31420e-04
 5.52533 3.32443e-03
 5.53760 1.65820e-03
 5.54988 3.31438e-03
 5.56215 0.00000e+00
 5.57442 8.26965e-04
 5.58669 2.47963e-03
 5.59896 1.65260e-03
 5.61124 8.26007e-04
 5.62351 0.00000e+00
 5.63578 1.65231e-03
 5.64805 3.30575e-03
 5.66032 2.48076e-03
 5.67260 1.65547e-03
 5.68487 0.00000e+00
 5.69714 8.29874e-04
 5.70941 2.49298e-03
 5.72168 8.32099e-04
 5.73395 1.66794e-03
 5.74623 1.67071e-03
 5.75850 2.51166e-03
 5.77077 1.67754e-03
 5.78304 1.68390e-03
 5.79531 8.43939e-04
 5.80759 1.69636e-03
 5.81986 4.25080e-03
 5.83213 4.26829e-03
 5.84440 2.57393e-03
 5.85667 1.72334e-03
 5.86895 0.00000e+00
 5.88122 1.73688e-03
 5.89349 2.62184e-03
 5.90576 6.14508e-03
 5.91803 2.64776e-03
 5.93030 2.66120e-03
 5.94258 2.68612e-03
 5.95485 1.79716e-03
 5.96712 3.62613e-03
 5.97939 1.82541e-03
 5.99166 0.00000e+00
 6.00394 9.27109e-04
 6.01621 2.80679e-03
 6.02848 9.43305e-04
 6.04075 1.89130e-03
 6.05302 0.00000e+00
 6.06530 1.93390e-03
 6.07757 2.92118e-03
 6.08984 5.90347e-03
 6.10211 2.98329e-03
 6.11438 2.01202e-03
 6.12665 4.05826e-03
 6.13893 0.00000e+00
 6.15120 2.07255e-03
 6.16347 0.00000e+00
 6.17574 2.11652e-03
 6.18801 2.14819e-03
 6.20029 5.43275e-03
 6.21256 2.20111e-03
 6.22483 1.11616e-03
 6.23710 2.26731e-03
 6.24937 0.00000e+00
 6.26165 0.00000e+00
 6.27392 3.52534e-03
 6.28619 4.76944e-03
 6.29846 2.41164e-03
 6.31073 3.68026e-03
 6.32300 4.98206e-03
 6.33528 5.06930e-03
 6.34755 1.27932e-03
 6.35982 0.00000e+00
 6.37209 2.66622e-03
 6.38436 5.40364e-03
 6.39664 2.74199e-03
 6.40891 1.39862e-03
 6.42118 5.69779e-03
 6.43345 2.88904e-03
 6.44572 0.00000e+00
 6.45800 0.00000e+00
 6.47027 1.54583e-03
 6.48254 3.13148e-03
 6.49481 1.60634e-03
 6.50708 6.50004e-03
 6.51935 0.00000e+00
 6.53163 0.00000e+00
 6.54390 3.45295e-03
 6.55617 1.77877e-03
 6.56844 1.79221e-03
 6.58071 0.00000e+00
 6.59299 0.00000e+00
 6.60526 1.93043e-03
 6.61753 1.94887e-03
 6.62980 0.00000e+00
 6.64207 2.06896e-03
 6.65435 0.00000e+00
 6.66662 0.00000e+00
 6.67889 2.21707e-03
 6.69116 2.27896e-03
 6.70343 0.00000e+00
 6.71570 2.38885e-03
 6.72798 0.00000e+00
 6.74025 0.00000e+00
 6.75252 0.00000e+00
 6.76479 2.62977e-03
 6.77706 0.00000e+00
