# npar = 1, n_ded = 0
#         weight            chi2        param[0]
#                                     alpha_topo
      2.09004277              -0      6.32335236
      1.68838915              -0      5.48733486
      1.75583191              -9      1.75250219
      1.71771582              -1      5.35354341
      1.79291572              -4      3.55677651
      1.87283494              -1      4.85350689
      2.04447572              -0      6.28566154
      1.81764958              -1      3.86762091
       1.7509562              -1      5.24388943
      1.68658398              -0       5.7324623
      1.93284878              -9      2.32040487
      1.86831252              -4      4.87286505
      2.20422419              -0      6.40904872
      2.16961473              -0      6.38421126
      1.70209439              -9      1.62336524
      1.86008453              -1      2.85137771
      1.70551061              -0       5.8152861
      1.93135203              -2      2.41046692
      1.83009541              -7      3.02091063
      1.68943161              -1      5.48085567
      1.81703315              -7       3.8627584
      1.88981784              -1      4.34375223
      2.11756257              -9     0.778582715
      1.84967424              -6      4.94359155
      1.70949005              -4       1.6431704
      1.86791817              -7      2.00629868
      1.68739751              -9       1.5800649
      1.84164788              -2      4.03279676
      1.65703767              -9      1.43193137
      1.69586255              -0      5.77898289
         1.79211              -4      3.51341256
      1.86291166              -1      4.16317868
      1.79306505              -5      3.40653851
      1.66076524              -1      1.46539915
      1.68384086              -0      5.51976436
      1.71621338              -9      1.15659433
      1.82418777              -5      1.90105752
      2.17623578              -0      6.38903242
      1.85162267              -6        4.094397
      1.90501113              -4      4.53658217
      1.92666485              -9      2.46821555
      1.80736736              -2      3.77826043
       1.8880397              -1      4.32985294
      1.80551705              -0      5.08330632
      1.72773507              -9      1.68849529
      1.68380994              -0      5.71383292
      1.82053712              -0      5.03822312
      1.90523405              -6      4.58401136
      1.92640303              -7      2.47074312
      1.89707999              -5      2.09344084
      1.74126191              -0      5.91035735
      1.68871936              -0      5.48525311
      1.89269768              -7      4.36757985
      2.41359897              -0      6.54378718
       1.7552229              -9      1.09415974
      1.87812162              -6      4.82923289
      1.87639065              -4      2.76800392
      1.70454235              -7      1.63003742
      1.84261912              -2      1.94331653
      1.82131495              -0      5.03584146
      1.90085232              -0       6.1468037
      1.88020914              -0      4.27355156
      1.76980326              -0      5.18761353
      1.90078998              -7      4.45119405
      2.69245536              -1      6.69525743
       1.7926966              -2      3.54796617
      1.73114791              -5      1.13070165
      1.96331071              -9     0.885218161
       1.8284349              -1      3.03154774
      1.90687041              -7      2.60736588
      1.80324187              -4      3.23554325
      1.89791319              -1       4.7053782
      1.78151371              -5      1.80821589
       1.8192044              -4      3.09495257
      1.81183265              -4      3.15295172
      1.87828793              -2      2.75839422
      1.81856513              -6      3.09967176
      1.79464857              -9      1.04335658
      1.72476638              -9      1.14139881
      1.70726785              -0       5.8211363
      1.93171896              -4      2.40383179
      1.81037246              -1      6.03204109
       1.6990629              -4      5.79195255
      1.69138905              -9      1.20865343
      1.92057578              -5      2.51927894
      1.90848322              -1       2.1364525
      1.92533662              -1      2.22645492
      1.90515521              -1      4.58937571
       1.6936322              -1      5.45701344
      1.84482697              -1      4.96032988
      1.85468936              -0      6.09222346
      1.80272864              -2       3.2413144
      1.67680623              -9      1.54354036
      1.79231356              -5      3.52856149
      1.92333843              -9      2.21240005
      2.62641452              -9     0.521726837
      1.86332742              -4      4.16572687
      1.70187268              -7       5.4170843
      2.05562069              -9     0.818712837
      1.88447592              -5      2.72696759
       1.6782469              -0      5.58707167
      1.87695422              -7      4.25175599
       1.9020434              -5      2.63458092
      1.88846619              -0      4.77402866
      1.89564154              -6      4.39424267
       1.8391618              -1      4.01708683
      1.73448022              -0       5.8951138
      1.92960624              -9      2.26475137
      1.93011628              -4       2.2706852
      1.90425705              -2      4.62065596
      1.90409426              -0      4.62449847
      1.93321985              -2      2.35147681
       1.7553003              -9      1.09405036
       1.8682057              -9      2.00706288
      1.67791208              -4      5.59635598
      1.80213834              -7      3.24811982
      1.81282957              -4      3.14458684
      1.89878443              -2      4.42675082
      1.79842063              -2       3.2963667
      1.66108449              -9      1.46762868
      1.70371032              -1      1.62778348
      1.83415836              -4      4.99557036
      1.68125556              -0      5.54347441
      2.36938565              -9     0.639270509
      1.82214742              -2      3.90177648
      1.92284295              -4       2.2091493
      1.79602397              -4      3.33532918
      1.84138111              -7      2.95300217
      1.82220761              -0      5.03310124
      2.23067948              -0      6.42746003
      1.82480655              -4      3.05552879
      2.42124203              -9      0.61398287
       1.8829153              -7      4.80521371
       1.8970809              -4      4.40847317
       1.8958287              -1      4.39604108
      1.81571888              -4      3.12133721
      1.74247845              -1      5.91299839
      1.85404715              -4      2.88316074
      1.69753791              -0      5.78590947
      1.95398264              -0      6.20257295
      1.74813788              -0      5.25253542
      1.95717587              -0      6.20573368
      2.04934743              -9     0.822955525
      1.99819696              -9     0.858978885
      1.66365452              -9      1.48379462
      1.86225404              -9      2.84012062
      2.07754568              -9     0.804155172
      1.82692805              -7      3.93599637
       2.4218395              -9     0.613696781
      1.79237114              -7      3.53198302
      1.79240571              -2      3.43474032
      1.67767882              -0       5.6322688
      1.83291121              -1      3.00329913
      1.79197983              -4      3.49602137
       2.0283878              -2     0.837397056
      1.91701539              -2      2.17570412
      1.70503278              -0      5.81366184
      2.13808149              -7     0.765924106
      1.86887598              -0      4.87051357
      1.68493419              -1      5.72181733
      1.97863366              -0      6.22649008
      1.82859661              -1      5.01324895
      1.80496128              -1      3.75375918
      2.01274741              -9     0.848456612
      1.72159925              -9      1.67370505
      1.90466102              -2       4.6095975
      1.67936925              -2      5.67058826
      2.09089349              -4      6.32403444
      2.11284335              -0      6.34138232
      1.72468716              -0      5.32869823
      1.79289502              -1      3.41274072
      1.70597111              -0      5.81683761
      1.79409238              -0      5.11682055
      1.87150828              -9      2.01594137
      1.68634741              -0      5.50090922
      1.79880757              -1      3.67884781
      1.93031918              -1      2.27318514
      1.85889113              -7      6.09748588
       1.7930673              -1      5.11980941
      1.84887721              -6       2.9110575
      1.90265378              -9      2.11347689
      1.89854449              -2       4.6994788
      1.87717272              -5      2.76404302
       1.8361259              -7      3.99761729
      1.77664932              -9      1.06544113
      1.77669865              -1      5.16744668
      2.31766459              -0       6.4849422
      1.80534672              -4      5.08380966
      1.86438827              -4      4.17224064
      2.35158763              -7     0.648168802
      1.79333426              -7      3.57117172
      1.76654694              -1       1.7759175
      1.67315896              -9      1.26117271
      1.79294192              -1      3.55775986
      1.70953239              -9      1.64328093
      1.74514619              -0      5.26180372
      1.93027253              -5      2.42706097
      1.70809455              -9      1.63951074
      1.79373856              -2      3.58312182
      1.91947653              -1      2.18891586
      1.89878487              -1      4.69715912
      1.66298747              -9       1.3048413
      1.84190783              -4      4.03442884
      1.87312267              -4      2.78456309
      1.68380649              -4      5.52004525
      1.71106528              -0      5.83318112
       2.0983758              -2     0.790691122
      1.80884161              -1      3.17930964
      1.81706401              -6      3.86300299
      1.72245392              -9      1.14540388
      1.94975901              -9     0.895836166
      1.80370877              -6       3.2304025
      1.79231358              -5      3.52856252
      2.27111184              -5     0.689968972
      1.70312187              -0      5.80701167
      1.67805157              -0      5.64607018
      1.67998097              -1      5.67854673
      1.79856861              -5      3.29421841
      1.89479141              -6      4.73136436
      1.80262543              -0      6.02045965
      1.90477129              -6      2.61935257
      1.76799099              -7      5.19293936
      1.79225537              -7      3.52481206
      1.93110084              -4      2.41465997
      1.79669159              -7       3.3235389
      2.63959409              -9     0.516160417
      2.14531553              -9     0.761529207
      1.78377926              -7      5.14683504
      1.68411796              -0      5.51752572
      1.84435278              -4      4.96194016
      1.85115334              -9     0.982556005
      1.74473309              -1      5.26309141
      1.92805148              -6      2.45402178
      1.68662298              -0      5.49899849
      1.87054946              -1      4.86343199
      1.79215566              -7      1.83109344
      2.24231466              -0      6.43541073
      1.81698516              -7       3.1115603
      1.80087337              -1      3.70663609
      1.77329393              -9      1.06974808
      1.84879001              -4      4.07707249
      1.68022534              -9      1.55602701
      1.73272524              -9      1.12813245
      1.76605796              -9      1.07926481
      1.86959906              -4      4.20457107
      1.87862599              -6      2.75668146
      2.27177748              -9     0.689611874
      1.80197194              -7      3.25007264
      1.93266438              -2      2.38166684
      1.75866277              -0      5.22060196
       1.6559867              -9       1.4159426
      2.53598659              -0      6.61335628
      1.83433636              -5      1.92405373
      1.73092892              -0      5.30749319
       1.8303756              -1      3.01913485
      1.81082021              -2      3.16165032
      1.91332961              -6      2.15770942
      1.79206209              -2      3.46010943
      1.89127245              -9     0.944961837
      1.86064836              -9     0.973311807
      1.93309101              -5      2.36427346
      1.67785191              -0      5.63987774
      1.80574866              -2      3.76199025
      2.35754986              -7      6.50992922
      2.08353452              -0      6.31810941
       2.5957822              -0      6.64548804
      1.80385908              -1      3.74183819
      1.72776117              -9       1.6885574
      1.79195786              -7      3.48011437
      1.79341291              -5      1.83379918
       1.8275113              -7       3.9400513
      2.30256111              -9       0.6733124
      1.72215218              -4      5.33757397
      1.95060047              -0      6.19920385
      1.80301913              -0      6.02105735
      1.70949325              -0      5.82828765
      1.84270702              -2      1.94352377
      1.83587508              -6      4.99002701
       1.7927683              -2      3.41773734
      1.89380351              -4      2.67882042
      2.18318066              -0      6.39405323
      1.79980642              -7      3.69272219
      2.83563282              -0      6.76475562
      1.80800069              -5       3.7844124
      1.81155869              -5       3.1552846
      1.84250655              -1       4.0381809
      1.80195657              -9      1.85223568
      1.87027922              -7      4.86458575
      1.84485541              -9       1.9486092
      1.89416667              -6      2.67691332
      1.73929348              -0      5.90602617
      1.82344324              -7      3.91123953
       1.6676472              -9      1.28246705
      1.86663365              -1      4.87977898
      1.79458056              -6      3.60428884
      1.65778224              -9      1.44033377
      1.90875417              -5      2.13758251
      1.79471439              -7      3.60732315
      1.81889261              -1       3.0972479
      1.67979882              -9      1.23971671
      1.67177448              -9      1.52345697
      1.69876464              -0      5.43134366
      1.79287449              -2      3.55520184
      1.81929769              -1      3.88039338
      1.84718316              -6      2.92036588
      1.93134133              -6      2.28743618
      1.76638813              -9      1.07882345
      1.83937113              -4      4.01841714
      1.80085692              -0      6.01776219
      1.82509358              -0      5.02418819
       1.8185361              -2      3.09988727
       1.8198252              -7       3.0904171
      1.86645193              -4      4.18496956
      1.85695813              -2       4.1268746
      1.86721163              -1      2.81464089
      1.79218114              -2      3.51945477
      1.82238105              -6      3.07220157
      1.88627526              -5      2.05839557
      1.85132139              -5       4.0925584
      1.73367178              -0      5.89323317
      1.79029197              -2      1.82708469
      1.76706926              -0      5.19565319
      1.68617185              -0      5.50214082
      1.85122966              -7      2.89827426
      1.87828103              -6       4.2605557
      2.08865713              -0       6.3222398
      1.80514675              -7      3.21516061
      1.79430815              -4      3.59786687
       1.8582446              -5      2.86098705
      1.88240611              -5      2.73750372
      1.86249749              -9      1.99213275
      1.75877645              -0      5.94609844
      1.77790036              -7      5.16394385
      1.71383631              -9      1.65436651
      1.69266449              -2      5.76476461
      1.74235872              -0      5.91273964
      2.18753852              -9     0.736534235
      1.80151695              -4      3.71464629
      2.45470581              -5     0.598133756
      1.93496595              -1       6.1833317
      1.83179058              -5      1.91822874
      1.67197554              -9      1.52430767
      1.80359908              -4       3.2316012
      1.69482034              -0      5.45078851
      1.68370077              -4      5.52091377
      1.69276718              -9      1.59663834
      1.65730161              -9        1.435083
      1.85767496              -4      2.86397478
      2.54864346              -9     0.555391704
      1.79209506              -7      3.51197673
      1.81930769              -2      3.09419477
      1.71140744              -9      1.16563562
      1.92589271              -7        2.475553
      1.79224358              -2      3.52400923
      1.87687975              -5      2.76552682
       1.8394662              -4      4.01902083
      1.73291477              -0      5.30091546
       1.8965242              -5      2.09152712
      1.79632107              -1      3.63926205
      1.90401567              -4      2.62360754
      1.89290064              -4      4.36933316
      1.80164124              -5      3.25400105
      1.80275397              -4      3.24102651
      1.75274034              -0      5.23845482
      1.74933044              -2      1.73809463
      1.65758916              -9      1.34345969
      1.68864121              -4        1.583997
      1.69077449              -0      5.47287581
      1.71402709              -9       1.6548514
      2.35269108              -0      6.50692693
      1.67796625              -0      5.59462088
      1.79850304              -7      3.67442659
      1.79815226              -2      3.66920871
       1.8117698              -0      5.06472234
      1.68728215              -9      1.57969707
      1.81466907              -9      1.02051928
      1.79228765              -6      3.44171634
      1.85279808              -0      6.08983289
      2.00037848              -9     0.857386368
      1.85249131              -9      1.96702732
      1.83834778              -5      2.97060637
      1.90214966              -1       4.4706752
      1.82886461              -4      3.94937201
      1.89572787              -2       4.3950704
      1.65931906              -9      1.45440968
      1.83443409              -0      6.06586109
      1.84955403              -7      2.90736326
      2.73955073              -0      6.71863191
      1.89888111              -4      4.42784595
      1.88252094              -6      4.28951347
      1.83406902              -5      3.98421626
      1.87683902              -2      4.25099702
      1.88855502              -4      4.33382648
      1.72557999              -0      5.32561095
      1.75021163              -0       5.2461661
      1.81447779              -6      5.05659946
      1.84583905              -6      4.05890496
      1.67871779              -0      5.66038626
      1.91626118              -6      2.54954044
       1.7922086              -4      3.44711217
      1.70532407              -9      1.63214258
      1.69391172              -0      5.45553139
      1.74350398              -9      1.11127801
      1.76243888              -0      5.95303183
      1.81002045              -2      3.16867779
      1.73815067              -5      1.71281817
      1.80783865              -9      1.02812837
      1.65667243              -4      1.35410861
      1.69022802              -0      5.75283105
      1.78969825              -0      5.12962072
      1.68963272              -9      1.21297956
       1.8178699              -4      5.04634905
      1.92364366              -9      2.49524845
      1.88568752              -4      2.72078268
      1.91030296              -9     0.928328006
       2.4521891              -0      6.56632713
      1.82406595              -9      1.01033107
      1.92257779              -4      2.50390512
      1.74667111              -7        5.921903
      1.65960833              -9       1.3261027
      2.22596098              -9     0.714682053
      1.93267186              -2      2.38143696
      1.80826468              -1      3.18464103
      1.82370033              -1      1.89996696
      1.92549748              -7      2.22766296
      1.68363935              -7      5.71255804
      1.93319647              -9      2.33985926
       1.6580116              -9      1.33931674
      1.93322569              -2      2.34933217
      1.67758598              -0      5.61367922
      1.80565064              -5      3.76097766
      1.68777541              -0      5.73952956
      1.89326897              -5       2.0805837
      1.68029414              -7      5.55428464
      1.65550633              -9      1.40342464
      1.85956233              -0      4.90756758
      1.75692805              -9      1.09176032
       1.9332006              -2      2.34040277
      1.85414223              -6      2.88265418
      1.88202912              -4      4.28607917
      1.89661794              -4      4.40379104
       1.7990859              -4      3.68280662
      1.83834342              -5      2.97063199
      2.04078096              -0      6.28249897
      1.84761951              -5      4.06988356
       1.8216378              -2      3.89801242
       1.6981174              -0      5.43442109
      2.52648286              -0      6.60814496
      2.06245217              -9     0.814132533
      1.65572748              -2      1.37057204
      1.70609506              -0      5.81725295
      1.76891986              -0      5.19020804
      1.93265376              -4      2.38199074
       1.8352407              -9      1.92613304
      1.88504329              -5       2.0546479
      1.89664394              -2      2.66381328
      1.70202818              -6      5.41639144
      1.92969598              -5      2.26576238
      1.73906678              -0      5.90552264
      1.80860261              -9      1.86666972
      1.88550325              -0       6.1293925
      1.87601273              -4       2.0283751
      1.90042976              -1      4.67995506
      1.79455227              -5      3.36532777
      1.89806471              -1      2.65622043
      1.80548871              -6       3.7592974
      1.79824417              -7       5.1046905
        1.675672              -9      1.25262572
      1.88153752              -4      4.28266803
      1.93131744              -5      2.41105932
      1.79330977              -2      3.57039498
      1.81823857              -5      3.10210217
      1.90059567              -0      4.44863989
      1.93291418              -2      2.37293388
      1.91177788              -1      2.15064496
      1.82803882              -7      1.90971571
      1.89321223              -4      4.37204666
       1.6888163              -0      5.48464732
      1.85370004              -7      4.10705579
      1.74736301              -9      1.73369685
      1.79299281              -6      3.40911117
      1.89936289              -4       4.4334135
      1.92390927              -6      2.49303101
      1.74512943              -4      5.26185593
      1.81945319              -5      3.88158218
      1.67839484              -0      5.58371848
       1.8361625              -0      4.98909457
      1.93304661              -1       2.3287832
      1.69187884              -9      1.59396541
      1.90529813              -1      4.55593366
      2.07483288              -0      6.31102933
      2.11506891              -0      6.34311513
       1.7746651              -9      1.06798024
      1.73385312              -0      5.89365626
      1.66748018              -9      1.50400735
      1.67874502              -0       5.5767977
      1.67799385              -0      5.64443977
      1.72112209              -0      5.34123001
      1.72321854              -9      1.67764677
      1.85664584              -4      2.86938884
      1.87330603              -7      4.85142197
       1.7963296              -7       3.6394146
      1.79010851              -5      1.82669019
      1.88264689              -7      2.04747894
      1.87317399              -5      2.78430281
      1.81634172              -9       1.8836319
      1.79528194              -7      3.61944999
      1.92474063              -2      2.22208692
      1.68336894              -7      5.71049857
      1.86932417              -7      4.20284811
      1.83818722              -9     0.995575884
      1.75868233              -4       5.2205434
      1.68782245              -7      5.49097581
      1.79291354              -1       3.5566939
      1.89957907              -2      2.64805426
       1.8031273              -4      3.73363684
      1.90410972              -4      4.62414509
       1.7927095              -4      3.42018759
      1.93287689              -1      2.37441243
      1.71964058              -9      1.66889725
      2.05644603              -0      6.29579295
      1.83056902              -0      5.00702571
      1.77523157              -0      5.97606715
      1.89761771              -2      2.65861611
      1.88139411              -7      2.74264438
      1.88858925              -6      4.33409191
      2.33518332              -9     0.656475876
      1.88734468              -7      2.71229743
      1.79203578              -5       1.8308355
      1.92326048              -9      2.21188316
      1.68762709              -9      1.21806555
      1.68856997              -9      1.21565435
      1.86953563              -4      4.86773994
      1.74781917              -0      5.92429053
      1.69603486              -0      5.44461489
      1.84039671              -9     0.993323117
      1.67644019              -5      1.25012508
      1.81385449              -7      3.83684834
       1.7713504              -0      5.96925918
       1.8036447              -5      3.73946057
      1.87817408              -4       4.2598423
      1.82052329              -7      3.08537064
      2.62618879              -9     0.521822508
      1.82294961              -7      3.90765239
      1.76079157              -9      1.08640218
      1.91222107              -1      2.15263553
        2.018021              -9      0.84469935
      1.90471166              -7      4.52490058
        1.928853              -9     0.912740982
       1.9256559              -7      6.17363405
      1.85086146              -9     0.982843927
      1.68836137              -4      5.74284734
      1.84782348              -2      1.95570177
      1.65545752              -5      1.37919598
      1.84529646              -7        4.958731
      1.89309063              -9      2.07999654
      1.70790997              -0        5.391372
      2.21029105              -9     0.723497687
      2.06438775              -9     0.812842211
      1.70678362              -9      1.63604183
      1.66685787              -9      1.50094425
      1.84229858              -7      2.94775593
      1.72428727              -9      1.68023267
      1.79719631              -7      3.65421207
      1.69994503              -0      5.42583142
      1.88299238              -7      4.29282646
      2.11433403              -9     0.780601325
      1.80582739              -4      3.20822611
      1.68225608              -0      5.70144912
      1.68093815              -4      5.54687542
      1.99250273              -0      6.23948774
      1.80259141              -7      3.24287997
      1.90527668              -1      4.55350471
      1.87956664              -1      4.26919155
      1.81548923              -7      3.12313561
      1.74791358              -0      5.92448592
      1.82004345              -7      3.88607071
      1.82169896              -6       3.0769942
      2.56343373              -1     0.548876985
      2.15457365              -0      6.37313022
      1.76450579              -9       1.7714823
      1.94828506              -0       6.1968845
      1.75832881              -0       5.9452396
      1.65951706              -9      1.45601557
      1.81966435              -0       5.0408889
      2.02760823              -9       0.8379424
       1.8121366              -1      6.03462727
      2.11111916              -0      6.34003664
       1.8751472              -7        4.239935
       2.0372733              -9     0.831223521
      1.76775789              -4      5.19362532
      1.79267205              -4      3.42179845
      2.11658644              -9     0.779192239
      1.70207818              -0      5.41616908
      1.92749919              -2      2.45985349
      1.79197158              -7      3.49391158
      1.73729624              -4      5.28664895
      1.83264017              -9      1.92016812
      1.89980421              -1       4.6868021
      1.66423257              -9      1.48709018
      1.93143827              -5      2.28897755
      1.66682559              -9      1.50078334
      1.81000616              -1      3.80320518
      2.34269816              -0      6.50071663
      1.73839508              -1      5.90402487
      2.18536357              -0      6.39562386
      2.29343907              -9     0.678099275
      1.71371122              -6      1.65404827
      1.86107613              -9      1.98848925
      1.83799249              -5      1.93249458
      1.83848208              -0      4.98152196
      1.84139207              -7      2.95293932
      1.82906565              -2      3.02748387
      2.05534784              -7      6.29487063
      1.67823092              -0      5.65059037
      1.72674494              -0      5.87648788
      1.79295484              -6      3.55823984
      1.71732187              -9      1.15456345
      1.93234152              -2      2.30615103
      1.88837387              -0      6.13269991
      1.73087057              -9      1.69591168
       1.6676036              -9      1.50460622
       1.7250645              -0      5.32739108
      1.90113328              -0      4.45582957
      1.84797941              -4      4.07209619
       1.8956515              -7      4.39433796
      1.88879152              -5      2.70486003
      1.75096845              -7      5.93073453
      1.87991681              -5       2.7501392
      1.65554317              -4      1.37588158
      1.68094683              -0      5.54678044
      2.09733625              -0      6.32917601
       1.9015423              -1      4.46158221
      1.87199645              -4      2.79027722
      1.65586696              -9      1.41345344
      1.80141401              -0      5.09539533
      1.81157194              -4      3.81723893
      1.90461771              -0      4.52183605
      1.90527847              -7      4.58004138
      1.68139426              -0      5.54203224
      1.89144004              -4      2.07461874
      1.70225896              -5      1.62381773
      1.65545262              -9      1.37941623
      1.80198831              -7      3.72035164
      1.82722266              -6      5.01755617
      1.83584069              -2      3.99576992
       1.9037832              -7      4.50033223
      1.73440872              -9      1.12542096
      1.87036524              -4      4.20938589
      1.85970725              -4      2.85334317
      2.30430146              -1      6.47638976
      1.99586406              -0      6.24259164
      1.93046484              -1      2.42434303
       1.7933761              -5      3.57248282
      1.77159901              -0      5.96969974
      1.77688385              -0      5.16690669
      1.86633139              -1      2.81914391
      1.66173543              -4      1.47200019
      1.82611616              -1      3.93031173
      2.29819634              -9     0.675598422
      1.78032295              -0      5.15688928
       1.8993061              -1      4.43274728
      1.81260959              -7      3.82626946
      1.85621093              -7      4.12233044
       1.6563836              -5      1.42288695
      1.81886073              -2       3.0974833
      2.30049219              -9     0.674394977
      2.05144318              -0      6.29157966
      1.66403873              -9      1.29928076
      1.81786179              -2      3.86928373
      1.70293948              -9       1.6256827
      1.89243373              -7      4.36531596
      1.80845091              -1      3.78871919
      1.92491925              -5      2.48434988
      1.90970099              -2      2.59075459
      1.80778863              -6      3.78236494
      1.82699415              -4      3.93645712
      1.76216054              -2      5.21017337
      1.88168486              -9      2.04464359
      1.80407155              -7      5.08757357
      1.74685254              -0      5.25650542
      1.79940356              -2      3.68723478
      1.68566026              -9      1.22321796
      1.88155888              -5      2.04427403
      1.92977372              -7      2.43375403
      1.85073581              -0      6.08721035
       1.7368654              -0      5.90058056
      1.79197815              -1      3.49562333
       1.7944052              -7       3.3687491
      1.79370471              -1      3.38666642
      1.84694801              -1      4.06574958
       1.7930902              -5      3.40566244
      1.67805835              -0      5.59191803
      1.92854187              -4      2.44860841
      1.89363915              -4      2.67968255
      1.92889912              -1      2.44450383
      1.80841855              -1      3.18321049
      1.72861264              -0      5.88112074
      1.78987945              -9      1.82619766
      1.84677258              -1      4.95367385
      1.67642702              -4       1.5421043
      1.82764825              -4      1.00652728
      2.13989843              -9     0.764817005
      1.80613772              -4      3.20511865
      1.81083844              -1      3.16149171
      1.70633883              -9      1.17562981
        2.157928              -0      6.37561724
      1.81800954              -1      3.87043822
      1.76992932              -1      5.96672872
      1.86944297              -5      2.80325818
      1.90013005              -4      2.10420364
      1.80713371              -2      3.77596187
       2.0419585              -0      6.28350874
      1.81423137              -1      3.83999977
      1.87188578              -9     0.962661951
      1.66209033              -2      1.47429518
      1.73365907              -0      5.29846885
      1.79305366              -0      6.00560441
       2.2295075              -0      6.42665433
       1.9097917              -9     0.928766037
      1.88021988              -7      2.74860237
      1.91635796              -5      2.54889524
      1.81357152              -4      6.03671741
      1.77914365              -4      5.16032237
      1.85482925              -2      2.87900003
      1.77955808              -0      5.98348726
      2.16148672              -0      6.37824577
      1.73676728              -0      5.90035802
      2.02651729              -0      6.27012631
      1.93319745              -4       2.3553894
      1.90787554              -0      6.15455625
      2.00985597              -9     0.850529187
      1.86920401              -7      4.86913713
      1.81204383              -5       3.1511637
      1.87097353              -6       4.2132223
      1.71874486              -0      5.85549431
      1.88378364              -1      4.29843584
      1.70719089              -0      5.82088399
      1.90078966              -5      2.10659321
      1.87508821              -2      2.02579045
      1.70446725              -1      1.17945296
      2.41604125              -0      6.54523155
      2.07041294              -0      6.30740151
      1.80297073              -4      3.73184977
      1.88839249              -1      2.70691421
      1.85415325              -9      1.97111456
      1.82659675              -7      5.01951109
      1.92052418              -4      2.51966202
      1.82936901              -9      1.91272473
      1.84134588              -1       4.0308983
       2.0312831              -0      6.27428974
      1.92204116              -4      2.50813066
      1.84758095              -2      2.91817195
      1.66742356              -9      1.28342743
      1.66240847              -9      1.47630463
       1.7996569              -0      5.10055202
      1.86647047              -4      4.18508429
      1.80383697              -5      3.22900839
      1.70391857              -1      1.62834894
      2.39637435              -5     0.625994681
      1.88975929              -6      4.76606421
      1.83413877              -5       2.9957753
      1.86905503              -7      4.86976295
       1.9332242              -7      2.34526834
      1.95900708              -9     0.888562654
      1.76308297              -7      5.20743529
      1.68362386              -0      5.52155001
       2.0405005              -9     0.829000209
      1.70381012              -1      5.40857697
      1.69216052              -0      5.76238418
      1.83990401              -6      4.97683609
      1.79213555              -6      3.51571638
      2.35941278              -0      6.51107738
       1.8716286              -6      2.79214485
      1.90362558              -7      4.49697034
      1.89587754              -7      2.66788389
      1.87362398              -0      6.11543829
      1.88793844              -4      4.32907705
      1.84179569              -6      4.03372505
      1.86063048              -9     0.973328994
       1.8048519              -5      3.21821793
      1.87160686              -6      4.21723036
       1.6636559              -9      1.30126317
      1.66834101              -9      1.27954413
       1.7990751              -0      5.10225711
      1.75505735              -1      5.23143798
      1.86515439              -0      6.10521009
      1.85147961              -6      4.93721715
       1.8999458              -6      4.44042003
      1.68068067              -0      5.54974842
      1.76115372              -0       5.9506175
      1.69525282              -9      1.60398848
      1.71669201              -0      5.84976354
      1.87223062              -0      4.85616135
      1.90101022              -4      4.67318907
      1.80562588              -2      3.76072131
      2.14600446              -9     0.761112454
      1.73769455              -0      5.90245333
      1.82821813              -1      3.94493443
      1.67815079              -0      5.64865864
      1.91410563              -7      2.16134704
       1.8864547              -7      4.31788051
      2.34730732              -0      6.50358708
      1.88540214              -0      4.79177364
      1.73182909              -1      1.69816163
      1.72096121              -0      5.86151321
      1.80353463              -4      3.73823189
      1.81117008              -7      3.81368573
      1.75109092              -1      1.74201407
      1.88317591              -4      2.73358898
      1.65597441              -9      1.36518067
      1.89199023              -4      4.75150551
      1.88742628              -9      2.06193737
      1.69598729              -1      5.44485333
      2.03249482              -0      6.27534353
       1.8142332              -1      3.84001503
      1.87272632              -1      4.22435189
      1.94865731              -0      6.19725809
      1.85640885              -1      4.12353406
      1.68932074              -0      5.74808228
      1.79502037              -2      3.61399902
      2.16880087              -9     0.747492396
      1.79195481              -5      3.48527735
      1.79154157              -2      5.12425465
      1.92490234              -2      2.22325591
       1.8000146              -2      3.69550495
      1.82664497              -9      1.00758828
      1.79852705              -2      3.67477863
      1.67221984              -9      1.52533518
      1.71256358              -7      5.83773283
      2.10120043              -7      6.33223972
      1.86170939              -2      4.15582273
      1.83582701              -0      6.06773053
      1.69239689              -0      5.46370321
      1.67711396              -9      1.54469765
      1.66254876              -9      1.47717725
       1.8919702              -0      4.75164144
      1.65771598              -9      1.43964169
      1.93309379              -4      2.36410209
      1.84475308              -9     0.988923179
      1.82524972              -7      3.92419142
      1.87583292              -0      6.11806672
      2.31652573              -0      6.48421699
      1.79452101              -5      3.60291409
      1.87020997              -1      2.01242845
      1.81405297              -4      3.83851087
      1.96936831              -0       6.2176279
      1.84660454              -9      1.95277924
      1.92506864              -0      6.17301586
      1.88578544              -4       2.7202822
      1.69701232              -9      1.19550649
      1.88538072              -1      4.30996088
      1.80211145              -2      3.24843429
      1.79900878              -7      3.28796425
      1.84956087              -0      6.08570871
      1.68751751              -9       1.2183482
      1.87957752              -5      2.75185931
      1.80793705              -4      3.78379933
      1.90190045              -1      4.46685574
      1.74399506              -4      1.72612175
      1.81786352              -7      3.86929726
      1.89635332              -5       2.0909415
      1.71001058              -0      5.82991185
      1.77522987              -0       5.1717319
      1.79285418              -6      3.55441315
      1.80058919              -2      3.26695428
      1.66602764              -9      1.49673715
      1.77894594              -9      1.06252985
      1.78013185              -2      1.06103788
      2.38134727              -9     0.633354911
      1.70329945              -9      1.62666525
      1.84694652              -5      4.06574043
      1.71023479              -9      1.64511006
      1.75186253              -9      1.09895326
      1.79679786              -7      3.64757059
      1.83752146              -5      2.97547578
      1.79258083              -4      3.54278108
      1.87823172              -7      6.12090332
      1.85521636              -1      6.09288714
      1.79401768              -2       3.3782881
       1.8198133              -4      3.88432505
      1.69317205              -0      5.76712021
      2.21952769              -9     0.718285723
      1.65562162              -9       1.3734131
      1.84687807              -2      2.92205206
      1.90175234              -7      4.66381974
      1.84111721              -0      6.07475121
      1.81394256              -2      3.83758684
      1.79270925              -7      3.42019838
      1.79304482              -2      3.40725022
      1.83324445              -9      1.92155029
      1.85557693              -4      2.87503549
      1.85507946              -6      4.92425109
      1.85446441              -0       4.9264919
      1.81224848              -5      3.14943934
      1.78608775              -0      5.14012247
      1.70535718              -0      5.40196618
      1.65537718              -9       1.3968624
       1.6553987              -9       1.3822371
      1.94544273              -0      6.19402278
      1.85170831              -1      4.93640378
      1.71963449              -1      1.15038781
      1.79627586              -0      5.11044662
       1.6803007              -5      1.55629364
      1.90524608              -2      4.58303363
      2.21647852              -0      6.41763603
      2.47294657              -9     0.589639073
      2.66492531              -0      6.68133915
       1.7790804              -9      1.80298242
      1.88385637              -6      4.29895466
      1.83952121              -0      4.97810096
      2.11410904              -2     0.780742275
       1.8187604              -5      3.09822485
      1.82469801              -0      5.02541493
      1.85268941              -5      2.89041871
      1.70943239              -0      5.82809567
      1.75756907              -0      5.94377609
      1.65616917              -9      1.36164691
       1.9235604              -5      2.49593828
      1.88926194              -6      4.76916496
      1.73609941              -6       5.2905144
      1.84437795              -0      6.07901795
      1.85085529              -7      4.08971235
      1.71688529              -0      5.85030981
      1.93297662              -5      2.32544648
      1.92795742              -7      2.45503364
      1.81872499              -6       3.8759913
       2.0158144              -9     0.846267922
      1.72345741              -0      5.33298304
      2.07407386              -0      6.31040787
      1.76318499              -0      5.20713275
      1.86783842              -4       4.8748313
      1.93304899              -5      2.32890714
      1.69081719              -7      5.75581996
      1.80988221              -6      5.07035605
      1.78624853              -9      1.05346036
       2.4446601              -0      6.56197594
      1.85379741              -4      2.88449242
      1.83574103              -4      3.99512363
       1.8378541              -1      4.98358066
      1.84529888              -5     0.988375761
       2.1706738              -0      6.38498472
      1.89891589              -1      4.69587654
      1.84083934              -0      6.07438551
      1.86464126              -2      4.17379679
      1.85210318              -1      6.08895107
      1.88064668              -0      6.12374071
      1.79211911              -9      1.04636393
      1.79229312              -1       3.5272815
      1.75176903              -9      1.09908791
      1.89146649              -5      2.69102259
      1.69048322              -7      5.47457462
      1.67883019              -0      5.66232491
      1.90820753              -9      2.13530908
      1.77272866              -4      5.17904116
      1.79858213              -2      3.29402321
      1.78343277              -0      5.14784263
      2.22360969              -0      6.42258604
      1.95970909              -0      6.20822742
      1.86539643              -0      6.10550578
      1.81966375              -6      3.09159225
      1.86062942              -6      2.84854329
      1.83026249              -7      3.95887865
      1.79888244              -1      3.67992031
      1.82057058              -7      3.89004769
      1.87127321              -5       2.0153031
      2.02760286              -9     0.837946161
      1.90482802              -7      4.60404392
      1.70346923              -9      1.62712775
      1.91865055              -4      2.53319291
      1.83887409              -7      4.01525598
      1.83893494              -6       2.9671662
      1.92852819              -7      2.25349761
       1.8408005              -7      2.95634035
      1.69697349              -0      5.43996268
      1.93210866              -5      2.39587548
      1.68853973              -4      5.48638204
      1.66078039              -9      1.46550637
      1.71309611              -0       5.8393256
      1.80494788              -5       3.7536171
      1.85155263              -7      4.09396964
      1.85297289              -0      4.93188158
      2.42861699              -4     0.610459583
      1.67852532              -7      5.65682798
      1.69818155              -0      5.43411427
      1.75790451              -9      1.75705969
       1.8836672              -1      4.29760646
      1.88069352              -2      4.81662311
      1.80125275              -1      3.25870037
      1.65714602              -9      1.43325197
      2.22044589              -0      6.42039416
      1.79723117              -7      3.65478112
      1.85558101              -5      1.97465052
      1.82788025              -9      1.90935766
      1.88839023              -2      4.33255122
      1.92110105              -5      2.51534415
       1.7695564              -0      5.96606123
       1.9029775              -0      4.64583314
      1.83693736              -1      2.97893818
       1.7090315              -9       1.1702579
