10 1
0.22706579
1 -1 1 1
         5.805165191 
   0.656468353611663 
0.10974999
1 -1 1 1
         4.064512061 
    1.29147176550323 
0.087879955
1 -1 1 1
         3.313470118 
    1.27930323992696 
0
1 -1 1 1
                   0 
                   0 
0.11736045
1 -1 1 1
         3.779259914 
    1.33646416616127 
0.096031104
1 -1 1 1
         2.286678575 
   0.847259352328492 
0.052076639
1 -1 1 1
         3.710870412 
   0.903696823386639 
0.11646766
1 -1 1 1
         3.847740107 
    1.33023445267229 
0
1 -1 1 1
                   0 
                   0 
0.19336842
1 -1 1 1
         1.237897744 
   0.545234316433233 
