 0.50614 0.00000e+00
 0.51841 0.00000e+00
 0.53068 8.53028e-03
 0.54295 8.40531e-03
 0.55522 0.00000e+00
 0.56750 0.00000e+00
 0.57977 7.94318e-03
 0.59204 0.00000e+00
 0.60431 0.00000e+00
 0.61658 0.00000e+00
 0.62885 7.32882e-03
 0.64113 7.08728e-03
 0.65340 6.95369e-03
 0.66567 0.00000e+00
 0.67794 0.00000e+00
 0.69021 6.58913e-03
 0.70249 0.00000e+00
 0.71476 6.32432e-03
 0.72703 0.00000e+00
 0.73930 0.00000e+00
 0.75157 0.00000e+00
 0.76385 0.00000e+00
 0.77612 0.00000e+00
 0.78839 0.00000e+00
 0.80066 0.00000e+00
 0.81293 5.27832e-03
 0.82520 0.00000e+00
 0.83748 0.00000e+00
 0.84975 9.82020e-03
 0.86202 0.00000e+00
 0.87429 0.00000e+00
 0.88656 4.54971e-03
 0.89884 0.00000e+00
 0.91111 0.00000e+00
 0.92338 0.00000e+00
 0.93565 4.18243e-03
 0.94792 0.00000e+00
 0.96020 0.00000e+00
 0.97247 3.95312e-03
 0.98474 3.84509e-03
 0.99701 0.00000e+00
 1.00928 3.63214e-03
 1.02155 3.57150e-03
 1.03383 0.00000e+00
 1.04610 0.00000e+00
 1.05837 0.00000e+00
 1.07064 0.00000e+00
 1.08291 0.00000e+00
 1.09519 3.12573e-03
 1.10746 6.03756e-03
 1.11973 0.00000e+00
 1.13200 5.80934e-03
 1.14427 2.84686e-03
 1.15655 0.00000e+00
 1.16882 2.67637e-03
 1.18109 0.00000e+00
 1.19336 2.60796e-03
 1.20563 2.52438e-03
 1.21790 2.46472e-03
 1.23018 0.00000e+00
 1.24245 4.72970e-03
 1.25472 2.28569e-03
 1.26699 0.00000e+00
 1.27926 0.00000e+00
 1.29154 2.16365e-03
 1.30381 2.12713e-03
 1.31608 4.11712e-03
 1.32835 2.04295e-03
 1.34062 5.96768e-03
 1.35290 5.83927e-03
 1.36517 0.00000e+00
 1.37744 0.00000e+00
 1.38971 1.81538e-03
 1.40198 1.78194e-03
 1.41425 3.52303e-03
 1.42653 0.00000e+00
 1.43880 1.69242e-03
 1.45107 1.67123e-03
 1.46334 1.62473e-03
 1.47561 0.00000e+00
 1.48789 4.67170e-03
 1.50016 0.00000e+00
 1.51243 3.03249e-03
 1.52470 1.49299e-03
 1.53697 1.46377e-03
 1.54925 2.86573e-03
 1.56152 2.83433e-03
 1.57379 0.00000e+00
 1.58606 0.00000e+00
 1.59833 2.68867e-03
 1.61060 0.00000e+00
 1.62288 0.00000e+00
 1.63515 1.27605e-03
 1.64742 2.50404e-03
 1.65969 0.00000e+00
 1.67196 1.22830e-03
 1.68424 2.40185e-03
 1.69651 1.18153e-03
 1.70878 1.17455e-03
 1.72105 1.15493e-03
 1.73332 0.00000e+00
 1.74560 3.37123e-03
 1.75787 0.00000e+00
 1.77014 2.19087e-03
 1.78241 3.24975e-03
 1.79468 2.13703e-03
 1.80695 2.10894e-03
 1.81923 4.17801e-03
 1.83150 3.09593e-03
 1.84377 2.04017e-03
 1.85604 1.00585e-03
 1.86831 2.99845e-03
 1.88059 2.96164e-03
 1.89286 1.96036e-03
 1.90513 9.74402e-04
 1.91740 9.61623e-04
 1.92967 1.90544e-03
 1.94195 9.47222e-04
 1.95422 0.00000e+00
 1.96649 2.78365e-03
 1.97876 9.23757e-04
 1.99103 9.14952e-04
 2.00330 2.72726e-03
 2.01558 8.97760e-04
 2.02785 1.78840e-03
 2.04012 3.55514e-03
 2.05239 4.40970e-03
 2.06466 1.75491e-03
 2.07694 3.48313e-03
 2.08921 0.00000e+00
 2.10148 2.58251e-03
 2.11375 8.57809e-04
 2.12602 0.00000e+00
 2.13830 2.54181e-03
 2.15057 8.45046e-04
 2.16284 8.38648e-04
 2.17511 1.67183e-03
 2.18738 2.49985e-03
 2.19965 0.00000e+00
 2.21193 3.30837e-03
 2.22420 4.94535e-03
 2.23647 4.10446e-03
 2.24874 1.63597e-03
 2.26101 8.16547e-04
 2.27329 8.14120e-04
 2.28556 8.10371e-04
 2.29783 8.09904e-04
 2.31010 3.22872e-03
 2.32237 1.60836e-03
 2.33465 1.60550e-03
 2.34692 2.40447e-03
 2.35919 2.39915e-03
 2.37146 1.59574e-03
 2.38373 7.96499e-04
 2.39600 7.95790e-04
 2.40828 1.58804e-03
 2.42055 1.58589e-03
 2.43282 3.16770e-03
 2.44509 1.58121e-03
 2.45736 1.57969e-03
 2.46964 3.15551e-03
 2.48191 1.57595e-03
 2.49418 1.57457e-03
 2.50645 2.35937e-03
 2.51872 7.85572e-04
 2.53100 2.35498e-03
 2.54327 7.83890e-04
 2.55554 1.56749e-03
 2.56781 7.82709e-04
 2.58008 7.82275e-04
 2.59235 7.81574e-04
 2.60463 0.00000e+00
 2.61690 3.12067e-03
 2.62917 2.33882e-03
 2.64144 1.55837e-03
 2.65371 1.55666e-03
 2.66599 1.55555e-03
 2.67826 3.88467e-03
 2.69053 1.55255e-03
 2.70280 7.75597e-04
 2.71507 2.32559e-03
 2.72735 2.32263e-03
 2.73962 2.32019e-03
 2.75189 1.54521e-03
 2.76416 3.08855e-03
 2.77643 7.71312e-04
 2.78870 3.08168e-03
 2.80098 3.07751e-03
 2.81325 3.07450e-03
 2.82552 7.68014e-04
 2.83779 2.30094e-03
 2.85006 3.06354e-03
 2.86234 1.52966e-03
 2.87461 1.52721e-03
 2.88688 4.57608e-03
 2.89915 2.28524e-03
 2.91142 0.00000e+00
 2.92370 1.51914e-03
 2.93597 0.00000e+00
 2.94824 7.56979e-04
 2.96051 7.55930e-04
 2.97278 1.51000e-03
 2.98505 7.53324e-04
 2.99733 3.01023e-03
 3.00960 3.00611e-03
 3.02187 3.00034e-03
 3.03414 1.49747e-03
 3.04641 2.24266e-03
 3.05869 7.46771e-04
 3.07096 2.23477e-03
 3.08323 2.23148e-03
 3.09550 0.00000e+00
 3.10777 2.22343e-03
 3.12005 3.69968e-03
 3.13232 2.21610e-03
 3.14459 7.37550e-04
 3.15686 1.47214e-03
 3.16913 4.40827e-03
 3.18140 2.19997e-03
 3.19368 0.00000e+00
 3.20595 2.92466e-03
 3.21822 7.30294e-04
 3.23049 2.18630e-03
 3.24276 2.91120e-03
 3.25504 1.45373e-03
 3.26731 2.90270e-03
 3.27958 7.24074e-04
 3.29185 1.44771e-03
 3.30412 3.61333e-03
 3.31640 1.44323e-03
 3.32867 3.60330e-03
 3.34094 4.31985e-03
 3.35321 3.59572e-03
 3.36548 2.87337e-03
 3.37775 2.87135e-03
 3.39003 0.00000e+00
 3.40230 3.58200e-03
 3.41457 4.29562e-03
 3.42684 7.15436e-04
 3.43911 2.14518e-03
 3.45139 7.14499e-04
 3.46366 1.42858e-03
 3.47593 4.28453e-03
 3.48820 3.56950e-03
 3.50047 1.42750e-03
 3.51275 7.13718e-04
 3.52502 2.14115e-03
 3.53729 2.85534e-03
 3.54956 1.42791e-03
 3.56183 7.14239e-04
 3.57410 2.85794e-03
 3.58638 1.42967e-03
 3.59865 1.43039e-03
 3.61092 7.15595e-04
 3.62319 2.14863e-03
 3.63546 1.43438e-03
 3.64774 1.43520e-03
 3.66001 1.43678e-03
 3.67228 0.00000e+00
 3.68455 2.16177e-03
 3.69682 2.16494e-03
 3.70910 2.16736e-03
 3.72137 2.17154e-03
 3.73364 4.35072e-03
 3.74591 2.90771e-03
 3.75818 2.18373e-03
 3.77045 2.91788e-03
 3.78273 2.92561e-03
 3.79500 2.93044e-03
 3.80727 7.35515e-04
 3.81954 1.47410e-03
 3.83181 4.43212e-03
 3.84409 7.41106e-04
 3.85636 2.97421e-03
 3.86863 5.21962e-03
 3.88090 4.48592e-03
 3.89317 1.50073e-03
 3.90545 1.50490e-03
 3.91772 7.55067e-04
 3.92999 2.27498e-03
 3.94226 2.28227e-03
 3.95453 7.65024e-04
 3.96680 2.29904e-03
 3.97908 3.84806e-03
 3.99135 2.32144e-03
 4.00362 3.88326e-03
 4.01589 1.56068e-03
 4.02816 0.00000e+00
 4.04044 1.57561e-03
 4.05271 2.37393e-03
 4.06498 0.00000e+00
 4.07725 3.19903e-03
 4.08952 1.60834e-03
 4.10180 8.06333e-04
 4.11407 4.05430e-03
 4.12634 1.63534e-03
 4.13861 1.64303e-03
 4.15088 1.64996e-03
 4.16315 4.14786e-03
 4.17543 3.34470e-03
 4.18770 8.38139e-04
 4.19997 1.68863e-03
 4.21224 1.70079e-03
 4.22451 8.54280e-04
 4.23679 8.58939e-04
 4.24906 1.73274e-03
 4.26133 2.61804e-03
 4.27360 3.50932e-03
 4.28587 1.76369e-03
 4.29815 1.77856e-03
 4.31042 0.00000e+00
 4.32269 2.70246e-03
 4.33496 4.54172e-03
 4.34723 4.57679e-03
 4.35950 3.68366e-03
 4.37178 1.85686e-03
 4.38405 1.86885e-03
 4.39632 9.41446e-04
 4.40859 1.89757e-03
 4.42086 1.90952e-03
 4.43314 2.89243e-03
 4.44541 1.93381e-03
 4.45768 1.95390e-03
 4.46995 0.00000e+00
 4.48222 9.93511e-04
 4.49450 2.99701e-03
 4.50677 0.00000e+00
 4.51904 1.01237e-03
 4.53131 3.07241e-03
 4.54358 3.09414e-03
 4.55585 3.12082e-03
 4.56813 2.09454e-03
 4.58040 1.05958e-03
 4.59267 1.06800e-03
 4.60494 2.15160e-03
 4.61721 1.08411e-03
 4.62949 1.08900e-03
 4.64176 0.00000e+00
 4.65403 1.11128e-03
 4.66630 5.60730e-03
 4.67857 1.13105e-03
 4.69085 0.00000e+00
 4.70312 0.00000e+00
 4.71539 1.16387e-03
 4.72766 4.68248e-03
 4.73993 3.54808e-03
 4.75220 2.38375e-03
 4.76448 0.00000e+00
 4.77675 3.63181e-03
 4.78902 0.00000e+00
 4.80129 1.23528e-03
 4.81356 1.24594e-03
 4.82584 1.26050e-03
 4.83811 2.53537e-03
 4.85038 0.00000e+00
 4.86265 2.59085e-03
 4.87492 2.60051e-03
 4.88720 2.63170e-03
 4.89947 0.00000e+00
 4.91174 2.67271e-03
 4.92401 1.35014e-03
 4.93628 1.35464e-03
 4.94855 2.34615e-03
 4.96083 2.57419e-03
 4.97310 1.47651e-03
 4.98537 1.78473e-03
 4.99764 2.00492e-03
 5.00991 2.00403e-03
 5.02219 2.61262e-03
 5.03446 7.96653e-04
 5.04673 2.74371e-03
 5.05900 2.97243e-03
 5.07127 1.50318e-03
 5.08355 3.03187e-03
 5.09582 3.06752e-03
 5.10809 0.00000e+00
 5.12036 0.00000e+00
 5.13263 1.57976e-03
 5.14490 3.17841e-03
 5.15718 4.80967e-03
 5.16945 1.62392e-03
 5.18172 0.00000e+00
 5.19399 3.29915e-03
 5.20626 5.00006e-03
 5.21854 3.36767e-03
 5.23081 0.00000e+00
 5.24308 0.00000e+00
 5.25535 0.00000e+00
 5.26762 1.74185e-03
 5.27990 1.76897e-03
 5.29217 0.00000e+00
 5.30444 1.80167e-03
 5.31671 0.00000e+00
 5.32898 0.00000e+00
 5.34125 1.84259e-03
 5.35353 3.73031e-03
 5.36580 1.89343e-03
 5.37807 3.79368e-03
 5.39034 7.70766e-03
 5.40261 1.94612e-03
 5.41489 0.00000e+00
 5.42716 5.93653e-03
 5.43943 1.99860e-03
 5.45170 0.00000e+00
 5.46397 2.03687e-03
 5.47625 0.00000e+00
 5.48852 4.15612e-03
 5.50079 0.00000e+00
 5.51306 0.00000e+00
 5.52533 2.13381e-03
 5.53760 2.15213e-03
 5.54988 0.00000e+00
 5.56215 6.60872e-03
 5.57442 4.43451e-03
 5.58669 6.74607e-03
 5.59896 2.26576e-03
 5.61124 0.00000e+00
 5.62351 2.32568e-03
 5.63578 0.00000e+00
 5.64805 0.00000e+00
 5.66032 0.00000e+00
 5.67260 0.00000e+00
 5.68487 0.00000e+00
 5.69714 0.00000e+00
 5.70941 4.96437e-03
 5.72168 5.01172e-03
 5.73395 0.00000e+00
 5.74623 5.13778e-03
 5.75850 5.21365e-03
 5.77077 0.00000e+00
 5.78304 7.96203e-03
 5.79531 2.69022e-03
 5.80759 2.70458e-03
 5.81986 0.00000e+00
 5.83213 0.00000e+00
 5.84440 0.00000e+00
 5.85667 3.68037e-03
 5.86895 2.33281e-03
 5.88122 1.83301e-03
 5.89349 1.37972e-03
 5.90576 2.33928e-03
 5.91803 6.55481e-04
 5.93030 5.99037e-03
 5.94258 0.00000e+00
 5.95485 0.00000e+00
 5.96712 0.00000e+00
 5.97939 3.14710e-03
 5.99166 3.18197e-03
 6.00394 0.00000e+00
 6.01621 0.00000e+00
 6.02848 3.30929e-03
 6.04075 0.00000e+00
 6.05302 0.00000e+00
 6.06530 3.42489e-03
 6.07757 0.00000e+00
 6.08984 0.00000e+00
 6.10211 7.07532e-03
 6.11438 0.00000e+00
 6.12665 1.08670e-02
 6.13893 0.00000e+00
 6.15120 0.00000e+00
 6.16347 3.75825e-03
 6.17574 0.00000e+00
 6.18801 0.00000e+00
 6.20029 3.87104e-03
 6.21256 3.92517e-03
 6.22483 0.00000e+00
 6.23710 0.00000e+00
 6.24937 0.00000e+00
 6.26165 0.00000e+00
 6.27392 4.17241e-03
 6.28619 0.00000e+00
 6.29846 0.00000e+00
 6.31073 4.34317e-03
 6.32300 0.00000e+00
 6.33528 0.00000e+00
 6.34755 0.00000e+00
 6.35982 4.53874e-03
 6.37209 4.59119e-03
 6.38436 0.00000e+00
 6.39664 0.00000e+00
 6.40891 0.00000e+00
 6.42118 4.86719e-03
 6.43345 0.00000e+00
 6.44572 0.00000e+00
 6.45800 0.00000e+00
 6.47027 5.14175e-03
 6.48254 0.00000e+00
 6.49481 0.00000e+00
 6.50708 0.00000e+00
 6.51935 5.40621e-03
 6.53163 0.00000e+00
 6.54390 0.00000e+00
 6.55617 5.59559e-03
 6.56844 0.00000e+00
 6.58071 0.00000e+00
 6.59299 5.84295e-03
 6.60526 5.91479e-03
 6.61753 5.95642e-03
 6.62980 0.00000e+00
 6.64207 0.00000e+00
 6.65435 0.00000e+00
 6.66662 0.00000e+00
 6.67889 1.28959e-02
 6.69116 0.00000e+00
 6.70343 0.00000e+00
 6.71570 0.00000e+00
 6.72798 6.80863e-03
 6.74025 0.00000e+00
 6.75252 0.00000e+00
 6.76479 0.00000e+00
 6.77706 0.00000e+00
