# npar = 1, n_ded = 0
#         weight            chi2        param[0]
#                                     alpha_topo
      1.58473094              -9      3.04373744
      1.62575763              -6      2.63879532
      2.58973632              -1      1.32441321
      3.65981137              -0      6.61172897
      1.62254552              -4      4.00225409
      1.53825562              -6      3.49216693
      1.61139551              -7      2.82271207
      2.04109375              -1      4.73927615
     -1.00763121              -3       4.9993461
       1.6574355              -5      2.32714913
      2.27417928              -0      5.06110282
     0.381477518              -8      5.86768351
      1.96060291              -1       4.6236571
      1.77625806              -4      4.33107077
     -1.10598474              -8      5.89466571
      1.74752592              -2      4.27906468
      1.74201996              -4      4.26878036
     -1.37480145              -8      5.88876319
      2.55708186              -0      5.42634123
      1.63294501              -2      2.53372296
       1.6170366              -6      2.75935911
      2.11312168              -7      4.83961241
      1.63827722              -5      2.47018281
      2.79439196              -1      5.71771417
      1.67679133              -5      2.24086359
      1.58116233              -2      3.06925293
      2.04885765              -2      4.75021078
      1.67455775              -6      4.13139692
      1.64477215              -9      2.41033315
      2.68833409              -4      5.85305726
      1.56275938              -0      3.78447691
      1.64183498              -9       2.4353976
      1.55893717              -1      3.23111898
      1.58022864              -7      3.86335237
      1.56155906              -5      3.21076433
    -0.629657591              -3      5.01043658
       1.6303481              -1      2.56991857
    -0.788978556              -8      5.87586724
      1.62724558              -1      2.61622162
     -1.34397851              -8      5.88395032
    -0.988018462              -8       5.8779086
      1.61339508              -4      3.97587979
      1.63185615              -9      2.54851944
      2.37684652              -4      5.19351085
      1.63511522              -9      2.50606544
      3.34394649              -1      6.31199066
    -0.999379718              -3      4.99372827
      1.60262806              -7      2.90516785
      1.62659464              -7      2.62610617
      3.13446644              -0      6.09807262
      1.90350769              -6      4.53833367
       2.4418645              -2      1.41272438
      1.73672197              -9      2.07895327
      1.66159426              -9      2.30563098
      1.54772796              -1      3.33054102
      3.15696771              -4      6.12173189
      1.63349306              -4      2.52650342
      1.99176391              -5      4.66895985
      1.55236424              -7      3.28605743
      1.54928598              -2      3.69963568
       3.4741374              -9      0.84750431
     -1.20231114              -8      5.88080191
      2.32419839              -9      1.48794909
      1.55329379              -0       3.7287451
      2.83340596              -0      5.76361683
      1.62445323              -0      2.65838675
      1.60393288              -7      2.89379777
       1.7460663              -9      2.06015787
      1.57203223              -0      3.13399445
     -1.01993554              -3      4.99628992
      1.95001961              -9      1.78588471
    -0.872808036              -3      5.00519279
     0.920196159              -8      5.90926379
      1.68206208              -5      2.22198158
      1.67754439              -7        2.238075
      1.73879302              -5      2.07469212
      1.54482451              -1      3.36294708
      2.03365906              -0      4.72877406
      1.54176907              -2      3.62352746
     -1.35443546              -8      5.88970815
      1.63176369              -7      2.54980245
      2.04214927              -5       1.6996147
      1.73484396              -9      2.08286714
       1.5846635              -1      3.88051387
      1.55380433              -6      3.73215025
      1.55248057              -2       3.2850184
      1.60145622              -4      3.93896098
    -0.984439931              -3      4.99276843
      1.63577829              -9      2.49811477
      1.98917011              -9       1.7476461
      1.85143173              -0      1.89702377
      1.80305425              -1      1.96349302
      2.09522907              -7      4.81490088
      2.13412441              -7      4.86846681
       1.7235125              -9      2.10758322
      1.92094407              -1      1.81614404
     -1.32477456              -8      5.89067099
      2.98012607              -4      1.10985585
      2.80133773              -2      1.20587101
      2.39029937              -7       5.2111554
     -1.38239813              -8      5.88823586
      1.63542561              -2      2.50231465
      3.19929678              -0       6.1657756
      3.10641251              -4      6.06832906
      1.61474701              -9      2.78632265
     -1.11605946              -8      5.89452834
      1.63801772              -9      2.47293959
    -0.111675982              -3      5.01772015
    0.0336295478              -0      5.90427194
      1.61666029              -5      2.76392011
      1.58336849              -2      3.87559205
      1.60304748              -5      2.90154103
      1.57252908              -6      3.83119866
      1.54431621              -5       3.6544728
      1.56553304              -1      3.18097797
      1.67904663              -9      2.23260581
       1.5417147              -6      3.40549332
     0.977891154              -3      5.02889091
    -0.933991969              -3      4.99051756
      1.62090722              -7      2.70925762
       1.5399666              -1      3.43736284
      2.22283589              -1       1.5577103
      1.78491789              -0      4.34625763
      1.54149539              -7      3.61960975
      1.55199375              -0      3.28938739
      2.52942601              -0       5.3911648
      1.89703798              -1      4.52843816
       1.6089843              -1      3.96260374
      1.73958519              -2      4.26419649
      1.69536903              -7      2.17977951
       1.8527113              -6      4.45909499
      1.55100392              -9      3.29844764
    -0.423930557              -8      5.87284879
      1.39397923              -4      4.96044153
      2.29226575              -1        5.081725
    -0.984493764              -3      4.99277149
      1.55698107              -5      3.24678992
      1.63461627              -1      4.03500142
      1.66558215              -1      4.11102346
      1.56887141              -4      3.15665109
      1.60717298              -0      2.86433869
      1.65368782              -5      4.08297615
       2.8335444              -4      5.76377865
      1.58929719              -7      3.01047881
      1.76973641              -0      4.31949318
      1.88117837              -9       1.8607052
      1.65686705              -2      4.09059926
      1.58768457              -6      3.02232505
       1.5435223              -7      3.64567888
    -0.559136532              -3      5.01162219
      1.64060933              -2      2.44678129
      1.57137247              -2      3.82606064
     -1.38884978              -8      5.88661776
      1.62109552              -6      3.99817152
      1.66507977              -2      2.28907988
       1.7871465              -7      4.35013303
      3.16516505              -9      1.01212329
      1.64462126              -1      2.41155154
      2.56778724              -1      5.43989703
      1.54188846              -2      3.40276308
      1.57935629              -1      3.08207347
      1.92747629              -6      1.80919102
      1.70697776              -4      2.14774625
      1.54772947              -5      3.33052528
       1.9411289              -2       4.5949255
      1.99098556              -1      4.66783741
    -0.411019833              -3      4.97988778
      1.61627877              -5      2.76849095
      1.55040048              -7      3.70821073
      1.57327432              -6      3.12515657
       1.7473907              -9      2.05757946
    -0.904027735              -3      5.00426086
      1.91913221              -2      4.95290259
      1.53817986              -2      3.53656021
      1.55409918              -5      3.27085603
      2.40021826              -4      5.22414007
      1.53833727              -5      3.48730649
      1.61178031              -5      2.81870059
      2.98026398              -2      1.10978263
       1.5589594              -1      3.76373398
      1.54919118              -6      3.31575185
      1.58261372              -1      3.87269036
      1.59056705              -9      3.00105656
      1.65738909              -9      2.32740167
      1.57861917              -6      3.85689767
     0.963419743              -8      5.86451602
      2.85277711              -2      5.78618692
      1.55028933              -1      3.30515063
      1.57345774              -0      3.83526018
     -1.36974972              -8      5.88499348
      2.08664135              -4      4.80299432
      2.46405882              -0      5.30718242
      2.36018651              -0      5.17160712
      1.56496064              -6      3.18520461
    -0.154389195              -8      5.87096054
    -0.990023546              -3       5.0006605
       1.7101907              -2      2.13949482
      1.87370046              -9      1.86956745
    -0.649190317              -8       5.8746282
      1.63334821              -9      2.52839633
      1.56665446              -4      3.17274862
       1.6889647              -6      4.16286906
    -0.727138567              -3      5.00861159
       1.5796747              -6      3.07981609
       2.2829248              -1      5.06955077
      2.82151601              -0       5.7496905
      1.59839743              -2      3.92895608
      1.57915522              -7      3.08349847
      1.80270177              -6      4.37683081
     -1.22085721              -8      5.88111801
      1.57487422              -2      3.11380648
      1.57141137              -6      3.82623489
      1.64164295              -1      2.43714259
      1.55816936              -5      3.23721481
      1.60449888              -5      2.88878309
       2.6010143              -5      1.31789735
    -0.258785891              -8      5.90236059
      1.98888362              -1      4.66480401
      1.63987596              -5      2.45388376
      1.90950113              -0      4.54745522
      1.74408054              -6      4.27264231
     -1.27627306              -8      5.88218347
    -0.905077454              -3      5.00422749
     0.350610287              -3      5.02275652
       1.5431104              -4      3.64085339
      1.56241607              -2      3.78267428
      1.57277366              -0      3.12871556
    -0.960030463              -3      5.00219896
      3.53894982              -4     0.812116697
       2.0451444              -0      4.74498511
      1.54391279              -5      3.37430261
      1.66008405              -1       4.0982168
    -0.272493137              -3        5.015732
      1.89819993              -7      4.53021923
       3.5628908              -2       6.5222498
      1.53912106              -2      3.57464416
      1.94126644              -4       1.7948122
      1.55661616              -4      3.24976751
      1.56236411              -1      3.20463867
      1.56815839              -1      3.81127897
    -0.783334152              -8      5.87581464
      1.64016087              -9      2.45109772
      -1.3884891              -8      5.88749918
      1.67550246              -5      2.24571221
     -1.27835013              -8      5.88222799
      1.60569621              -1      2.87799809
      2.22124021              -0      5.04992271
     0.609859344              -3       5.0253327
      1.77982645              -5      4.33735383
    -0.895808633              -3      4.98924056
      1.55247026              -5      3.72312453
      1.78136828              -0       4.3400576
     -1.36901073              -8      5.88495621
      1.55773499              -5      3.24069424
      1.55160536              -1      3.71703812
      1.68025158              -2      4.14400585
      2.55302415              -9      1.34581742
      1.53916851              -1      3.45670951
      2.51373096              -0      5.37110456
      3.01501033              -4      1.09136349
      -1.0178107              -3      4.99572297
     -1.33619774              -8      5.88369917
      1.68630066              -6      4.15715463
      1.93321147              -5      4.58314101
      2.11194567              -4      4.83799204
      1.67335636              -5      2.25400966
      1.61747906              -2      2.75392834
     -1.28429334              -8      5.88235773
    -0.894052617              -3      4.98918688
      1.73315469              -7      4.25197905
     -0.77249038              -3        4.986094
     -1.02821274              -8      5.87837793
      1.54219926              -7      3.39801643
      1.62039919              -5      2.71617198
       1.9139937              -7      4.55426481
      1.69701515              -2      4.17987097
      1.60868671              -1       2.8498849
      1.58334605              -7      3.05367636
      2.26896683              -1      5.05829215
       1.6826253              -9      2.22004665
     -0.95551912              -3      4.99136512
      1.87885155              -9      1.86344477
      1.78169929              -7      4.34063722
      2.09830873              -5      1.65240593
      1.60416378              -2      2.89175823
      1.94853905              -0       4.6058996
      1.58803788              -6      3.89302104
      2.68685267              -4      5.58816266
      2.06375854              -9      1.68104591
      1.62308681              -4      2.67848304
      1.79043471              -0      4.35582725
      3.24275208              -0      6.21038066
      1.53852985              -2      3.55556087
      3.65279907              -4      6.60532081
      1.55515376              -1      3.26189534
      1.83104697              -0      4.42406051
      2.92155937              -9       1.1410425
      1.56103427              -5      3.21478667
      1.76616607              -5      2.02300107
      1.58573116              -6      3.03652243
      1.64378195              -5      2.41845902
      1.58205025              -6      3.87050776
      1.64278371              -2      2.42697699
      1.76749044              -9      2.02068796
      1.12325381              -1      4.96329686
      1.60836722              -5      2.85297614
     0.297989994              -4      5.86816415
      1.62186171              -5      2.69599558
      1.64195943              -9      2.43427421
      1.95724635              -9      1.77862427
      1.53874882              -1      3.46972978
       2.2413721              -5      1.54453702
      1.62611616              -6      2.63336637
    0.0253999135              -8      5.90422068
      1.65563509              -5      2.33716811
      1.54120768              -6      3.41382028
      1.68653882              -5      2.20699769
      1.58621491              -2      3.88631941
      2.97485724              -1      5.93110596
      1.65430258              -4      2.34489603
       1.6103493              -6      2.83342098
      2.66492223              -0      5.56121763
      2.94324881              -2      1.12946931
      1.57828898              -7      3.85555735
    -0.781996686              -3      4.98630383
      2.51539751              -1      5.37323787
      1.60321661              -1      3.94460972
      1.69301382              -1      2.18676737
       1.5383313              -5      3.48763543
       1.5943935              -2      3.91546706
      1.65321322              -1      2.35142826
      1.65167539              -4      2.36100556
      1.66462724              -2      4.10881776
      1.78645898              -5      1.98909394
     0.266462593              -3      4.97182635
      2.15150684              -0      4.89223401
       1.5828028              -4      3.87341963
     -1.38405266              -8      5.88594555
      1.69079385              -0      4.16676667
      1.73666598              -5      4.25867047
     -1.19563762              -8      5.88069201
      2.59367048              -2      1.32213719
      1.56104695              -6      3.77535095
      1.60915568              -0      3.96312707
      2.01938261              -1      1.71978908
    -0.682668409              -3      4.98427809
      2.16617818              -0      4.91222436
       2.5445393              -5      1.35080875
      2.03377082              -6      4.72893216
      1.60952362              -2      3.96424853
      1.61840735              -5      2.74229068
      2.23002374              -8      5.85743228
      1.61943445              -5      2.72901997
      2.77741921              -5      1.21894137
       1.5404789              -6      3.42696793
      1.87191613              -2      1.87170733
       2.6043251              -4      5.48589611
      1.53955649              -2      3.58527084
      1.61289599              -2      2.80683547
       1.5618715              -7       3.7797877
    -0.199288891              -8      5.90276609
     0.882018566              -2      4.96569142
        1.634834              -9      2.50950805
      1.68418661              -1      4.15258719
     -1.18487437              -8      5.88051865
      0.46072238              -3       4.9698402
      1.56441573              -7      3.79299662
       2.5317861              -2       5.3941753
      1.95610281              -2      4.61704842
      1.80034244              -7      1.96756162
        2.562409              -1      5.43309111
      1.67931716              -5      2.23163375
      1.53824613              -2      3.54136109
      1.68145291              -9      2.22409141
      1.53827552              -6      3.54320338
      1.90254038              -9      1.83626429
      1.83620966              -1      1.91682298
       1.5666558              -2      3.17273886
       1.5986738              -4      3.92987033
      1.55427955              -6      3.73526843
      1.77224818              -6      4.32396696
      2.13877026              -0      4.94454366
      1.64781294              -6      2.38717025
      1.73755405              -9      2.07723445
      1.60749397              -7       3.9580261
    -0.939975657              -3      4.99074147
      1.53906906              -6      3.57323504
    -0.166051848              -3      5.01706647
      1.59903867              -5      3.93107418
      2.36068429              -0      1.46404815
    -0.813849343              -8      5.89792887
      1.58043916              -7      3.07439172
      2.96983318              -2      5.92983974
      1.86453783              -9      1.88066337
      1.62979354              -5       2.5780144
       1.7089566              -2      2.14263597
      1.65792335              -1      4.09311094
      1.53807549              -1      3.51063913
    -0.953292119              -3      4.99127154
      3.76076378              -1     0.687062754
      1.57437951              -1      3.11731295
      1.62825228              -1      4.01800018
      1.54170264              -1      3.40568507
        1.548062              -2      3.32709008
      1.60558165              -9      2.87904081
      1.65184794              -0       2.3599091
     -1.37538264              -8      5.88530406
      1.54004677              -5      3.43565633
      2.17555125              -6      4.92529924
      1.75644218              -9      2.04047157
      2.06348051              -7      4.77072016
      2.05288144              -1      4.75586525
      1.60406082              -6      2.89266874
      1.61421069              -7      2.79237802
      1.69686215              -9      2.17544238
      1.60102866              -1      3.93757723
    -0.906404384              -3       5.0041851
      1.64955647              -2      2.37495541
      1.55635222              -6      3.74834151
     -1.36913394              -8      5.88907026
      1.58968638              -6      3.00760036
      1.64278352              -6      4.05605104
      2.38346514              -7      5.20219653
      3.30383674              -0      6.27208204
       1.5446826              -4      3.36466899
      1.66652565              -6      4.11319533
    -0.697520886              -3      5.00919364
      1.62284266              -2       2.6820145
      2.13801528              -0      4.87379541
    -0.549020022              -3      4.98196596
      1.55429231              -1      3.73535149
      1.54954385              -1      3.70165784
      1.54720936              -5      3.33599585
      1.91873217              -2      1.81852006
     -1.02393493              -8      5.89570481
      1.62122073              -9      2.70494015
      2.33578182              -4       5.1394179
    0.0202731256              -3       5.0192415
      1.62641859              -9      2.62877883
      3.24984743              -2     0.967424859
      1.54595553              -5       3.3497388
      1.54089743              -4      3.41922309
       2.3748712              -0      5.19091682
      1.59023765              -5      3.00350927
      1.54605498              -1      3.34861705
      2.03622833              -5      1.70479867
      1.63838943              -9      2.46900067
      1.61274112              -6      3.97393614
       1.5631585              -1      3.78655631
       3.2288658              -0      6.19619276
      1.61940704              -2      2.72937954
      1.72196812              -9      2.11111155
      1.63897648              -4      2.46291159
      1.65339921              -4      4.08227931
       3.1431318              -1      6.10720452
      1.53846047              -7      3.48116665
    -0.929030678              -3      5.00342053
      1.53872456              -6      3.47058761
      3.38799162              -4      6.35528808
      1.60731437              -6      2.86300876
    -0.921245725              -3      5.00369319
      1.66450291              -6      2.29173619
     0.738266379              -3      5.02657824
      3.07207715              -1      6.03154621
      1.64985273              -5      4.07364865
      1.55928165              -4      3.76556543
      1.89167157              -5      1.84854415
       2.8649639              -7      5.80031073
      3.71974573              -4     0.710726914
      1.74861124              -5      4.28107888
       1.6520165              -9       2.3588435
     -1.01846406              -3      4.99586307
      2.08097044              -0      1.66662552
      2.53721411              -1      1.35513195
      1.57092046              -9      3.14193222
      2.43028825              -7       5.2633717
    -0.564491251              -3      5.01153535
      1.92301091              -0      4.56786358
      1.54688195              -6      3.33950503
      3.83364446              -0     0.644311512
      1.59116169              -0      2.99661272
      3.30623567              -7     0.937546867
     -1.29351445              -8      5.88256647
      1.66969448              -5      2.26887606
      3.51273593              -1      6.47513393
      1.54348172              -0      3.64521207
      1.98917011              -9       1.7476461
    -0.808202615              -3      5.00685169
       1.6735385              -6      4.12911479
      1.82380177              -5      4.41214822
    -0.447249802              -3      4.98040998
      1.55604192              -0      3.25449122
      1.61286431              -7      2.80717733
      2.45304474              -9      1.40583366
      1.53972803              -9      3.58901034
    -0.913193951              -3      5.00396427
    -0.522455416              -3      4.98154569
      2.63011706              -7      1.30120351
      1.54751734              -2      3.33274166
      1.91578632              -9      1.82170189
      1.67267136              -5      2.25672015
      1.68693821              -0      4.15852632
      2.29048023              -2      5.07935464
      1.63810491              -2       2.4720097
      1.54660579              -5      3.34250677
    -0.103565716              -4       5.0178162
      1.56699547              -6      3.17025858
     -1.01193969              -3      4.99889828
      2.73358474              -9      1.24308031
    -0.968755669              -3      4.99195771
      1.68688233              -2      2.20588371
      2.67117515              -0      5.56891782
      1.75636103              -0      4.29534176
      1.57613171              -5      3.10490193
      1.89876913              -5      1.84049009
      1.85133519              -0      4.45689415
      2.34850422              -6      5.15621363
      1.53839449              -0      3.48431648
      1.70967802              -2      2.14079556
    -0.538393324              -3      4.98179652
      1.68239897              -5      2.22082241
      1.62502375              -0      2.64985591
     -1.33258097              -8      5.89044387
      2.56637549              -7      1.33799782
      -1.3888117              -8      5.88742465
      1.60424474              -0      2.89104116
      1.84941158              -9      1.89960002
      1.57476487              -4      3.11458133
    -0.746638176              -3      4.98554247
      1.68170235              -4       4.1471819
      1.70670348              -0      4.19983795
      1.53851543              -6      3.47873392
    -0.794661487              -3      5.00716611
    -0.505662769              -3      5.01246438
      1.75296532              -9      2.04694054
      1.62740621              -6      2.61378414
      1.53984106              -5      3.44010504
      1.70551604              -2       4.1974181
    -0.814700036              -3      4.98705899
      1.62232381              -7      2.68945205
       2.8543338              -4      5.78799429
      1.69201374              -9      2.18979131
      1.55032658              -6      3.30479758
      1.79463843              -6      4.36306657
       1.6050353              -9      2.88398174
      1.78491581              -6        4.346254
      2.85980211              -7      1.17418269
   -0.0347589326              -3      5.01861723
      2.64179833              -1      5.53262248
     -1.29279683              -8      5.88254988
      1.69877063              -0      4.18352754
      1.58384595              -0      3.05009493
      2.64713962              -2      1.29151523
    -0.632360542              -3       4.9833636
       1.5436117              -0       3.3782198
      2.10189291              -5      1.64950291
      1.55757006              -4      3.24202147
      1.84195176              -6      4.44180047
      1.87338075              -0      4.49178634
      1.78865795              -6       4.3527539
    -0.691715699              -3      5.00930463
      1.71418053              -7      4.21490943
      1.54139879              -6      3.41061408
     -1.09651273              -8      5.89479268
    -0.347189044              -3      5.01474418
      3.14832762              -1      1.02099885
      1.60969671              -1       2.8399612
    -0.895011727              -3      4.98921615
       1.5640143              -6      3.79095788
      1.74815542              -5      2.05609978
      1.61704768              -7      3.98658635
    -0.826208864              -3      4.98733862
     -1.38742802              -8      5.88768835
    -0.976558506              -3      5.00141595
       2.2251643              -7      1.55604424
    -0.595406976              -8      5.87418211
        2.816108              -1      5.74333795
      1.84142139              -2      4.44094271
      1.69519031              -0      4.17605104
    -0.422181754              -8       5.8728358
    -0.989725688              -3      5.00067883
      1.57353755              -4      3.83560666
    -0.746055257              -8      5.87547312
      1.65466069              -9      2.34279161
     0.235004735              -3      4.97215613
      1.90680615              -5      1.83152779
      1.54758486              -4      3.68564057
      3.81461472              -5     0.655565045
      1.53873798              -2       3.4701112
      1.57952235              -1      3.86053563
      2.63325151              -0      5.52200671
    -0.800368975              -8      5.87597411
      1.61307694              -1      2.80487701
       1.5380636              -1      3.51951474
      1.85920416              -9      1.88724938
      2.39260278              -4      5.21417265
      1.68119119              -9      2.22500342
     -1.00064638              -3      4.99382344
       3.2221386              -9     0.982067045
    -0.549592699              -8      5.90021597
      1.67721597              -7      4.13731258
      1.79196063              -4      4.35846024
      2.13778967              -0      4.87348657
      2.27612613              -4      1.52036456
     -1.28765539              -8      5.88243274
      1.76085989              -5      2.03242506
      1.78130355              -9      1.99741379
      1.98679023              -1      4.66177972
      1.92006058              -1      1.81709175
      1.53827995              -4      3.54346946
      1.54435157              -6       3.3687485
     0.887443998              -3      5.02801674
       1.5835175              -1      3.87616199
      3.94765646              -7     0.575440835
      2.83391191              -9      1.18817307
      1.58169376              -0      3.86911953
      1.55706366              -4      3.75264923
      1.61990673              -0      3.99479834
      2.71935392              -7       5.6277748
     -1.02064738              -1      4.99675246
      1.53858144              -6      3.47599502
      1.54699857              -6      3.33824909
      4.01896472              -4     0.531017159
      1.81500444              -6      4.39754055
      1.61358182              -1      2.79936028
      1.82963484              -0      1.92566648
      1.54750493              -2      3.68495207
      1.68245466              -9      2.22063129
      1.56365566              -6      3.78912259
      1.62412076              -9      2.66332377
      1.54373089              -2      3.37665821
      1.59127917              -6      3.90463769
      2.29477103              -9       1.5076591
      1.53900586              -7      3.46141181
      1.55694975              -2      3.75196523
      1.66113106              -9      2.30792604
      2.34617316              -0       5.1531387
     -0.17898351              -3      4.97683162
      1.58802564              -7      3.01982984
      1.99848461              -4      4.67863356
     -1.02060545              -3      4.99669071
      1.57004317              -6      3.82004053
      1.72465373              -7      2.10500215
      1.57044268              -1      3.82186316
      1.55999079              -0      3.76954537
      1.83847548              -2      4.43616913
    -0.974732116              -3      5.00150896
      1.45295722              -8      5.91202873
      1.62288996              -4      2.68133184
      1.64290206              -9      2.42594921
      1.58459902              -2      3.04468659
      1.62312739              -5      2.67789417
      1.91578511              -1      4.55697365
    -0.942198902              -3      5.00293163
      3.59732053              -7      6.55426526
      1.53824886              -4      3.54153827
      1.61945218              -4      2.72878718
      2.03355804              -0      4.72863114
      1.54407297              -0      3.37225473
      1.79945823              -7      4.37131288
      1.63717379              -9      2.48213047
      1.80509763              -6      4.38089077
      1.54672042              -5      3.34125597
      2.33261531              -0      5.13523246
      2.13423554              -1      4.86861907
      2.02709113              -1      4.71946995
     -1.09700328              -8      5.89478616
     -0.15082415              -8      5.87093691
   0.00206605629              -8      5.86995037
      1.54086165              -4      3.41986357
      2.66241094              -0      5.55812119
     -1.29547511              -8      5.88261213
      2.53089824              -1      5.39304295
      1.62277036              -1      2.68305636
      1.61478012              -1      3.97996904
      1.82173207              -2        4.408726
      1.58328564              -2      3.87527474
   -0.0499579879              -3      5.01844234
      2.56978747              -9      1.33600611
      1.59450169              -5      2.97121809
      2.68102199              -2      5.58101555
      2.78598437              -1      5.70774442
      3.73870587              -0      6.68316618
   -0.0109425446              -8      5.87003239
      2.68917828              -7      5.59100992
        1.685264              -9       2.2111749
      1.74120774              -0      4.26725372
      1.64092764              -5      4.05133862
      1.54640617              -2      3.34470168
       1.5500039              -1      3.30786947
      1.55438555              -5      3.26840344
     0.931283873              -1      5.02843992
      2.47163507              -2      1.39446173
      1.79603575              -7      1.97411207
      1.61311718              -1      2.80444016
       1.6245111              -6      4.00773425
      1.80992866              -1      4.38903732
      1.56225965              -6      3.20543056
      1.54788252              -0      3.68817829
     -1.05387298              -8      5.87869117
      1.86883249              -1      4.48464937
    -0.882541683              -7       5.0049137
      1.86264563              -5      1.88298887
     -1.36034922              -8      5.88947149
      1.59208231              -9      2.98968982
     -0.66674827              -3      5.00977151
      1.95863453              -9      1.77724067
      1.56744922              -4      3.16695367
      1.99143551              -7      4.66848632
    -0.995179038              -3      5.00032783
      1.55544542              -1      3.74272233
      1.65063229              -1      4.07555668
      1.55242613              -7      3.72281861
      3.73950826              -0      6.68388671
     -1.00181171              -3      4.99984558
      2.11910835              -9      1.63572489
      2.73852252              -9       1.2403483
      1.72830429              -9      2.09688939
      2.58675519              -0      5.46382911
      2.40150414              -9      1.43794389
      1.90233645              -0      4.53654608
    -0.889741804              -3      4.98905664
    0.0989306094              -3      4.97361652
      2.16439623              -4      4.90979808
      2.55405401              -1      5.42250093
      1.61287289              -6      3.97432845
      1.61009532              -2      2.83597878
     0.272071584              -3      4.97176783
      1.53933258              -4      3.58004028
      2.38890044              -2      1.44593661
      1.62080367              -6      2.71067523
      1.54516241              -2      3.35890863
      3.39040592              -2     0.892654896
      1.72328472              -6      4.23289594
      3.03284406              -7      5.98899271
      3.02182295              -0      5.97693648
      1.66438345              -4      4.10825341
    -0.871063954              -3      5.00524182
      3.79353368              -4      6.73213542
    -0.850406101              -3       4.9879545
     0.967165033              -0      5.90950968
      1.62215481              -6      4.00115741
       1.6894801              -6      4.16396942
      1.63905333              -6      4.04653816
       2.6720499              -1      5.56999393
      1.59166861              -9      2.99280748
       2.1608614              -3      5.04629129
      2.94007329              -9      1.13116185
       1.7947748              -6      4.36330068
      1.55929978              -4      3.76566801
      1.59410397              -1      2.97428459
      1.74424649              -7      4.27295263
     -1.34199119              -8      5.89014831
      1.75059372              -6      4.28474728
      1.58725513              -6      3.02545953
      3.45907992              -4      0.85566717
      1.75957508              -9      2.03474588
      1.20667072              -0      5.91075295
      1.77068778              -6       4.3211899
    -0.818904768              -8      5.89788059
      2.49783376              -0      5.35071709
      3.39948275              -7      6.36649641
      1.88763511              -0      4.51396127
      2.34739452              -1      5.15474995
      2.54117882              -1      5.40614079
      1.56679695              -2      3.17170752
      1.67718625              -1      2.23939719
      1.92004368              -4      4.56339868
       1.8241757              -2      1.93315394
      2.14813785              -4      4.88763514
      1.69384984              -5      2.18426582
      2.31526299              -4      1.49389118
      1.92928185              -5      1.80728563
      3.16632509              -7      6.13151999
     -1.32440415              -8      5.89068141
      1.53854617              -5      3.47743561
    -0.737585049              -3      5.00839951
     -1.01720892              -3      4.99815199
    0.0892049851              -3      5.02000525
    0.0347344017              -1      4.97432785
      1.87661721              -4      4.49684636
     -1.34762192              -8      5.88995731
      2.70200997              -7      1.26063368
      1.91469946              -6      4.55533243
      1.53993376              -7      3.59324284
      2.28837731              -9      1.51199638
      1.55691361              -4      3.75174778
      2.10685193              -4      4.83096749
      1.91109306              -2      1.82681302
      1.55047246              -2      3.70875041
      1.62688199              -9      2.62174235
      2.48651655              -2      5.33616227
      1.61468049              -9      2.78707882
       1.6993784              -4       2.1682876
      1.61357821              -6      3.97642258
      1.53809595              -0      3.52763236
      2.44117125              -9      1.41315297
      1.66146088              -4      2.30628943
      1.77885109              -6      2.00143838
      1.62684341              -2      2.62232831
       1.6172357              -9      2.75692459
     -1.12080246              -8      5.87956914
      1.54119609              -5      3.41401755
      1.78886256              -2      4.35310824
      1.63399992              -9      2.51996678
     0.122013885              -8      5.90481462
      1.58621106              -1      3.03304839
      1.60923536              -1      2.84452333
      -1.2412827              -8      5.89254541
    -0.482351193              -8      5.87328934
       1.5395178              -7      4.95875035
    -0.988537136              -3      4.99300797
     -0.97735322              -3      4.99238404
    -0.950353557              -3      5.00260814
      1.94827411              -6      4.60550813
      -1.3168734              -8      5.89088734
      1.83902849              -0      4.43706644
      1.58610085              -0      3.88589584
      1.60819275              -5      2.85465485
       2.2286251              -7      1.55357399
     -1.32235583              -8      5.88329397
      1.69781992              -6      4.18154944
      1.54141275              -2       3.6183951
      1.55104948              -5      3.29802515
      -1.0152552              -3      4.99528939
       1.6369386              -1      2.48475459
      1.53907907              -5      3.57350916
     -0.92799647              -3       5.0034574
      2.78297754              -7      5.70417225
     -0.31178436              -8      5.87203683
    -0.624967433              -8      5.87442542
      1.77993002              -9      1.99966238
     0.958493961              -3      4.96493984
      1.53806469              -6      3.52018131
     -1.09158485              -8      5.89485793
      1.58955869              -6       3.0085456
    -0.199277655              -8      5.90276617
     -1.37144153              -8      5.88508152
      1.62392559              -5       2.6662089
      1.63158274              -5      2.55232501
      1.73064316              -0      4.24716217
      1.57419213              -6      3.11864169
     -1.02065977              -3      4.99677764
      1.54161887              -5      3.40702455
    -0.931371941              -8      5.89674635
      4.00420669              -2     0.540300399
      3.45786001              -4      6.42289864
       1.6263821              -6      4.01289471
       1.5689601              -2      3.15601117
      1.94195674              -9      1.79410268
       1.5955365              -2      2.96317911
      2.87028774              -2      5.80646246
      2.79355538              -0      5.71672339
      2.05308566              -9      1.69014993
    -0.888492576              -3       4.9890193
      1.56271805              -1      3.20196177
      2.49954081              -0      5.35290956
     -1.37795328              -8      5.88546633
     -0.83605542              -3      5.00617228
      1.61197247              -9      2.81668215
      1.96409096              -9      1.77183587
      2.07148306              -1      4.78189951
    -0.738087839              -3       5.0083892
      1.61839592              -2      2.74243604
     -1.26919931              -8      5.88203482
       1.7596366              -7      4.30130914
      2.17887695              -4      4.93294158
      2.16812808              -2      1.59787058
      1.54274618              -6      3.63641306
       2.4457374              -1      5.28344764
    -0.842425393              -8      5.87637773
    -0.930465188              -3      4.99038917
      1.54070124              -5      3.60722203
    -0.794369149              -3      5.00717279
        2.304967              -0      5.09860118
     -1.10174404              -8      5.87930906
      1.54427973              -6      3.36964598
      1.53833402              -5      3.48748553
      1.54897283              -2      3.31790748
      2.66802172              -0      5.56503623
      1.61833896              -2      2.74315954
    -0.517131167              -3      5.01228739
     -1.27451827              -8      5.88214617
      2.31527159              -9      1.49388545
      1.56783461              -2      3.16415378
      1.71784656              -7       4.2221986
    -0.944993946              -3      5.00282273
      1.64692193              -9       2.3936976
      1.61979508              -1      3.99448032
     -1.04067168              -8      5.89550307
      2.53293854              -1      5.39564478
      1.58100926              -2      3.07034135
      1.61568049              -1      2.77555312
       1.6288965              -4      2.59131368
    -0.346871434              -3      5.01474848
      1.66034594              -9      2.31187132
      2.17434663              -9      1.59320184
    -0.961407804              -8      5.89642083
    -0.853156979              -3      5.00572979
      2.34136092              -4      5.14678732
      1.54773839              -4      3.33043247
     -1.22362726              -8      5.88116668
      1.87303377              -0      4.49124295
     -1.00636002              -3      4.99429589
      -1.0006977              -3      4.99382736
      1.96888718              -9       1.7671284
      1.69566995              -0      4.17705695
      1.59692281              -5      2.95226279
      1.62258192              -5      4.00235616
      1.53880472              -6      3.56541342
      1.53813301              -7      3.50209096
      1.75863917              -1      2.03644636
      1.55511583              -4      3.26221431
      1.82704311              -1      4.41749034
      1.74884236              -9      2.05477619
      1.54151537              -6      3.40869959
      3.86715686              -7     0.624330314
      1.82112045              -9      1.93740426
      1.74315536              -4      2.06589716
       1.5908545              -0      2.99891102
      1.55369231              -0      3.73140806
    -0.786884146              -3       4.9864133
      1.60055754              -2       2.9227133
       1.6672957              -2      4.11496251
      2.84711589              -0      5.77960604
      1.90570721              -1      4.54168617
     -1.22669932              -0      5.88122113
      1.57245024              -5       3.8308513
      1.57413865              -6        3.119021
      1.54854508              -7      3.69368679
      1.64011964              -2      4.04927436
      1.60011978              -5      2.92635159
      1.58825235              -6      3.89380128
      1.58812788              -5      3.01908079
     -1.37382442              -8      5.88521279
      1.86023487              -7      1.88596913
       3.1640597              -1      6.12915304
    -0.963029787              -3      4.99169309
      1.54488755              -4      3.66044645
      1.61214523              -4      2.81485867
      1.62590848              -4      2.63651259
    -0.922227469              -3      5.00365941
      2.51566569              -0      5.37358109
      1.54570069              -4      3.35264089
      1.79807572              -2      1.97099543
     -1.38956772              -8      5.88691119
      1.58138467              -6      3.86791121
       1.6556247              -9      2.33722732
      1.63658051              -9      2.48880382
      -1.1594891              -8      5.89390515
      2.54224075              -9      1.35216389
     -1.00068213              -3      4.99993309
      1.68333086              -1      2.21764365
      2.60922303              -7      5.49202993
      1.54536816              -5      3.35648976
      1.83897578              -2      4.43698094
      2.30115581              -4      5.09353961
      1.99766122              -9      1.73968304
      2.25635795              -2      1.53403264
       1.5650276              -5      3.18470922
       1.5584493              -5      3.23498448
      1.60454869              -2       2.8883393
      1.61445048              -9      2.78968231
      1.55418595              -1      3.73465804
    -0.715498153              -8      5.89883001
      1.53810534              -6      3.50541068
      2.69325132              -7      5.59599183
      1.57966973              -6      3.86112539
      2.03050902              -6      4.72431487
      2.06440457              -1      4.77201262
      1.75510451              -9      2.04294585
      1.64950454              -5      2.37530914
      1.71239967              -6      4.21134513
      1.98085332              -1      4.65318478
     0.172048603              -3       4.9728245
      1.54034895              -2      3.60110927
       3.6405775              -7       6.5941284
       1.5572722              -1      3.75389598
      1.58221846              -0      3.87116081
      2.04316759              -6      4.74220012
     0.543427875              -3      5.02468228
    -0.512294971              -8      5.90050883
    -0.161860839              -8      5.87101017
      1.54985163              -4      3.70404069
      1.61702842              -6      2.75945878
      1.57262454              -5      3.12977645
      1.55942942              -2      3.22724539
      1.56472174              -2      3.79453997
    -0.925326856              -3       4.9902065
     -1.31933109              -8      5.89082135
     -0.14479742              -3      5.01732404
      2.38476105              -0      5.20389608
      1.57634026              -5      3.10342587
    -0.043470642              -8      5.87023897
      1.77689164              -0      4.33218896
      1.57573104              -1       3.8449771
      1.59056346              -6      3.90210412
     -1.38281698              -8      5.88583269
     -1.02267779              -8      5.87831182
      1.75119717              -9      2.05027848
