10 1
0.1
1 -1 1 1
         4.536319677 
    1.18187740595566 
0.1
1 -1 1 1
         3.859159252 
      1.427818605436 
0.1
1 -1 1 1
         3.235732133 
    1.15761858666307 
0.1
1 -1 1 1
         4.996886496 
  0.0149651234397157 
0.1
1 -1 1 1
         3.695118258 
    2.14257653321016 
0.1
1 -1 1 1
         2.808745711 
   0.899527083065205 
0.1
1 -1 1 1
           3.6969912 
   0.691042751747867 
0.1
1 -1 1 1
         3.756052042 
    1.79410984256877 
0.1
1 -1 1 1
         5.887017546 
  0.0100791066758056 
0.1
1 -1 1 1
         2.059766228 
   0.536364875347813 
