 0.50614 0.00000e+00
 0.51841 0.00000e+00
 0.53068 0.00000e+00
 0.54295 0.00000e+00
 0.55522 6.93251e-03
 0.56750 3.32278e-03
 0.57977 3.12999e-03
 0.59204 0.00000e+00
 0.60431 5.69804e-03
 0.61658 5.46343e-03
 0.62885 0.00000e+00
 0.64113 2.43605e-03
 0.65340 0.00000e+00
 0.66567 2.26780e-03
 0.67794 0.00000e+00
 0.69021 0.00000e+00
 0.70249 1.98219e-03
 0.71476 3.84333e-03
 0.72703 0.00000e+00
 0.73930 3.57411e-03
 0.75157 0.00000e+00
 0.76385 5.01822e-03
 0.77612 0.00000e+00
 0.78839 4.70971e-03
 0.80066 0.00000e+00
 0.81293 2.93244e-03
 0.82520 2.88355e-03
 0.83748 5.51732e-03
 0.84975 1.32771e-03
 0.86202 1.29194e-03
 0.87429 0.00000e+00
 0.88656 0.00000e+00
 0.89884 3.62088e-03
 0.91111 2.34112e-03
 0.92338 1.15311e-03
 0.93565 2.23481e-03
 0.94792 1.10705e-03
 0.96020 0.00000e+00
 0.97247 3.17598e-03
 0.98474 0.00000e+00
 0.99701 2.04604e-03
 1.00928 9.89930e-04
 1.02155 9.75935e-04
 1.03383 2.89209e-03
 1.04610 2.84064e-03
 1.05837 1.87464e-03
 1.07064 1.85360e-03
 1.08291 0.00000e+00
 1.09519 3.60805e-03
 1.10746 1.78960e-03
 1.11973 1.76602e-03
 1.13200 2.63116e-03
 1.14427 8.66207e-04
 1.15655 1.72450e-03
 1.16882 8.53241e-04
 1.18109 1.69784e-03
 1.19336 1.69196e-03
 1.20563 8.41339e-04
 1.21790 8.34701e-04
 1.23018 2.49764e-03
 1.24245 3.32192e-03
 1.25472 1.65780e-03
 1.26699 8.27143e-04
 1.27926 2.47961e-03
 1.29154 1.65203e-03
 1.30381 1.65260e-03
 1.31608 3.30700e-03
 1.32835 2.48360e-03
 1.34062 2.48826e-03
 1.35290 4.15766e-03
 1.36517 2.50231e-03
 1.37744 1.67325e-03
 1.38971 3.35710e-03
 1.40198 8.42652e-04
 1.41425 2.54277e-03
 1.42653 8.50822e-04
 1.43880 8.55000e-04
 1.45107 2.58115e-03
 1.46334 3.46716e-03
 1.47561 8.71084e-04
 1.48789 2.63155e-03
 1.50016 2.65436e-03
 1.51243 1.77526e-03
 1.52470 4.47080e-03
 1.53697 8.99334e-04
 1.54925 2.72474e-03
 1.56152 2.73975e-03
 1.57379 3.68010e-03
 1.58606 0.00000e+00
 1.59833 0.00000e+00
 1.61060 9.38584e-04
 1.62288 5.68661e-03
 1.63515 9.56255e-04
 1.64742 0.00000e+00
 1.65969 5.79701e-03
 1.67196 9.72080e-04
 1.68424 2.93431e-03
 1.69651 9.83858e-04
 1.70878 2.97143e-03
 1.72105 9.94795e-04
 1.73332 2.99950e-03
 1.74560 2.00519e-03
 1.75787 1.00718e-03
 1.77014 5.06007e-03
 1.78241 4.06530e-03
 1.79468 1.01995e-03
 1.80695 0.00000e+00
 1.81923 5.12020e-03
 1.83150 2.05207e-03
 1.84377 2.05578e-03
 1.85604 3.08792e-03
 1.86831 1.02973e-03
 1.88059 0.00000e+00
 1.89286 3.09160e-03
 1.90513 1.03011e-03
 1.91740 4.11996e-03
 1.92967 2.05801e-03
 1.94195 1.02777e-03
 1.95422 0.00000e+00
 1.96649 2.04887e-03
 1.97876 2.04471e-03
 1.99103 2.03968e-03
 2.00330 1.01747e-03
 2.01558 0.00000e+00
 2.02785 1.01061e-03
 2.04012 0.00000e+00
 2.05239 3.01337e-03
 2.06466 2.00564e-03
 2.07694 4.99159e-03
 2.08921 0.00000e+00
 2.10148 9.92593e-04
 2.11375 3.94914e-03
 2.12602 1.96808e-03
 2.13830 0.00000e+00
 2.15057 0.00000e+00
 2.16284 1.94501e-03
 2.17511 2.90789e-03
 2.18738 3.86153e-03
 2.19965 1.92317e-03
 2.21193 1.91545e-03
 2.22420 3.81891e-03
 2.23647 1.90521e-03
 2.24874 0.00000e+00
 2.26101 4.72854e-03
 2.27329 9.41426e-04
 2.28556 3.76183e-03
 2.29783 9.37478e-04
 2.31010 0.00000e+00
 2.32237 2.79709e-03
 2.33465 9.29454e-04
 2.34692 9.26534e-04
 2.35919 1.84969e-03
 2.37146 2.76860e-03
 2.38373 9.21175e-04
 2.39600 1.83785e-03
 2.40828 0.00000e+00
 2.42055 9.15926e-04
 2.43282 2.74382e-03
 2.44509 9.13045e-04
 2.45736 9.12062e-04
 2.46964 2.73338e-03
 2.48191 3.64066e-03
 2.49418 9.09673e-04
 2.50645 9.08663e-04
 2.51872 1.81678e-03
 2.53100 1.81563e-03
 2.54327 3.63024e-03
 2.55554 5.44388e-03
 2.56781 9.07244e-04
 2.58008 1.81437e-03
 2.59235 1.81458e-03
 2.60463 1.81484e-03
 2.61690 1.81528e-03
 2.62917 9.08020e-04
 2.64144 1.81668e-03
 2.65371 0.00000e+00
 2.66599 9.09521e-04
 2.67826 3.63976e-03
 2.69053 0.00000e+00
 2.70280 2.73345e-03
 2.71507 1.82414e-03
 2.72735 2.73882e-03
 2.73962 9.13785e-04
 2.75189 1.82896e-03
 2.76416 1.83122e-03
 2.77643 0.00000e+00
 2.78870 9.16850e-04
 2.80098 4.58917e-03
 2.81325 1.83790e-03
 2.82552 1.83900e-03
 2.83779 2.76217e-03
 2.85006 2.76419e-03
 2.86234 0.00000e+00
 2.87461 9.22950e-04
 2.88688 3.69692e-03
 2.89915 5.55050e-03
 2.91142 1.85162e-03
 2.92370 0.00000e+00
 2.93597 1.85471e-03
 2.94824 9.27633e-04
 2.96051 9.28487e-04
 2.97278 4.64548e-03
 2.98505 0.00000e+00
 2.99733 2.79041e-03
 3.00960 4.65364e-03
 3.02187 9.31276e-04
 3.03414 3.72606e-03
 3.04641 3.72753e-03
 3.05869 1.86414e-03
 3.07096 1.86464e-03
 3.08323 1.86473e-03
 3.09550 2.79750e-03
 3.10777 9.32518e-04
 3.12005 9.32483e-04
 3.13232 1.86483e-03
 3.14459 9.32342e-04
 3.15686 2.79642e-03
 3.16913 2.79552e-03
 3.18140 0.00000e+00
 3.19368 9.31192e-04
 3.20595 1.86177e-03
 3.21822 2.79151e-03
 3.23049 0.00000e+00
 3.24276 9.29640e-04
 3.25504 9.28690e-04
 3.26731 3.71270e-03
 3.27958 9.27781e-04
 3.29185 9.27186e-04
 3.30412 1.85232e-03
 3.31640 2.77641e-03
 3.32867 3.69915e-03
 3.34094 0.00000e+00
 3.35321 2.76899e-03
 3.36548 3.68880e-03
 3.37775 9.21650e-04
 3.39003 3.68259e-03
 3.40230 3.67912e-03
 3.41457 3.67479e-03
 3.42684 1.83616e-03
 3.43911 1.83474e-03
 3.45139 9.16212e-04
 3.46366 1.83140e-03
 3.47593 0.00000e+00
 3.48820 3.65532e-03
 3.50047 3.65081e-03
 3.51275 0.00000e+00
 3.52502 9.11195e-04
 3.53729 1.82175e-03
 3.54956 9.10037e-04
 3.56183 4.54631e-03
 3.57410 1.81716e-03
 3.58638 1.81557e-03
 3.59865 2.72163e-03
 3.61092 0.00000e+00
 3.62319 4.53189e-03
 3.63546 9.05634e-04
 3.64774 1.81074e-03
 3.66001 9.05060e-04
 3.67228 2.71397e-03
 3.68455 4.52193e-03
 3.69682 9.04167e-04
 3.70910 9.03926e-04
 3.72137 1.80772e-03
 3.73364 3.61519e-03
 3.74591 9.03798e-04
 3.75818 1.80766e-03
 3.77045 1.80811e-03
 3.78273 1.80836e-03
 3.79500 1.80896e-03
 3.80727 2.71485e-03
 3.81954 0.00000e+00
 3.83181 1.81134e-03
 3.84409 9.06461e-04
 3.85636 9.06760e-04
 3.86863 9.07283e-04
 3.88090 1.81703e-03
 3.89317 9.09408e-04
 3.90545 1.81962e-03
 3.91772 9.10888e-04
 3.92999 9.12589e-04
 3.94226 9.13817e-04
 3.95453 1.82935e-03
 3.96680 9.16276e-04
 3.97908 0.00000e+00
 3.99135 2.75715e-03
 4.00362 1.84193e-03
 4.01589 4.61353e-03
 4.02816 0.00000e+00
 4.04044 0.00000e+00
 4.05271 2.78503e-03
 4.06498 9.30102e-04
 4.07725 9.33263e-04
 4.08952 3.73777e-03
 4.10180 9.37042e-04
 4.11407 1.87918e-03
 4.12634 9.42508e-04
 4.13861 3.77612e-03
 4.15088 9.46714e-04
 4.16315 3.80052e-03
 4.17543 0.00000e+00
 4.18770 1.91245e-03
 4.19997 2.87687e-03
 4.21224 2.88606e-03
 4.22451 5.79190e-03
 4.23679 9.67566e-04
 4.24906 0.00000e+00
 4.26133 2.92468e-03
 4.27360 1.95905e-03
 4.28587 1.96544e-03
 4.29815 1.97161e-03
 4.31042 3.95947e-03
 4.32269 9.94482e-04
 4.33496 1.99312e-03
 4.34723 2.00094e-03
 4.35950 2.00986e-03
 4.37178 1.00985e-03
 4.38405 0.00000e+00
 4.39632 1.02042e-03
 4.40859 2.04840e-03
 4.42086 2.05914e-03
 4.43314 3.09178e-03
 4.44541 2.07288e-03
 4.45768 1.04046e-03
 4.46995 1.04814e-03
 4.48222 6.30161e-03
 4.49450 2.11478e-03
 4.50677 2.11843e-03
 4.51904 1.06518e-03
 4.53131 0.00000e+00
 4.54358 1.07395e-03
 4.55585 5.39479e-03
 4.56813 2.16911e-03
 4.58040 1.08963e-03
 4.59267 2.18530e-03
 4.60494 3.29755e-03
 4.61721 0.00000e+00
 4.62949 0.00000e+00
 4.64176 1.11027e-03
 4.65403 0.00000e+00
 4.66630 0.00000e+00
 4.67857 3.37865e-03
 4.69085 2.25897e-03
 4.70312 2.26910e-03
 4.71539 2.27238e-03
 4.72766 1.14299e-03
 4.73993 4.57661e-03
 4.75220 1.14994e-03
 4.76448 2.30265e-03
 4.77675 3.46675e-03
 4.78902 2.31702e-03
 4.80129 3.48195e-03
 4.81356 3.48880e-03
 4.82584 0.00000e+00
 4.83811 0.00000e+00
 4.85038 3.50991e-03
 4.86265 4.68467e-03
 4.87492 0.00000e+00
 4.88720 0.00000e+00
 4.89947 1.17458e-03
 4.91174 0.00000e+00
 4.92401 3.52492e-03
 4.93628 0.00000e+00
 4.94855 2.34897e-03
 4.96083 2.34699e-03
 4.97310 3.51755e-03
 4.98537 1.17062e-03
 4.99764 0.00000e+00
 5.00991 2.33375e-03
 5.02219 1.16411e-03
 5.03446 2.32122e-03
 5.04673 5.78676e-03
 5.05900 1.15477e-03
 5.07127 3.44775e-03
 5.08355 3.43891e-03
 5.09582 1.13985e-03
 5.10809 0.00000e+00
 5.12036 5.66161e-03
 5.13263 4.50245e-03
 5.14490 1.11921e-03
 5.15718 6.69558e-03
 5.16945 3.32395e-03
 5.18172 2.20702e-03
 5.19399 1.09322e-03
 5.20626 3.26404e-03
 5.21854 1.08278e-03
 5.23081 1.07392e-03
 5.24308 5.33648e-03
 5.25535 1.05586e-03
 5.26762 1.05427e-03
 5.27990 0.00000e+00
 5.29217 3.10288e-03
 5.30444 4.09884e-03
 5.31671 2.04170e-03
 5.32898 3.03380e-03
 5.34125 0.00000e+00
 5.35353 1.98890e-03
 5.36580 2.95248e-03
 5.37807 3.91676e-03
 5.39034 1.93495e-03
 5.40261 1.91777e-03
 5.41489 3.81530e-03
 5.42716 9.42524e-04
 5.43943 3.74598e-03
 5.45170 0.00000e+00
 5.46397 1.84425e-03
 5.47625 1.82364e-03
 5.48852 9.02899e-04
 5.50079 1.79267e-03
 5.51306 1.77775e-03
 5.52533 4.41062e-03
 5.53760 8.79334e-04
 5.54988 1.73820e-03
 5.56215 1.72471e-03
 5.57442 8.56949e-04
 5.58669 2.54937e-03
 5.59896 8.42401e-04
 5.61124 1.67306e-03
 5.62351 4.16009e-03
 5.63578 2.48085e-03
 5.64805 8.23037e-04
 5.66032 2.45104e-03
 5.67260 3.24831e-03
 5.68487 0.00000e+00
 5.69714 8.02073e-04
 5.70941 1.59654e-03
 5.72168 1.59140e-03
 5.73395 1.58356e-03
 5.74623 2.36278e-03
 5.75850 0.00000e+00
 5.77077 7.79653e-04
 5.78304 7.77072e-04
 5.79531 1.55091e-03
 5.80759 0.00000e+00
 5.81986 1.54317e-03
 5.83213 2.31053e-03
 5.84440 2.30526e-03
 5.85667 2.30320e-03
 5.86895 2.29975e-03
 5.88122 7.66082e-04
 5.89349 2.29732e-03
 5.90576 3.06318e-03
 5.91803 3.83013e-03
 5.93030 1.53353e-03
 5.94258 2.30345e-03
 5.95485 1.53742e-03
 5.96712 0.00000e+00
 5.97939 1.54236e-03
 5.99166 4.64671e-03
 6.00394 1.55345e-03
 6.01621 7.79695e-04
 6.02848 3.91200e-03
 6.04075 2.35977e-03
 6.05302 1.58048e-03
 6.06530 3.97088e-03
 6.07757 0.00000e+00
 6.08984 5.61466e-03
 6.10211 4.04860e-03
 6.11438 0.00000e+00
 6.12665 4.10105e-03
 6.13893 3.30276e-03
 6.15120 2.50233e-03
 6.16347 1.67763e-03
 6.17574 8.50210e-04
 6.18801 8.55561e-04
 6.20029 0.00000e+00
 6.21256 2.61744e-03
 6.22483 1.76714e-03
 6.23710 2.68597e-03
 6.24937 2.71139e-03
 6.26165 1.83884e-03
 6.27392 1.85319e-03
 6.28619 3.75271e-03
 6.29846 9.50371e-04
 6.31073 0.00000e+00
 6.32300 1.95641e-03
 6.33528 1.00019e-03
 6.34755 0.00000e+00
 6.35982 2.04692e-03
 6.37209 0.00000e+00
 6.38436 2.12122e-03
 6.39664 1.07659e-03
 6.40891 2.20391e-03
 6.42118 1.11695e-03
 6.43345 1.13772e-03
 6.44572 3.50211e-03
 6.45800 3.55783e-03
 6.47027 2.42531e-03
 6.48254 1.22921e-03
 6.49481 1.25639e-03
 6.50708 1.28175e-03
 6.51935 2.62372e-03
 6.53163 1.33944e-03
 6.54390 2.77103e-03
 6.55617 0.00000e+00
 6.56844 0.00000e+00
 6.58071 2.98664e-03
 6.59299 1.54217e-03
 6.60526 1.55754e-03
 6.61753 1.61192e-03
 6.62980 4.91871e-03
 6.64207 0.00000e+00
 6.65435 0.00000e+00
 6.66662 1.80524e-03
 6.67889 1.84917e-03
 6.69116 1.89873e-03
 6.70343 0.00000e+00
 6.71570 0.00000e+00
 6.72798 4.10786e-03
 6.74025 4.27333e-03
 6.75252 4.41235e-03
 6.76479 6.73757e-03
 6.77706 0.00000e+00
