# npar = 1, n_ded = 0
#         weight            chi2        param[0]
#                                     alpha_topo
      1.16428061              -0      5.85144579
      1.33692709              -4      3.50586068
      1.34312369              -1      3.42311861
      1.34363243              -7      3.41646566
      1.34355538              -4      2.81041533
      1.41925239              -1      5.35847169
       1.3415526              -5      2.78540391
      1.33095776              -1      2.57753835
      1.33812604              -7      3.48928587
      1.40400511              -9      1.02533746
      1.58326498              -0      5.00499613
      1.44770502              -9      1.99282472
      1.35046727              -4      2.90005755
       1.9405943              -9     0.764976749
      1.31145002              -7      5.51512181
       1.3451197              -1      6.26569763
      1.58745137              -2      4.97095655
       1.4163377              -5      2.11293051
      1.35778747              -2      3.04815307
      1.36380208              -1      2.29548078
      1.24036507              -0      5.63165059
      1.34777982              -9      1.57742299
      1.45482687              -5      1.83620516
      1.33125298              -7      3.59578825
      1.51631206              -4      4.58852347
       1.4557537              -5      1.94045026
      2.07873634              -9     0.718367994
      1.16152873              -0      5.90784579
      1.16151614              -0       5.9072131
      1.37333472              -1      2.25804451
      1.45736579              -5      1.86080001
      1.54541839              -1      5.13753466
      1.38645834              -0      5.40600963
      1.36074264              -2      4.09059486
      1.33536654              -1      3.52826028
      1.22770682              -0      5.65582985
       1.5668708              -1      5.07718498
      1.53919375              -4      5.15219391
      1.34249373              -2       2.7971927
      1.29509061              -9      1.48474908
      1.57596669              -4      4.79257887
      1.39178105              -5      2.19345319
      1.18337394              -0      6.02951978
      1.34814891              -4      4.01969824
      1.33473479              -2      2.47581668
      1.24890275              -0      5.61617971
      1.60624555              -9     0.903378543
      1.35846058              -6       3.1227932
      1.56807759              -7      4.75673874
      1.43891378              -5      2.03221549
      1.33231445              -1      2.51471277
      1.17182762              -1      5.98951249
      1.35324558              -7       2.9423244
      1.55926505              -4       5.1008905
      1.43816705              -6      4.37074529
      1.33369468              -2      2.49011716
      1.41015659              -4      5.37176587
      1.35806056              -2      3.15581087
      1.33476628              -9      1.55522231
      1.58927592              -6      4.90244603
      1.22172483              -0      5.66789248
      1.35086708              -7      3.31673885
      1.18337206              -0      6.02951431
      1.39389767              -9      1.65944039
      1.23787752              -9      1.27524802
      1.24385148              -0      5.62526082
       1.2800245              -9      1.45484856
       1.3324544              -2      3.88338683
      1.33370974              -2      2.67218717
      1.83038767              -0      6.58279722
      1.31900709              -9      1.52804128
       1.3495322              -4      2.88706657
      1.48520399              -9     0.970032307
       1.3445917              -5      3.40388335
      1.42508783              -4      4.33162157
      1.45893093              -2      4.43006495
      1.58962054              -7       4.9209326
      1.32762984              -2      3.78112426
      1.31391896              -5      1.51910253
      1.25716358              -9      1.40037882
      1.29107269              -0      6.20883482
      1.37665435              -9      1.04716611
      1.23754051              -9       1.3079024
      1.33048735              -7      3.85396751
      1.34626544              -7      2.84432654
      1.44831098              -5      1.98970776
      1.33690039              -4      3.50623524
      1.36121877              -4      4.09297726
      1.33352783              -5      2.66868786
      1.16472742              -0      5.84775674
      1.28473361              -9      1.14620047
      1.16428556              -0      5.94694399
      1.44363651              -5      1.78128348
        1.200136              -0      5.71636277
      1.23794654              -0      5.63614643
      1.54720863              -1      4.68117044
      1.57884028              -0      4.80776737
       1.2265336              -0      5.65815972
      1.58622534              -1      4.85927518
      1.33527734              -2      2.69928995
      1.40807183              -4      4.27765056
      1.23759606              -9      1.30890987
      1.44921914              -7      6.35441677
      1.24564927              -9      1.22994983
      2.22492303              -1      6.75423545
      1.58853628              -2      4.95681936
       1.3567825              -4       3.2030765
      1.28652257              -1      1.46810585
      1.57515966              -7       5.0462183
       1.3308802              -7      3.60299212
      1.26681178              -5      1.42537953
      1.31770188              -7      6.23814001
      1.65660974              -0      6.49053761
      1.34943919              -2      2.36311058
      1.35929642              -1      4.08325075
      1.35206044              -5      2.34923336
      1.49513443              -1      5.23894729
      1.16189861              -0      5.88040434
      1.30200731              -2      5.52943925
      1.38552865              -6      4.19795671
      1.58729312              -0      6.44908679
      1.28720969              -7      5.55239299
      1.32622028              -0      5.49312689
       1.3475284              -7      3.36459369
      1.26462016              -0      5.58906144
      1.34441583              -5       2.8211251
      1.25062535              -5      1.38034411
      1.43232459              -4      4.35347666
      1.53707269              -9      0.93972103
      1.55023937              -1       4.6911481
      1.24426481              -9      1.35594677
      1.24203831              -9      1.24522033
      1.75160346              -5     0.837370836
      1.79268235              -9     0.820575722
      1.45211942              -9      1.81886274
      1.39649839              -0       5.3915528
      1.33511354              -5      2.47114359
      1.24653697              -5      1.36550649
      1.63474008              -0      6.47780453
      1.55001076              -1        4.690387
      1.35831545              -1      3.07754159
       1.5252488              -0      5.18229452
      1.35849759              -7      3.10338125
      1.23860418              -5      1.32144641
      1.33115369              -5      2.55202809
      1.50789295              -4      5.21601204
      1.33081267              -4      3.60432851
      1.25113351              -0      6.15819657
      1.23891854              -9      1.32433696
       1.2903476              -5      1.47563848
      1.56902083              -7      4.76069818
      1.32721552              -4      3.74725667
      1.40552313              -0       5.3784986
      1.33387088              -5      3.90105312
      1.33123024              -6      2.54786076
       1.2430338              -9      1.24054778
      1.35637226              -4      3.21410456
      1.19953173              -0      5.71786899
      1.34815443              -1      3.35596293
      2.62916501              -9     0.563719131
       1.4273742              -5      2.07540772
      1.40950394              -0      5.37271567
      1.24935004              -5      1.37596661
      1.32607195              -0      6.24680314
      1.33760228              -9      1.56006616
      1.40171427              -7      2.16075585
      1.27850553              -0      5.56625526
      1.33008344              -6      3.61948815
       1.3341791              -4      2.48315097
      1.32786223              -1      3.68279249
      1.32574114              -9       1.0950522
      1.33830914              -9      1.56127242
      1.31929524              -9      1.10208594
      1.16208236              -0      5.92213195
      1.35839898              -6      3.13116407
      1.57503044              -4      4.78793732
      1.49971155              -1      4.54227348
      1.19562987              -0      6.06112306
       1.5892223              -4      4.94330492
      1.33628109              -2      5.47836367
      1.38340236              -0      5.41040113
      1.59242684              -0      6.45227156
       1.3221249              -0      6.24274727
      1.20105878              -0      5.71408245
      1.58961646              -7      4.92477606
      1.55179699              -0       5.1214652
      1.55204628              -2       5.1208119
      1.38445084              -7      4.19382021
       1.2380958              -9      1.31601317
      1.34595845              -4      3.38579088
      1.34933317              -1      2.88435721
       1.3088825              -5      1.51013661
      1.33139412              -5      2.61252888
      1.39482581              -5      2.18334746
      1.35846025              -5      3.09367695
      1.33631701              -5       2.4576436
      1.49193791              -6      5.24450151
      1.16156735              -0      5.88958856
      1.33340283              -7      3.89545703
      2.01742579              -9      0.73851944
       1.2908355              -0      6.20856032
      1.35707437              -5      3.19446467
      1.34085669              -4      3.45279749
      1.58383035              -9     0.914723096
      1.39141569              -4      4.21994545
       1.4507971              -5      1.97600666
      1.18309359              -0      6.02870129
      1.23805925              -9      1.31557153
      1.37909255              -7      2.23705207
      1.43323834              -5       2.0542081
      1.33496998              -4      3.53414545
       1.3578661              -4      3.05156345
      1.41763625              -5      1.70870606
      1.34749947              -5      2.37403359
       1.3222642              -5      1.53371199
      1.26937098              -0      5.58115194
      1.39306522              -5      2.18917915
       1.2367422              -6      5.63840555
      1.35587468              -2      2.99230709
      1.27171075              -5      1.43679195
      1.45284093              -5      1.96321506
      1.25560397              -5      1.20046822
      1.34235758              -7      3.43312985
      1.35817563              -4      2.31984928
      1.32848404              -4      3.81150811
      1.56267642              -7      4.73526107
       1.5372799              -0      5.15653027
      1.33103844              -5      2.59143439
      1.56465078              -7      5.08446348
      1.32926661              -2      3.83062871
      1.35540645              -2      3.23676226
       1.5385564              -7      5.15364626
      1.26383271              -9      1.18215747
      1.27706296              -9      1.44857679
      1.35771359              -2      3.17199759
      1.27853115              -9      1.15579373
      1.49398046              -0      5.24096047
      1.32984666              -7      3.62475171
      1.57680153              -7      5.03908666
      1.41114169              -6      4.28770229
      1.18908081              -0      5.74586391
      1.48161235              -9     0.972251875
      1.53896434              -0      6.41807078
      1.33338241              -6      3.55876673
        1.361112              -0      6.28078457
       1.3189987              -9      1.52802662
      1.45185582              -9     0.991355742
      1.39430469              -2      4.23039483
      1.35737577              -1      3.03272856
      1.42619263              -9      1.72924836
      1.70149133              -0       6.5157869
      1.61962412              -9     0.896781928
      1.46361121              -7      5.29119108
      1.24698774              -9      1.36727034
      1.20666542              -0      6.08481105
      1.23156136              -0      6.12900118
      1.35438385              -7      3.25755893
      1.33961398              -5      2.42739901
      1.34292165              -5      1.56913801
      1.42954179              -9      1.73793967
      1.39407911              -9      1.65978855
      1.55570234              -1      4.70980662
      1.17333372              -0      5.99572437
      1.33152129              -4      2.61768243
       1.2997745              -0      5.53285937
      1.31538227              -9      1.52168439
       1.2653109              -9      1.17920309
      1.24833243              -0      6.15423767
      1.17608472              -0      6.00610582
      1.91999658              -0      6.62552056
      1.21104099              -7      6.09335858
      1.41235024              -5      2.12606547
      1.22732108              -0      6.12213456
      1.44550356              -5      1.78835235
      2.06955024              -0      6.69141507
      1.51138139              -1      5.20949664
      1.55367603              -7      5.11648869
       1.9535427              -9     0.760415702
      1.26609256              -0      6.17832384
      1.16241064              -0      5.87158328
      1.35468109              -7      2.96772889
      1.45252525              -5      1.82117909
      1.32725286              -1      3.72227536
      1.33152682              -4      3.59066536
      1.56430573              -4      4.74154804
      1.35826686              -6      3.07377974
      1.34625941              -5      2.38136369
      1.26134303              -9      1.41171061
      1.24439454              -4      1.35652773
      1.24553195              -0      5.62221731
      1.35849207              -5      3.10106546
      1.32788027              -5      1.54341577
      1.35102713              -5      2.35459444
      1.38275333              -6      4.18722976
      1.45845273              -5      1.89040941
      1.44531656              -5      1.78762254
      1.34388964              -1      3.99077794
      1.23837515              -0      6.13959715
      1.56200836              -4      4.73272518
      1.33699864              -4      3.50485816
      2.23721664              -0      6.75900044
       1.1735116              -0      5.99643071
      1.56255325              -0      4.73479173
      1.42093025              -5      2.09758214
      1.33313745              -6      3.56275009
      1.23673506              -0      6.13709286
      1.35153628              -7      3.30642461
      1.45015365              -5      1.97971437
      1.33418655              -7      2.48304835
      1.20813906              -0      6.08773584
      1.34643735              -9      1.57513264
      1.39539313              -1      4.23427842
      1.45744317              -5      1.86188586
      1.40984279              -0      5.37222261
      1.45765675              -9      1.86512478
      1.33344731              -1      3.55772077
      1.38892765              -7      4.21077192
      1.40765089              -4      1.68691676
      1.38052195              -5       2.2319812
       1.4538275              -0      5.30649968
      1.34947137              -4       2.8862367
      1.34495762              -5      3.39906294
      1.53897042              -0      5.15270377
      1.33582027              -7      5.47903671
      1.30803229              -9      1.11512565
      1.37382274              -2      1.62253303
      1.36252344              -0      6.28208532
       1.3096784              -0      5.51779109
      1.35358799              -7       3.2722727
      1.33660022              -4      2.71943362
      1.34809213              -4      4.01933416
      1.81668826              -9      0.81106351
      1.33187534              -6      2.62969234
      1.41765937              -1      4.30855769
      1.37451462              -5      1.62376264
      1.46289606              -7      4.44112254
      1.35837268              -4      3.13392582
      1.46541328              -1      4.44811023
      1.35830342              -7       3.0765685
      1.23723675              -9      1.28829206
       1.3385529              -7      3.48348485
      1.42633326              -0      5.34803621
      1.37004197              -2      4.13440519
      1.39315355              -7      4.22625631
      1.35496729              -6        2.973263
      1.16254232              -0      5.86972806
      1.44047461              -2      1.77024729
      1.34021168              -7        3.461307
      1.67659012              -0       6.5019184
      1.45738043              -4      4.42572234
      2.14727326              -0      6.72347008
       1.3947501              -6        1.661079
      1.17951198              -0      6.01772108
      1.56870946              -7      5.07088423
      1.43608421              -1      5.33351278
      1.36005513              -1      4.08712418
      1.35016803              -2      3.32719826
      1.34239465              -5      2.79595574
      1.16309762              -0      5.93578125
      2.17816183              -0       6.7358507
      1.32844857              -1      3.81051291
       1.3691701              -0      5.43083529
      1.48552019              -4      4.50336597
      1.19260671              -0      6.05396114
      1.35008091              -1      3.32848195
      1.37091029              -5      1.61738154
      1.35669821              -1      3.01247297
      1.34625064              -2      2.84413917
      1.34860651              -0      5.46045341
      1.33225253              -6      2.51607879
      1.41209111              -9      1.69636931
      1.53006246              -9     0.943644081
       1.3276237              -7      3.69400865
       1.3389164              -2      3.95151505
      2.65994946              -9     0.556087734
      1.45469237              -0      5.30515968
      1.44377357              -9      1.78178685
      1.33267093              -4      3.57050506
      1.43423567              -7      4.35915953
      1.58638972              -2      4.86085327
      1.55738755              -0      6.43012473
      1.50441074              -1      4.55524635
      1.45130175              -0      5.31039935
      1.23687252              -0      6.13730383
      2.08436769              -9     0.716555953
      1.38363365              -5      1.64021657
      1.60020409              -0      6.45705899
      1.50855236              -2      4.56674654
      1.37511582              -9      1.62483302
      1.37070111              -9      1.05221498
      1.44090349              -9      1.77168521
      1.50216012              -0      6.39303813
      1.34994747              -5      2.89277985
      1.35810675              -5      3.15323593
      1.33604669              -1      2.71122292
      1.16145289              -0      5.90235087
      1.33372048              -5      1.55343392
      1.46283327              -4        5.292421
      1.40264887              -0      6.31724715
      1.16838236              -0      5.97327737
      2.41836192              -9     0.618431115
      2.11256746              -9     0.707574555
      1.57603411              -0      6.44203161
      1.39925031              -9      2.16880507
      2.01905733              -0      6.66983507
      1.17530725              -0      6.00328162
      1.43146429              -5      1.74313737
      1.45330305              -5       1.8258558
      1.32724799              -7      3.75310171
      1.33694484              -5      1.55894392
      1.36622351              -4      4.11706101
      1.92715688              -0      6.62881965
      1.34374691              -7       3.4149672
      1.39229005              -9      1.65636935
       1.4263352              -5      2.07904867
      1.43859519              -7      1.76413387
      2.23664877              -0      6.75878095
      1.45217385              -2      1.96758671
      1.40623609              -5       1.6839735
      1.45311454              -9      1.82469108
      1.32778853              -4      3.68601642
      1.45623049              -2      1.84797207
      1.45798387              -4      1.91135075
      1.32794062              -7      3.67954372
      1.33827719              -1      3.48722638
      1.33739402              -1      2.44688307
      1.31511848              -9      1.10680272
      1.46803146              -7      4.45535515
      1.36498184              -4      1.60700303
      1.44811958              -9      1.79917436
      1.54655376              -1      5.13475899
      1.23858688              -9       1.2675036
      1.16867984              -0      5.97482255
      1.41824393              -9      1.01473329
      1.47836099              -2      4.48376633
      1.41072624              -2      4.28635099
      1.43208657              -4      2.05847268
      1.32750823              -1      3.77467682
      1.35590362              -4      4.06532551
      1.40445964              -0      5.38004072
      1.34604978              -6      3.38457207
      1.49968236              -0       5.2309198
      1.16808099              -0      5.82557455
      1.28892432              -0      5.54969625
      1.35372848              -1      3.26974995
       1.5176308              -4       4.5922614
      1.37746129              -0      6.29556953
      1.39618028              -5      2.17888025
       2.1489631              -0      6.72415245
      1.32307297              -0      6.24372618
      1.40478504              -5      1.68098629
      1.47663964              -1       4.4790463
        1.306247              -9      1.50538912
      1.33689522              -7      3.93303938
      1.26965096              -9      1.17097522
      1.39420269              -9      1.66002589
      1.71182356              -9     0.854325497
      1.30944798              -9      1.51114995
      1.45763168              -7      4.42642679
      1.43139034              -5      2.06102415
       1.4838419              -7      4.49877399
      1.37708519              -4      4.16449328
      1.41963304              -6      4.31475412
      1.35752941              -1      3.03809661
       1.3403886              -5      3.45896809
      1.35728856              -4      3.02984015
      1.40385674              -4      4.26358307
      1.21950318              -6      5.67249582
      1.68450945              -9     0.866407426
      1.44844962              -4      5.31477951
      1.57226297              -0      5.05786472
      1.53505588              -2       5.1614793
      1.30658286              -9      1.50599646
      1.51124349              -7      5.20975643
      1.52906252              -0      6.41146568
      1.44568044              -5      2.00275485
      1.35437164              -7      4.05687419
       1.3581073              -5       3.1532043
      1.42882141              -1      4.34296619
      1.33522445              -7      2.69844326
      1.45551635              -9      1.84162204
      1.35282121              -7      2.93539278
      1.19715367              -0      6.06460873
      1.16508414              -0      5.84498486
      1.33105347              -1      2.55905925
      1.33106374              -5      3.86337442
      1.57378335              -0      5.05188597
      1.35115032              -4      3.31241243
      1.58567516              -7      4.85424039
      1.34292332              -6      2.80254868
       1.2471917              -0      6.15260638
      1.43097287              -5      2.06254511
      1.56506636              -0      5.08312622
      1.51552393              -0      5.20160163
      1.32884061              -2      3.64988865
      1.45154281              -9      1.81569761
      1.35177118              -7      3.30272385
      1.58768076              -7      4.96834009
      1.19526758              -4      5.72881457
      1.17505946              -0      5.79284593
      1.33230836              -1      3.57670236
      1.30382924              -0       5.5266588
      1.39016729              -2      2.19885188
      1.54098997              -6      5.14805458
      1.38391224              -2      2.22013966
      1.19451407              -1       5.7308113
      1.43310383              -1      2.05470909
      1.38150087              -5      2.22853639
      1.32670622              -9      1.09402302
      1.57354247              -6      4.78081384
      1.35801994              -7      3.05890325
      1.35159886              -7      2.91648385
      1.21550162              -0      6.10167812
      1.35604063              -4      2.99610069
      1.35787557              -5      2.32121167
      1.28500227              -9      1.46505976
       1.2454028              -1      6.15002526
      1.25456436              -9      1.39281792
      1.34597014              -1      5.46427107
      1.28577653              -9        1.466615
      2.19697306              -0       6.7432971
      1.48271665              -2      5.26016046
      1.57719755              -7      4.79889508
       1.2739881              -0      5.57357401
      1.17306181              -0      5.80116423
      1.33258351              -5      2.50912749
         1.24142              -9      1.34163262
      1.33737616              -2      2.73052916
      1.45803393              -5      1.91022799
      1.29983845              -9      1.12532592
      1.32788776              -4      3.68171569
      1.44954712              -4      5.31309689
      1.33122859              -5      2.60459312
      1.40324526              -7      4.26151506
      1.35018469              -1      2.89608279
      1.30713443              -0       6.2268489
       1.1650219              -0      5.84545862
      1.33538493              -2      2.46793355
      1.23721201              -9      1.28949891
      1.35670277              -5      3.20530792
       1.3292442              -6      3.63915694
      1.43933915              -9      1.76651889
      1.41156747              -2      5.36971089
       1.5105115              -7      4.57221338
      1.33750889              -7      2.73238588
      1.90579017              -0      6.61892736
      1.42831367              -5      2.07208942
      1.54961221              -0      5.12710478
      1.33110639              -5      2.59704807
      1.42855274              -0      6.33834168
      1.23532504              -0      6.13491707
      1.35668745              -5       3.0121842
      1.31514888              -5      1.52127324
        1.304966              -0      5.52492852
      1.16173327              -0      5.91479023
      1.38629869              -1      5.40623912
      1.29688511              -1      1.12917614
      1.34729728              -6      4.01418208
      1.17945826              -1      5.77635751
      1.92123017              -0      6.62609007
      1.32791179              -4      3.79314642
      1.41569031              -5      2.11507294
      1.34255196              -1      2.79791941
      1.37729343              -9      1.62872575
      1.33695426              -2      2.72455032
      1.39285926              -5      2.18986342
      1.34021019              -5      2.76835604
      1.42550643              -2      2.08193261
      1.76523736              -0      6.54985106
      1.33017668              -4       3.6174665
      1.58816623              -4      4.96222368
      1.34762883              -5      3.36321717
      1.16782843              -2      5.82701768
      1.36022317              -2      4.08797588
      1.24250425              -5      1.24297724
      1.55237935              -4      5.11993581
      1.32853158              -1      3.81281963
      1.22843177              -0      6.12395489
      1.55446777              -4      4.70550514
      1.41253503              -4      4.29221425
      1.34826151              -0      6.26871413
      1.20780915              -7      5.69805785
      1.39704672              -6      2.17603036
      1.41845653              -2      4.31106668
      1.36759604              -9      1.05489637
      1.36661385              -5      2.28401077
      1.82834237              -0      6.58178874
       1.2448302              -9      1.23305877
      1.42314629              -5      1.72168891
      2.48669562              -9     0.600192408
      1.29976278              -5      1.49351247
      1.35786511              -4      3.05151928
       1.3431945              -6      3.98570263
      1.37332947              -5      2.25806414
      1.24439539              -0      5.62427323
      1.35022425              -2      3.32636781
      1.36800509              -6      2.27848025
      1.74669891              -9     0.839422774
      1.33934847              -5      2.42957674
      1.27236609              -4      6.18631517
      1.39831044              -9      2.17188313
      1.56499904              -1       5.0833436
      1.47823144              -7      4.48341125
      1.19711678              -0      6.06452525
      1.35033768              -5      2.89822915
      1.35894163              -5      2.31640307
      1.49027991              -0      5.24735559
      1.33820458              -5      2.74195195
      1.56953658              -2      4.76289404
      1.30201357              -0      6.22122352
      1.54756267              -1      4.68232389
      1.16194848              -0      5.91963952
      1.33320288              -2      3.56168052
      1.38036099              -4      5.41476917
      1.39360019              -4       4.2278659
      1.26279798              -4      5.59212746
      1.45388007              -0      6.35795824
      1.39359457              -7      4.22784568
       1.3778042              -4      4.16744414
      1.74171697              -9     0.841517817
      1.43552132              -5      1.75470641
        1.331445              -2      2.53867653
      1.32721645              -7      3.72870916
      1.37134592              -7      4.14014999
      1.18639891              -7      6.03802912
       2.0431001              -0      6.68018929
      1.35791747              -4      3.16304679
       1.5469102              -6      4.68020051
      1.42885407              -5      1.73611911
      2.24717266              -9     0.666634783
      1.35965335              -9      1.06191531
      1.35663915              -7      3.01089778
      1.87883422              -9      0.78736275
      1.33102065              -4       2.5621587
      1.86155243              -0      6.59797181
      1.24481475              -7      1.35837699
      1.23796818              -5      1.27408585
      1.42884563              -1      4.34303929
      1.33805658              -7       3.4902342
      1.40004688              -9      1.67143479
      1.32731163              -2      3.71541733
      1.47652716              -1      4.47873773
      1.18957059              -0      6.04639684
      1.34266856              -7        3.429066
      1.25083397              -7      5.61275915
      1.28432391              -9      1.46369026
      1.25406503              -0      6.16227143
      1.41559571              -7      4.30202166
      1.35071174              -6      3.31908892
      1.39232434              -7      4.22325476
      1.35076714              -4      2.90432723
      1.87577236              -9     0.788501399
      1.25177661              -9      1.38413931
      1.50392833              -1      4.55391126
       1.3481842              -2      2.86903041
      1.35590531              -7      2.99299866
      1.34412656              -4      2.81752249
      1.29877961              -9      1.12669493
      1.35650683              -5      3.00745291
      1.16444361              -0      5.94823286
      1.26128612              -9      1.18745793
      1.22018323              -4      5.67107915
      1.38876028              -9       1.0372445
      1.32930421              -6      3.83144241
      1.36333747              -4      4.10337813
        1.348349              -1      4.02097712
      1.24109172              -5      1.25014782
      1.26298003              -9      1.41592308
      1.33220677              -2      2.63910642
      1.53296332              -7      4.63685411
      1.21599643              -4      6.10257864
      1.51748992              -1      5.19779023
      1.37120013              -7      4.13951189
      1.33384003              -5      2.48796259
      1.32380794              -9      1.09713204
      1.52846669              -0        5.175631
      1.34340237              -6      3.41947538
      1.42020664              -7      1.71466182
      1.41853928              -9      1.71077972
      1.36738258              -2      2.28094376
      1.18361319              -7      6.03021401
      1.32749546              -4      3.77392942
      1.35635318              -7      3.00358563
      1.39446698              -9      1.66053395
      1.19959056              -0      6.07002667
      1.33113701              -2      2.55304134
      1.16782603              -0      5.82703151
      1.26469627              -9      1.42022394
      1.35475505              -4      2.96914095
      1.24312206              -9      1.35059761
      1.35022089              -1      3.32641749
        1.347174              -7      3.36942952
       1.2422048              -9      1.34594387
      1.32721788              -7      3.72837799
      1.31353532              -0      6.23373722
      1.24569252              -0       5.6219277
      1.37719466              -4      4.16494389
      1.16395199              -0      5.85434467
       1.3280428              -7       3.6755429
      1.35340475              -1      3.27552033
      2.68279852              -9     0.550476578
      1.38525976              -4      2.21549786
      1.24279157              -1      1.34896261
      1.57169895              -6      4.77236204
      1.37360586              -7      4.14991116
      1.21812706              -0      6.10640868
      1.24481274              -9      1.23312688
      1.34511042              -4       3.3970456
      1.42474664              -7      4.33057703
       1.3409272              -2      3.96828536
      1.38196038              -0      5.41247237
      1.49611677              -0      5.23722616
       1.7435155              -0      6.53846192
      1.20705137              -0      6.08558179
      1.34677515              -7      3.37483357
      1.34715578              -7      3.36967725
      1.33403566              -7      2.67823268
      1.35622318              -7      3.21786605
      2.23848692              -0      6.75949123
      1.42587409              -5      2.08065536
      1.16603236              -1      5.83820348
      1.18973815              -0       5.7439757
      1.45693824              -4      1.85540594
      1.44221922              -2      1.77620687
      1.32720501              -1      3.73196908
      1.35716509              -1      3.02591818
      1.33112137              -5      2.55403649
      1.33502901              -4       3.9140637
      1.36647646              -5      2.28456188
       1.4844916              -4      4.50055172
      1.34476056              -1      3.99698196
      1.24032506              -9      1.25461041
      1.33943542              -7      3.95598087
      1.33855216              -6      2.74663894
       1.5532777              -7      5.11755391
      1.32764766              -1      3.78198662
      1.36263413              -0       5.4402269
      1.41546594              -7      5.36401957
       1.2245564              -0      5.66212489
      1.39766618              -9      1.03021445
      1.18897976              -0      6.04487651
      1.45794853              -7      1.91210826
      1.48121459              -0      5.26266441
      1.17308073              -0      5.99471039
      2.00036933              -9     0.744271041
      1.33381802              -7      3.90043184
      1.34367684              -5      2.39768889
      1.35848808              -7      3.09977732
      1.37674425              -4       4.1630868
      1.50463401              -0      4.55586458
       1.3372539              -4      3.50129662
      1.38761697              -2      4.20587038
      1.20619443              -0      6.08386586
      1.33537743              -5      2.46802084
      1.45842332              -9      1.89614642
      1.38157685              -5      2.22826991
      1.37862459              -0      5.41726225
      1.52182521              -0      6.40657926
      1.36327198              -0      5.43930976
       1.4156589              -5      2.11517675
      1.33149346              -2      2.53691802
      1.57723774              -4      4.79910581
      1.37366804              -4      2.25680147
      1.24284643              -4      5.62709218
      1.35456618              -4      4.05796082
      1.40170637              -1      4.25627847
      1.45129852              -5      1.81439716
      1.18142791              -1      6.02372142
      1.57759533              -4       4.8009938
      1.17002488              -0      5.81525222
      1.21940464              -0      5.67270166
      1.45783963              -9       1.9142926
      1.50270039              -4      4.55051649
      1.31748046              -0      5.50608877
      1.34431082              -4       3.4075746
      1.33015696              -7      3.84817965
      1.33937867              -1      2.75758091
      1.60403932              -0      6.45940363
       1.2971174              -9      1.48857427
      1.30503647              -9       1.5031941
      2.21429872              -0      6.75009495
      1.58529053              -0      4.85091528
      1.32469608              -9      1.09617348
      1.34551307              -1      2.83484181
       1.4145886              -5      2.11870925
      1.35774479              -4      3.04637905
      1.39409671              -6      5.39501616
      1.35073374              -7      2.90384896
      1.54517933              -7      5.13811483
      1.57449075              -2      5.04900543
      1.32817248              -7      3.67077896
      1.34347866              -4      3.41847751
      1.69812919              -0      6.51393399
      1.34518387              -1      3.39607483
      1.35202838              -9      1.06888723
      1.22967544              -0      6.12597463
      1.33011016              -4      3.61890599
      1.35419358              -1      3.26117528
      1.35380739              -5      3.26831988
      1.35046672              -1      2.90004982
      1.39032958              -7       4.2159615
      1.35266992              -9      1.06829124
      1.35416573              -2      2.95820301
      1.38507697              -5      2.21612552
      1.34698571              -4      2.85349755
      1.51420275              -7      4.58256901
       1.4516194              -1      4.40948101
      1.35495423              -7      2.97300634
      1.34054455              -2      2.42003389
      1.26092087              -9      1.18824199
      1.18995559              -0      5.74335547
      1.43990608              -0      5.32776404
      1.29586141              -5      1.13053437
      1.34555842              -4      3.39111331
      1.34560721              -4      2.83602427
      1.38967158              -7      4.21353247
      1.38874151              -9      1.03725954
      1.35276381              -4      3.28653756
      1.34289319              -9       1.5690895
      1.33120579              -7      2.60333454
      1.33104927              -1      2.55942152
      1.33506103              -7      3.53278607
      1.57082364              -9     0.921485981
      1.45856511              -1      4.42904138
      1.20794128              -0      6.08734612
      1.35641118              -5      3.21310313
      1.48626754              -7      4.50541071
      1.16270572              -6      5.86757263
      1.21813322              -0      6.10641965
      1.57465169              -7      5.04834065
      1.30287964              -0      5.52810685
      1.47901327              -6      4.48555388
      1.35767588              -5      3.17352447
      1.58786097              -9     0.912654929
      1.33180815              -7      2.52710036
      1.23361035              -0      5.64434692
      1.16146005              -0      5.89591498
      1.16172122              -0       5.9144718
      1.30101735              -0      5.53095389
      1.35474593              -7      2.96896606
      1.75974322              -9     0.833988079
      1.34630236              -4      4.00758014
      1.34618494              -2      2.84330759
      1.36248507              -0      5.44044126
      1.57946056              -4      4.81127077
      1.23771448              -9      1.27754739
         1.25255              -9      1.38661482
      1.20007751              -0       6.0710876
      1.45844669              -7      1.88869131
      1.62102649              -0      6.46966403
      1.16375044              -1      5.94228544
      1.35834789              -7      3.08033291
      2.56939417              -9     0.578781136
      1.34826331              -2      3.35444915
      1.35801231              -5      3.05851395
       1.3477091              -7      4.01686449
      1.37071132              -0      6.28953874
      1.54166641              -9     0.937176831
      1.93425111              -9     0.767227165
      1.21872289              -0       6.1074663
      1.37142246              -5      2.26525089
      1.33106893              -2      2.55778768
      1.36915368              -7      4.13044174
      1.34019367              -5      2.76814382
      1.19328326              -0      6.05559407
      1.34395431              -2      2.39585678
      1.16491827              -0      5.95190897
      1.35597295              -4      6.27600759
      1.16572899              -4      5.95764019
      1.45126789              -6       5.3104515
      1.27687224              -9      1.44816729
      1.33545388              -5      2.70208949
      1.33141412              -5      2.53984505
       1.2050458              -0      5.70448642
      1.58636472              -7      4.86061088
      1.33304744              -6      3.56422857
      1.36382184              -0      6.28327768
       1.3766412              -5      1.62755718
      1.40999209              -0      6.32334223
      1.34358158              -0      6.26421104
      1.48612506              -0      6.38169251
      1.58589921              -4      4.98582065
       1.4122044              -1      2.12654349
       1.6213295              -0      6.46984525
      2.44800666              -4     0.610454786
      1.33834876              -5      2.43812396
      1.33409426              -6       3.5474927
      1.80538576              -9     0.815515638
      2.46385357              -2     0.606231556
      1.45788477              -5      1.91341226
      1.35749308              -5      3.03679197
      1.57781799              -1      5.03443689
      1.25369994              -5      1.39019663
      1.37047701              -4      4.13633138
       1.2392795              -5       1.3273596
      1.44270661              -1      5.32352902
      1.62346088              -9     0.894912879
       1.3309567              -5      2.57569581
      1.33224505              -6      2.64011699
      1.55638678              -0      4.71221492
      1.29393043              -0      6.21212178
      1.16159195              -1      5.91047853
      1.33400158              -1      2.67761287
      1.34829145              -2      2.36949883
      1.24287221              -9      1.24127663
       1.5891652              -0      4.94474875
      1.43044995              -5      1.74037446
      1.16145597              -0      5.89639269
      1.58742084              -6      4.97129393
      1.79579338              -9     0.819330921
      1.32725817              -1      3.75450599
      1.35096292              -1      2.90714543
      1.45980145              -0      5.29719264
      1.24018867              -5      1.33401299
       1.3444651              -5      2.82173908
      1.72061425              -0      6.52621411
      1.52393285              -1      4.61031066
      1.53257703              -2      5.16688871
      1.34848866              -5      2.36838618
      1.33011352              -2      3.61883298
      1.58959098              -4      4.92815881
      1.32861093              -6      3.65653263
      1.38821554              -4      2.20542759
      1.58032235              -0      5.02202547
      1.35309914              -7      4.04966494
       1.4756865              -7      4.47643078
       2.3187414              -7     0.646010321
      1.33170595              -1      3.58738366
      1.32735679              -4      3.71128937
      1.20780439              -0      6.08707587
      1.45039526              -9     0.992328942
      1.53006824              -0      5.17225681
      1.24037934              -5      1.33527916
      1.48829134              -0      6.38324204
      1.24736932              -9       1.3687347
      1.49151197              -7      4.51976456
      1.52415149              -1      4.61094304
      1.34829023              -1      3.35407414
      1.57366956              -4      4.78141106
      1.48927876              -9     0.967534921
       1.5850641              -7      4.84902252
      1.33139013              -1      2.54078106
      1.17614214              -0      5.78857931
      1.32827789              -2      3.66712051
      1.28204019              -2      5.56058974
      1.87147076              -0      6.60272802
       1.4753822              -1      4.47559542
      1.34576532              -4      4.00394141
      1.17254257              -0      5.99251511
      1.28177018              -9      1.15069514
       1.5859912              -0      6.44827597
      1.42283129              -7        4.324688
      1.44857701              -7      4.40082854
      1.57440578              -2      5.04935498
      1.38114894              -9       2.2297723
      1.32784677              -4      3.68345423
      1.24768304              -9      1.22284909
      1.56684415              -1      5.07727441
      1.35520698              -5       2.3336626
      1.50612153              -7      4.55998818
      1.40727858              -1       4.2750274
      1.37096046              -5        2.267012
       1.5821232              -1      5.01200295
      1.57962782              -0      4.81223158
       1.5547303              -4      4.70641538
       1.3323908              -7       3.8825377
      1.36743044              -5      2.28075376
      1.45703587              -5      1.92658581
      1.88351572              -5      0.78562729
       1.5625757              -2      4.73487722
      1.23384361              -0      6.13260765
      1.36262607              -0       5.4402385
      1.35306496              -7      2.93934746
      1.32036335              -0      5.50179732
      1.17228952              -0      5.99146402
      1.53007091              -1      5.17225115
       1.5207095              -7      4.60103796
      1.16391903              -0       5.8546454
      1.23769118              -9      1.31049445
      1.25686579              -0      5.60224329
      1.38621785              -6      4.20058293
      1.16163677              -0      5.91201025
      1.36587934              -6      4.11545676
      1.45293538              -7      4.41320673
      1.53925281              -1       5.1520589
      1.41697162              -7      4.30638607
      1.33420576              -6      2.68128705
      1.45799678              -4      4.42744995
      1.34276886              -4      2.80062417
       1.3272218              -1      3.72752081
      1.45687917              -9      1.92853577
       1.3739857              -9      1.04941476
      1.35830918              -4      3.13961568
      1.33823957              -6      3.94553106
      1.58648635              -7      4.86179881
      1.32802858              -4      3.79738562
      1.33246842              -0      6.25326962
      1.34188107              -4       3.4393611
      1.32906551              -6      3.64377948
      1.16248305              -0       5.9283156
