10 1
0.23251542
1 -1 1 1
         5.989676417 
   0.541515592087397 
0.11214465
1 -1 1 1
         4.065645049 
     1.1045848336003 
0.087565765
1 -1 1 1
         3.424739165 
    1.15151608510798 
0
1 -1 1 1
                   0 
                   0 
0.1186656
1 -1 1 1
         3.812956509 
    1.16532298409852 
0.12744516
1 -1 1 1
          2.23139028 
   0.553467129873118 
0.05203256
1 -1 1 1
         3.805718492 
    1.05245907688256 
0.11800336
1 -1 1 1
         3.868628622 
    1.15652095554388 
0
1 -1 1 1
                   0 
                   0 
0.15162748
1 -1 1 1
         1.195149177 
   0.392048409213212 
