 0.50614 0.00000e+00
 0.51841 2.25599e-03
 0.53068 2.12545e-03
 0.54295 0.00000e+00
 0.55522 1.97669e-03
 0.56750 0.00000e+00
 0.57977 0.00000e+00
 0.59204 1.74246e-03
 0.60431 0.00000e+00
 0.61658 1.62811e-03
 0.62885 0.00000e+00
 0.64113 0.00000e+00
 0.65340 2.96898e-03
 0.66567 2.88567e-03
 0.67794 6.96772e-03
 0.69021 1.33953e-03
 0.70249 2.60274e-03
 0.71476 3.82648e-03
 0.72703 5.00694e-03
 0.73930 3.59531e-03
 0.75157 1.18483e-03
 0.76385 0.00000e+00
 0.77612 1.13156e-03
 0.78839 3.28595e-03
 0.80066 2.15806e-03
 0.81293 0.00000e+00
 0.82520 2.05676e-03
 0.83748 2.01070e-03
 0.84975 3.94368e-03
 0.86202 9.72245e-04
 0.87429 9.41437e-04
 0.88656 9.34669e-04
 0.89884 1.82374e-03
 0.91111 2.70276e-03
 0.92338 3.54654e-03
 0.93565 8.76799e-04
 0.94792 1.72348e-03
 0.96020 8.50799e-03
 0.97247 8.40320e-04
 0.98474 8.24937e-04
 0.99701 4.11069e-03
 1.00928 3.24429e-03
 1.02155 2.41417e-03
 1.03383 1.59256e-03
 1.04610 7.87202e-04
 1.05837 7.81848e-04
 1.07064 0.00000e+00
 1.08291 2.32284e-03
 1.09519 2.30967e-03
 1.10746 0.00000e+00
 1.11973 1.52730e-03
 1.13200 7.60640e-04
 1.14427 2.27405e-03
 1.15655 1.51186e-03
 1.16882 2.26655e-03
 1.18109 7.54642e-04
 1.19336 2.26328e-03
 1.20563 1.50900e-03
 1.21790 2.26691e-03
 1.23018 3.02775e-03
 1.24245 1.51625e-03
 1.25472 2.28051e-03
 1.26699 3.81359e-03
 1.27926 3.83022e-03
 1.29154 3.84782e-03
 1.30381 7.72885e-04
 1.31608 1.55545e-03
 1.32835 0.00000e+00
 1.34062 7.87729e-04
 1.35290 7.92222e-04
 1.36517 7.98402e-04
 1.37744 1.60753e-03
 1.38971 2.42951e-03
 1.40198 1.63931e-03
 1.41425 3.30501e-03
 1.42653 2.50057e-03
 1.43880 0.00000e+00
 1.45107 8.47359e-04
 1.46334 4.29488e-03
 1.47561 8.66891e-04
 1.48789 0.00000e+00
 1.50016 1.77883e-03
 1.51243 8.92084e-04
 1.52470 9.10559e-04
 1.53697 3.66463e-03
 1.54925 9.26582e-04
 1.56152 1.87989e-03
 1.57379 0.00000e+00
 1.58606 9.55057e-04
 1.59833 9.70651e-04
 1.61060 9.82976e-04
 1.62288 0.00000e+00
 1.63515 3.01038e-03
 1.64742 1.02289e-03
 1.65969 3.08708e-03
 1.67196 1.03933e-03
 1.68424 5.25170e-03
 1.69651 1.06044e-03
 1.70878 1.06934e-03
 1.72105 2.17088e-03
 1.73332 1.09546e-03
 1.74560 1.10901e-03
 1.75787 3.34236e-03
 1.77014 3.37116e-03
 1.78241 0.00000e+00
 1.79468 1.14796e-03
 1.80695 0.00000e+00
 1.81923 2.32341e-03
 1.83150 2.33726e-03
 1.84377 2.35206e-03
 1.85604 1.18127e-03
 1.86831 2.37540e-03
 1.88059 2.38666e-03
 1.89286 3.59161e-03
 1.90513 3.60579e-03
 1.91740 3.61448e-03
 1.92967 1.20833e-03
 1.94195 0.00000e+00
 1.95422 2.42644e-03
 1.96649 2.42906e-03
 1.97876 0.00000e+00
 1.99103 3.64641e-03
 2.00330 1.21520e-03
 2.01558 3.64352e-03
 2.02785 0.00000e+00
 2.04012 4.84573e-03
 2.05239 2.41722e-03
 2.06466 2.41351e-03
 2.07694 2.40499e-03
 2.08921 2.40221e-03
 2.10148 2.39166e-03
 2.11375 2.38409e-03
 2.12602 1.18716e-03
 2.13830 7.09344e-03
 2.15057 4.70676e-03
 2.16284 4.68552e-03
 2.17511 2.33505e-03
 2.18738 3.48253e-03
 2.19965 1.15120e-03
 2.21193 2.29474e-03
 2.22420 0.00000e+00
 2.23647 0.00000e+00
 2.24874 0.00000e+00
 2.26101 4.48568e-03
 2.27329 1.11482e-03
 2.28556 0.00000e+00
 2.29783 0.00000e+00
 2.31010 5.47594e-03
 2.32237 1.08741e-03
 2.33465 1.08481e-03
 2.34692 4.30161e-03
 2.35919 3.21014e-03
 2.37146 0.00000e+00
 2.38373 2.10965e-03
 2.39600 1.04996e-03
 2.40828 1.04444e-03
 2.42055 1.03535e-03
 2.43282 2.06681e-03
 2.44509 2.05127e-03
 2.45736 2.03531e-03
 2.46964 1.01259e-03
 2.48191 3.02377e-03
 2.49418 4.00696e-03
 2.50645 1.99347e-03
 2.51872 5.94084e-03
 2.53100 3.93934e-03
 2.54327 0.00000e+00
 2.55554 9.73908e-04
 2.56781 1.93786e-03
 2.58008 0.00000e+00
 2.59235 0.00000e+00
 2.60463 2.86230e-03
 2.61690 9.48109e-04
 2.62917 1.88854e-03
 2.64144 3.75844e-03
 2.65371 1.86939e-03
 2.66599 4.66310e-03
 2.67826 2.78327e-03
 2.69053 3.69509e-03
 2.70280 3.67959e-03
 2.71507 9.14203e-04
 2.72735 0.00000e+00
 2.73962 2.72362e-03
 2.75189 2.71294e-03
 2.76416 3.60273e-03
 2.77643 0.00000e+00
 2.78870 2.68164e-03
 2.80098 8.91938e-04
 2.81325 2.66534e-03
 2.82552 8.86307e-04
 2.83779 1.76157e-03
 2.85006 8.79747e-04
 2.86234 0.00000e+00
 2.87461 3.49140e-03
 2.88688 2.61278e-03
 2.89915 0.00000e+00
 2.91142 1.72953e-03
 2.92370 8.63291e-04
 2.93597 2.57962e-03
 2.94824 2.57532e-03
 2.96051 1.71148e-03
 2.97278 3.41546e-03
 2.98505 8.52629e-04
 2.99733 8.50610e-04
 3.00960 1.69483e-03
 3.02187 2.53810e-03
 3.03414 3.37572e-03
 3.04641 3.36916e-03
 3.05869 8.39807e-04
 3.07096 2.51550e-03
 3.08323 1.67351e-03
 3.09550 3.34295e-03
 3.10777 8.34822e-04
 3.12005 1.66589e-03
 3.13232 4.15548e-03
 3.14459 1.65970e-03
 3.15686 1.65752e-03
 3.16913 0.00000e+00
 3.18140 1.65252e-03
 3.19368 8.24852e-04
 3.20595 8.24360e-04
 3.21822 2.46859e-03
 3.23049 8.22084e-04
 3.24276 3.28558e-03
 3.25504 1.64103e-03
 3.26731 0.00000e+00
 3.27958 8.18966e-04
 3.29185 4.09136e-03
 3.30412 1.63503e-03
 3.31640 0.00000e+00
 3.32867 1.63307e-03
 3.34094 4.08029e-03
 3.35321 1.63118e-03
 3.36548 2.44559e-03
 3.37775 0.00000e+00
 3.39003 2.44398e-03
 3.40230 1.62883e-03
 3.41457 0.00000e+00
 3.42684 4.07056e-03
 3.43911 0.00000e+00
 3.45139 2.44211e-03
 3.46366 1.62817e-03
 3.47593 1.62833e-03
 3.48820 8.14382e-04
 3.50047 1.62888e-03
 3.51275 2.44413e-03
 3.52502 2.44525e-03
 3.53729 2.44655e-03
 3.54956 3.26370e-03
 3.56183 3.26515e-03
 3.57410 3.26795e-03
 3.58638 1.63490e-03
 3.59865 8.18395e-04
 3.61092 2.45711e-03
 3.62319 1.63913e-03
 3.63546 1.64061e-03
 3.64774 2.46423e-03
 3.66001 0.00000e+00
 3.67228 3.29321e-03
 3.68455 3.29683e-03
 3.69682 4.95360e-03
 3.70910 4.13487e-03
 3.72137 3.31089e-03
 3.73364 3.31908e-03
 3.74591 8.30920e-04
 3.75818 2.49877e-03
 3.77045 1.66816e-03
 3.78273 3.34261e-03
 3.79500 6.69641e-03
 3.80727 2.51757e-03
 3.81954 2.52185e-03
 3.83181 1.68447e-03
 3.84409 4.22316e-03
 3.85636 3.38445e-03
 3.86863 8.48130e-04
 3.88090 1.70015e-03
 3.89317 3.41144e-03
 3.90545 8.56185e-04
 3.91772 1.71593e-03
 3.92999 0.00000e+00
 3.94226 0.00000e+00
 3.95453 2.59681e-03
 3.96680 8.68924e-04
 3.97908 0.00000e+00
 3.99135 1.74694e-03
 4.00362 2.63134e-03
 4.01589 8.80148e-04
 4.02816 2.65260e-03
 4.04044 1.77182e-03
 4.05271 1.77928e-03
 4.06498 1.78404e-03
 4.07725 0.00000e+00
 4.08952 3.59749e-03
 4.10180 0.00000e+00
 4.11407 9.05942e-04
 4.12634 0.00000e+00
 4.13861 4.57645e-03
 4.15088 1.83720e-03
 4.16315 1.84459e-03
 4.17543 9.25812e-04
 4.18770 5.58324e-03
 4.19997 9.37251e-04
 4.21224 2.81714e-03
 4.22451 3.77627e-03
 4.23679 1.89536e-03
 4.24906 2.85528e-03
 4.26133 2.87365e-03
 4.27360 1.92427e-03
 4.28587 0.00000e+00
 4.29815 1.94444e-03
 4.31042 9.78864e-04
 4.32269 0.00000e+00
 4.33496 1.97016e-03
 4.34723 0.00000e+00
 4.35950 9.99467e-04
 4.37178 2.00241e-03
 4.38405 1.00641e-03
 4.39632 1.01406e-03
 4.40859 1.01875e-03
 4.42086 2.04244e-03
 4.43314 2.05765e-03
 4.44541 1.03277e-03
 4.45768 2.08089e-03
 4.46995 2.08836e-03
 4.48222 1.05189e-03
 4.49450 3.16433e-03
 4.50677 4.24281e-03
 4.51904 2.12799e-03
 4.53131 1.07061e-03
 4.54358 3.22441e-03
 4.55585 0.00000e+00
 4.56813 0.00000e+00
 4.58040 4.36717e-03
 4.59267 0.00000e+00
 4.60494 5.50855e-03
 4.61721 2.21717e-03
 4.62949 0.00000e+00
 4.64176 1.11466e-03
 4.65403 2.23888e-03
 4.66630 5.61844e-03
 4.67857 2.25488e-03
 4.69085 2.26536e-03
 4.70312 4.54409e-03
 4.71539 2.28310e-03
 4.72766 3.43032e-03
 4.73993 2.29293e-03
 4.75220 2.29904e-03
 4.76448 2.30666e-03
 4.77675 2.31116e-03
 4.78902 4.62962e-03
 4.80129 1.15883e-03
 4.81356 5.80626e-03
 4.82584 3.48691e-03
 4.83811 1.16383e-03
 4.85038 1.16486e-03
 4.86265 4.66150e-03
 4.87492 1.16579e-03
 4.88720 1.16579e-03
 4.89947 1.16562e-03
 4.91174 1.16466e-03
 4.92401 0.00000e+00
 4.93628 2.32543e-03
 4.94855 6.96759e-03
 4.96083 3.47645e-03
 4.97310 0.00000e+00
 4.98537 0.00000e+00
 4.99764 2.30380e-03
 5.00991 0.00000e+00
 5.02219 0.00000e+00
 5.03446 3.42771e-03
 5.04673 2.27673e-03
 5.05900 4.53419e-03
 5.07127 3.39017e-03
 5.08355 0.00000e+00
 5.09582 0.00000e+00
 5.10809 0.00000e+00
 5.12036 2.21813e-03
 5.13263 1.10544e-03
 5.14490 3.28776e-03
 5.15718 1.09019e-03
 5.16945 3.25570e-03
 5.18172 2.15717e-03
 5.19399 2.14908e-03
 5.20626 0.00000e+00
 5.21854 1.06106e-03
 5.23081 5.26473e-03
 5.24308 1.04660e-03
 5.25535 1.04209e-03
 5.26762 2.06475e-03
 5.27990 2.05499e-03
 5.29217 0.00000e+00
 5.30444 2.02642e-03
 5.31671 1.00497e-03
 5.32898 1.00226e-03
 5.34125 1.98767e-03
 5.35353 9.85817e-04
 5.36580 2.93806e-03
 5.37807 9.74078e-04
 5.39034 2.90032e-03
 5.40261 1.92163e-03
 5.41489 1.91273e-03
 5.42716 9.46622e-04
 5.43943 1.87946e-03
 5.45170 1.87340e-03
 5.46397 9.32871e-04
 5.47625 2.77368e-03
 5.48852 2.76133e-03
 5.50079 2.74095e-03
 5.51306 1.81901e-03
 5.52533 4.51972e-03
 5.53760 8.98294e-04
 5.54988 1.79179e-03
 5.56215 8.89704e-04
 5.57442 1.77327e-03
 5.58669 2.65000e-03
 5.59896 2.64146e-03
 5.61124 5.26009e-03
 5.62351 1.74619e-03
 5.63578 5.22439e-03
 5.64805 4.33962e-03
 5.66032 1.73157e-03
 5.67260 1.72718e-03
 5.68487 4.30849e-03
 5.69714 3.44107e-03
 5.70941 1.71769e-03
 5.72168 8.58180e-04
 5.73395 8.57600e-04
 5.74623 1.71392e-03
 5.75850 4.28341e-03
 5.77077 1.71368e-03
 5.78304 2.57132e-03
 5.79531 8.57938e-04
 5.80759 0.00000e+00
 5.81986 2.58156e-03
 5.83213 0.00000e+00
 5.84440 1.72700e-03
 5.85667 8.66220e-04
 5.86895 1.73535e-03
 5.88122 2.61706e-03
 5.89349 1.74779e-03
 5.90576 8.79961e-04
 5.91803 1.76472e-03
 5.93030 8.86471e-04
 5.94258 2.67301e-03
 5.95485 8.98939e-04
 5.96712 0.00000e+00
 5.97939 9.07177e-04
 5.99166 1.82927e-03
 6.00394 2.77087e-03
 6.01621 3.72037e-03
 6.02848 1.87847e-03
 6.04075 1.89507e-03
 6.05302 1.90096e-03
 6.06530 1.92831e-03
 6.07757 9.72519e-04
 6.08984 2.95247e-03
 6.10211 3.98447e-03
 6.11438 1.00942e-03
 6.12665 0.00000e+00
 6.13893 0.00000e+00
 6.15120 1.04407e-03
 6.16347 2.10202e-03
 6.17574 0.00000e+00
 6.18801 2.17640e-03
 6.20029 1.10145e-03
 6.21256 1.11827e-03
 6.22483 0.00000e+00
 6.23710 1.15403e-03
 6.24937 1.16354e-03
 6.26165 1.18305e-03
 6.27392 1.21120e-03
 6.28619 6.18346e-03
 6.29846 6.29718e-03
 6.31073 1.28014e-03
 6.32300 1.29281e-03
 6.33528 0.00000e+00
 6.34755 1.36407e-03
 6.35982 1.39221e-03
 6.37209 0.00000e+00
 6.38436 2.87537e-03
 6.39664 0.00000e+00
 6.40891 0.00000e+00
 6.42118 0.00000e+00
 6.43345 0.00000e+00
 6.44572 1.60504e-03
 6.45800 1.66283e-03
 6.47027 0.00000e+00
 6.48254 3.49767e-03
 6.49481 0.00000e+00
 6.50708 0.00000e+00
 6.51935 1.87785e-03
 6.53163 1.92927e-03
 6.54390 1.97770e-03
 6.55617 4.09040e-03
 6.56844 0.00000e+00
 6.58071 2.15727e-03
 6.59299 4.45759e-03
 6.60526 2.27353e-03
 6.61753 7.03385e-03
 6.62980 0.00000e+00
 6.64207 0.00000e+00
 6.65435 0.00000e+00
 6.66662 0.00000e+00
 6.67889 0.00000e+00
 6.69116 2.90534e-03
 6.70343 2.95587e-03
 6.71570 0.00000e+00
 6.72798 3.17211e-03
 6.74025 0.00000e+00
 6.75252 6.84554e-03
 6.76479 0.00000e+00
 6.77706 7.26480e-03
