# npar = 1, n_ded = 0
#         weight            chi2        param[0]
#                                     alpha_topo
      1.57988625              -2      3.37043866
      1.93695101              -2      4.85179425
      1.62855142              -5      2.96230714
      1.88097179              -0      6.20017056
      1.58236899              -4      3.57870953
      1.63630472              -0      5.68159026
      1.64253217              -0      5.86428036
       1.8354605              -0      6.16001845
      1.60489991              -4      3.78531873
      1.63262871              -5      1.46514341
      1.65133638              -2      3.99800783
      1.61498936              -2      3.03257902
      1.97157818              -7      1.91859773
      1.63687677              -0      5.83843433
      1.66397602              -4      4.04199712
      1.70495048              -6      4.16611791
      1.50253061              -9      1.19315817
      1.70584831              -1      5.47690472
      1.74425231              -7      4.26935073
       1.9420365              -4      2.16408449
      1.77237408              -4      2.52363708
       1.7874655              -5      2.49066015
       1.6047111              -1      3.78414684
       1.6698058              -0      5.94181793
      1.58128706              -4      3.55868358
      2.04672958              -5     0.708139079
      1.73463118              -6      4.24502359
        1.911897              -4      4.70188742
      1.79736895              -2      5.30435214
      1.93893577              -9        1.830478
       2.0013577              -0       6.2907289
      1.65225897              -0       5.6128037
      1.96332076              -7      2.10014916
      1.61229086              -4      3.04816892
       1.7830767              -0       6.1074537
      1.67272126              -4      2.78840824
      1.58547037              -9     0.998058304
      1.77691008              -1      5.34149919
      1.88166588              -2      4.60632092
      1.83377261              -6      5.23658636
      1.76298406              -7      4.31547945
      1.72754195              -4      2.62996892
      1.89752846              -0       4.6530987
      1.76885226              -5      2.53150083
      1.89996443              -1      4.66082388
      1.59777161              -4       3.7374621
      1.75202232              -5      2.57011039
       1.9552662              -5      1.86627192
      2.62998917              -0      6.61163588
      1.59001488              -9      1.41151635
      1.61819952              -2      3.85884323
      1.66126231              -7      4.03284565
      1.74258685              -4      4.26517456
       1.6300674              -4      5.74054333
      1.50413835              -9      1.22066705
      1.59072283              -7       3.6796337
       1.9128713              -0      5.04950723
       1.6434228              -0      5.64618584
      1.60514399              -7      3.09296091
      1.65794587              -0        5.594419
      1.64339736              -2       5.6462943
      1.64041274              -4      3.95671893
       1.5856689              -2      3.62595956
      1.71041882              -5      2.67516575
      2.18119609              -9     0.653541577
      1.59342836              -2      3.70350847
      1.82517158              -1      4.46335542
      1.63909645              -7      3.95149616
      1.58992091              -1      3.67203057
      1.87250525              -0      6.19301108
      1.59296755              -9      1.41550096
      1.92159375              -1      2.21351051
      2.07666792              -9     0.695429352
       1.8393292              -0      5.22582788
      1.72223753              -0      5.44368443
      1.61478935              -7      3.84143027
      1.57866696              -1      3.46724631
       1.9287776              -1      4.77855273
      1.94504292              -5      2.15612711
      1.90389269              -4      4.67369005
      1.69562574              -7      4.13975767
      1.78477982              -6      4.36773685
      1.81908448              -5      2.42452067
      1.93404765              -7      4.81627205
      1.70406326              -0      5.48065144
      1.68444415              -5      2.75073562
      1.78671136              -5      2.49228259
      1.74550885              -0      5.39912457
      1.63320344              -6      5.81518511
      1.97841164              -9       1.9633699
      1.90794411              -9     0.772427383
      1.50265268              -9      1.20027642
      1.51075217              -4      1.13006157
       1.6054127              -4      3.09117006
      1.97056715              -5      1.91424772
       1.5822183              -1      3.57611514
       1.9779202              -7      1.95789755
      1.72177662              -6      2.64484079
      1.62716572              -9     0.955395258
      1.61808079              -1      3.01545838
      1.86453907              -0      5.17449208
      1.70147094              -0      5.48614604
      1.76728281              -9     0.850721335
      1.94687398              -5      2.15115824
      1.70780894              -0      5.47282217
      1.93451634              -7      4.94265323
      1.84302799              -9      1.69394896
      1.58843336              -7       3.2324187
      2.34989293              -0      6.48785434
      1.93349095              -7      4.81140568
      1.63014679              -9      1.46220481
      1.89682307              -4      4.65089427
      1.70599408              -1       6.0082549
      1.62584169              -4      2.97542899
      1.70194453              -4      2.69878366
       1.9559144              -2       2.1248811
      1.66989724              -9     0.918873796
      1.63136543              -5      2.94908855
      1.68424521              -0      5.52462331
      1.66597006              -7      1.50316415
       1.5929989              -5      3.69988122
      1.93887426              -2      2.17221639
       2.2928654              -0      6.45973611
      1.70726288              -6      4.17252119
      1.69065018              -9      1.53004684
      1.70143263              -7      2.70024002
      1.64599912              -0      5.63564042
      1.65303188              -0       5.6101939
      2.10694432              -2     0.682919127
      1.90910001              -1      4.69168167
      1.55759183              -9      1.03331943
      1.52621088              -9       1.0872716
      1.64384666              -7      3.97007804
      1.69247486              -9      0.90154093
       1.6051394              -9      1.43143561
       1.7810138              -7      2.50462314
      1.92233183              -5      1.80078637
       1.5931036              -1      3.70077072
      1.95288358              -1      2.13406407
      2.00972971              -0      6.29640523
      1.70915737              -0      6.01317238
      1.61836169              -9     0.963697234
      1.91033974              -7      5.05790745
      1.86574817              -5      2.33057335
      1.50791999              -9      1.14184592
       1.8048491              -2      4.41520176
      1.58095346              -7      3.34302988
      1.71599059              -5       2.6601105
      3.08137971              -0      6.77820521
      1.85664539              -4      4.54020386
      1.95113849              -5       2.1391664
      1.58188792              -2      3.32382949
       1.7243408              -1      4.21840113
      1.59119818              -1      3.20376398
      1.67865821              -2      4.08919017
      1.88224048              -7      4.60793024
      1.56889933              -9      1.38129055
      1.50443726              -9      1.22318654
      1.72826783              -7      6.04090286
      1.99317685              -0      6.28511692
       1.9259534              -1      4.99728299
      1.63452058              -1      5.69309437
      1.62689918              -9      0.95564204
      1.94826662              -5      2.14731034
      1.93774945              -1      4.88421047
      1.59482953              -4      3.71497429
      1.90649999              -6      5.06998872
      1.60152284              -1      3.76363566
      1.92427923              -1      4.75429095
      1.64756073              -2      5.88258838
      1.86726471              -6      5.16861211
      1.51921282              -9      1.28452354
      1.67291064              -4       5.5524887
      1.87956548              -4      4.60048189
      1.92203997              -1      2.21249566
      1.93749486              -1       4.8650183
      1.62965856              -7      5.75743696
      1.62965381              -0       5.7586346
      1.61191225              -7      3.82604995
      1.57860483              -2      3.45695232
      1.65769911              -6      2.84092716
      1.97553874              -5      2.04288265
      1.98806408              -0      6.28157586
       1.6594571              -9     0.927300056
      1.94265523              -1      2.16246591
      1.58375726              -1       3.2922607
      1.64498307              -6      2.89009016
      1.95316354              -6      2.13323364
      1.71100357              -1      4.18277618
      1.81337069              -0      5.27499949
      1.91682308              -4      4.72105246
      1.67756404              -9     0.912858779
      1.76717933              -5       2.5352607
      1.63734299              -7      2.92225126
      1.73836274              -4      1.58051194
      1.79831132              -4      4.39976539
      1.62656531              -9     0.955951547
      1.93747676              -2      4.86442224
      1.75692174              -7       4.3007034
      1.96557832              -9     0.744530113
      1.97947277              -5      1.98707247
      1.61037356              -5     0.971518645
      1.72099426              -4      6.03071416
      1.85840188              -7      2.34530183
      1.50623586              -9        1.235377
       1.9179585              -1      4.72573209
      1.92515031              -2      2.20535846
      1.73951569              -0      5.41038524
      2.48984587              -0      6.55231406
      1.89830556              -9      1.76415629
      1.82938368              -9      1.67828739
      2.64560881              -0      6.61797558
      1.86142654              -2      5.18111258
      1.79073396              -7      4.38185219
       1.5909097              -1      3.68136728
      1.93176097              -2      4.79796441
      2.11057434              -1     0.681441088
      2.44148832              -0      6.53070066
      1.57911115              -4      3.49712632
      1.80292014              -6      4.41064758
      1.97651213              -6      2.03575691
      1.67764788              -7      4.08605576
      1.72351903              -2      2.64031121
      1.63775952              -9     0.945800143
      1.57238113              -9      1.38651625
      2.13405655              -9     0.671987671
      1.64690859              -1      2.88231936
      2.03943642              -9     0.711289536
      1.82557548              -0      5.25219941
      1.63357685              -1      5.70001321
      1.59624958              -2       3.1586252
      1.70671135              -7      2.68538719
      1.96048783              -4      1.88018643
      1.67930105              -5      2.76694671
      1.70850361              -7      2.68042496
      1.93759744              -7      4.89555508
      1.64655989              -2      2.88371731
      1.71479978              -2      2.66329835
      1.58143331              -4       3.3327779
      1.62232919              -9     0.959916778
      1.59527258              -5      3.71849063
      1.54574563              -9      1.34302064
      1.93958909              -5      2.17039778
       1.9335606              -4      4.81199709
      2.00766497              -9       0.7252789
       1.5914244              -7      3.68607232
       1.6130539              -6      3.04369547
      1.87482452              -7      2.31229991
      1.58393673              -1      3.60305138
      1.82557562              -4      4.46431913
       1.5026384              -9      1.19981211
      1.72048291              -6      4.20823655
      1.90249856              -5      1.77016433
      1.60460502              -5      3.78348642
      1.93677925              -0       4.9154699
      1.86025301              -9     0.797109334
      1.58090429              -2      3.55062988
      1.53825201              -9      1.06372288
      1.90011716              -5      2.26030304
      1.64798199              -7      2.87804147
      1.62977208              -0      5.77006523
      1.58050825              -2      3.35351044
      1.88753439              -4      4.62302203
      1.58210429              -1      3.57411521
      1.83493356              -1      4.48676018
      1.52829944              -5      1.08280567
      1.73994614              -1      5.40957227
      1.87240378              -9     0.790666493
      1.61141578              -1      3.82332559
      1.81204575              -4      2.43897176
      1.72891773              -5      4.23032614
      1.97452959              -2      2.04943658
      2.00003337              -0      6.28982486
      1.67591978              -0      5.54483568
      1.79748931              -9     0.832361361
      1.88732908              -1       4.6224272
      1.58471667              -1      3.61377907
      1.63072874              -0      5.72870669
      1.74324115              -0      5.40337114
      1.76040319              -4      5.37157877
      1.57877096              -7      3.47718247
       2.5531906              -4      6.57969924
      1.85138969              -9      1.70378843
      1.58130435              -2      3.33544308
      1.78973024              -2      2.48580256
      1.64940232              -0      5.88860888
      1.68032434              -9     0.910726835
      1.58254259              -1      3.58163344
      1.85617205              -4      5.19208245
      1.64736687              -0      5.88193631
      1.63490002              -9      1.46781724
      1.60954099              -1      3.81283553
      1.93338418              -7       2.1858457
      1.93312617              -0      4.95440541
      1.60565986              -4       3.7899912
      1.61319343              -1      3.04288315
      1.62595307              -2      2.97488161
      1.58128616              -5       3.3358242
      1.91798999              -4       5.0311832
      1.58217426              -7      3.57534653
      1.62586214              -9     0.956604815
      1.69276426              -0      5.98642445
      1.59924028              -7      3.13497122
      1.62856045              -4      2.96226411
      1.57926052              -4      3.39233515
      1.59853839              -9      1.42288695
      1.68213191              -5     0.909340059
       1.8327377              -0      6.15747409
       1.6085368              -7      3.07099882
      1.72645956              -7      2.63273601
      1.66185356              -5     0.925340681
      1.60506516              -7      3.09348809
      1.59502117              -2      3.71650135
      1.66244055              -1      4.03683724
      1.90916201              -2      5.06169175
      1.51556524              -9      1.27362238
      1.90134946              -1      4.66529932
      1.71433806              -6      4.19181508
       1.5206239              -9      1.28843211
      1.75542488              -7       4.2970343
      1.90470166              -4      4.67640954
      1.64228078              -0        5.863275
      1.78930146              -4      5.31901958
      2.09481865              -4      6.35072844
       1.5808962              -7      3.34431955
      1.65332344              -0      5.60921939
      1.70214037              -0      5.48472088
      1.92718577              -4      4.76943968
      1.62989416              -7      5.74511521
      1.61641551              -2      3.84983747
      2.59793718              -9     0.512918504
      2.00347454              -9     0.727157549
       1.6457452              -0      5.63664411
      1.85497007              -7       2.3521738
      1.97855427              -5      2.01540633
      1.65668118              -4      4.01704688
      1.77150918              -4      2.52556195
      2.27176733              -9     0.619862707
       1.5954269              -1      3.71970386
      1.58984877              -1      3.67133303
      1.59314728              -4      3.18542526
      1.67708884              -7      5.54191636
      1.61940721              -9     0.962694549
      1.61685015              -9     0.965155191
      1.87389675              -6      4.58503574
      1.55920325              -2          1.3661
      1.91664548              -0       4.7203304
      1.61005866              -6      3.81576499
      1.63496464              -0      5.69006415
       1.9209735              -5      4.73875756
      1.73106063              -7      2.62105029
      1.61689533              -1      3.02193573
      1.67736326              -6      4.08517001
      1.63359348              -0      5.69988475
      1.57864349              -2      3.46416355
      1.93238529              -9      1.81817991
      1.73263663              -0      6.04683285
      1.58953806              -4      3.22054013
      1.57200555              -9      1.01416244
      1.61365205              -7       3.0402253
      1.93774588              -7      4.87943211
      1.75808305              -0      5.37583675
      1.87033506              -2      4.57553751
      1.58370387              -1      3.29307464
      1.63188695              -0      5.71485148
      1.59808035              -1      3.14392377
      1.68148794              -4      5.53117574
      1.97872957              -5      2.01287275
      1.93474299              -0      4.94051037
      1.60499835              -1      3.78592801
      1.59881658              -7      3.13821088
      1.58881099              -9     0.994277682
      1.70258222              -0      6.00282919
      1.52672214              -9      1.30387741
       1.5803874              -7      3.53858535
      1.60683255              -4      3.79706697
      1.50436217              -9      1.16286522
      1.65791796              -0      5.91323879
      1.63348096              -4      2.93940588
       2.0228622              -9     0.718532356
      1.59891369              -5      3.13746536
      1.93095229              -4      4.79232382
      1.51534662              -7      1.27292549
       1.8938793              -5      1.75795497
      1.69629969              -9      1.53609957
      1.73484834              -6      4.24557833
      1.63631778              -0      5.68151194
      1.89240724              -2      1.75592244
      1.82989449              -4       5.2440081
      1.67262782              -1      2.78871921
      1.76871993              -4      2.53179767
      1.62491633              -5      2.98000406
      1.81310738              -5      1.66012055
      1.90119798              -2      4.66480674
      1.64198726              -0      5.65245979
      1.61784154              -7      3.01675714
      1.57868436              -4      3.42716407
      1.73003286              -4      4.23321067
      1.71497285              -0      6.02195096
      1.77003595              -0       6.0929406
       1.8930391              -7      2.27508574
      1.95298846              -2      2.13375336
      1.70196254              -4      4.15776799
      1.60623935              -5       3.0857185
      1.90876258              -1      4.69047834
      1.72213539              -0      5.44388581
      1.77216814              -2      2.52409502
      1.63032066              -0      5.78398229
      1.50571011              -9       1.2321933
      1.93065107              -1      4.79030445
      1.58094934              -7      3.34312228
      1.73869246              -6      4.25535358
      1.60703848              -2      3.79829334
      1.60620201              -4      3.79328222
      1.65402755              -6      4.00768013
      1.84517296              -4      4.51166611
      1.65431206              -4      4.00869233
      1.85695039              -0      4.54097407
      1.71954302              -1      4.20574368
      1.65646863              -0       5.9093522
      1.65710622              -5      2.84311403
      1.80739707              -9     0.826554003
      1.66910211              -1      4.05889674
      1.75619964              -9     0.857729285
       1.5880929              -1      3.65357301
      1.57702173              -9       1.0079882
      1.83496132              -9       1.6846359
      1.57906726              -1      3.49503793
      1.86522251              -0      6.18674662
      1.58360635              -2      3.29457249
      1.95746715              -7      1.87193186
      1.68918492              -2      2.73619572
      1.65402354              -0      5.60690091
      1.59385415              -5      3.17908292
      1.95093564              -5      1.85584271
      1.80698341              -5      1.65340266
      1.63790683              -0      5.67246929
      1.59056236              -2      3.67813375
      1.57872766              -1       3.4228444
      1.60306884              -9      1.42877641
      1.92681624              -4      4.76741661
      1.61568902              -4       3.8461057
      1.52261378              -9      1.29370777
      1.52270584              -9      1.29394575
      1.77639173              -1      2.51474785
      1.51260183              -9      1.26363556
      1.65281734              -0      5.61091441
      1.63200585              -4      3.92228172
       1.5800004              -4      3.36707118
      1.91153714              -6      4.70054991
      1.86514802              -9      1.72046666
      1.92309965              -0      4.74857181
      1.59399914              -1      3.70824512
      1.70540877              -4      2.68901883
      1.53298651              -9      1.31795066
      1.67948174              -2      4.09173378
      1.66387283              -0      5.57690218
      1.62531897              -2      3.89279963
      1.71422982              -4      4.19152313
      1.86662203              -0      5.17000582
      2.59336188              -0       6.5965676
       1.8522011              -5      2.35771764
      1.86056658              -9      0.79694165
      1.81724497              -9      0.82087807
      1.58081314              -1      3.54861382
      1.58696275              -9     0.996359767
       2.1152376              -0      6.36296926
      1.60109276              -2      3.12119117
      1.68162683              -0      5.53084254
      1.83446547              -0      5.23525322
      1.59265978              -1      3.69697664
      1.88819446              -0      5.12013163
      1.93446551              -2      2.18320531
      1.50814242              -5      1.24537945
      2.25749811              -0      6.44166236
      1.90216655              -9      1.76968358
      1.71485853              -0      5.45840141
      1.78123847              -0      6.10544847
      1.97251599              -9      2.06086847
      1.72074886              -7      2.64752717
      1.66159636              -2       4.0339802
      1.93446874              -7       4.8201917
      1.66651748              -6      4.05043688
       1.6695225              -0      5.94119297
      1.64842889              -0      5.88546474
       1.6225456              -2      2.99195772
      1.73118383              -4      4.23617965
      1.57859618              -6      3.45425182
      2.11001323              -9     0.681669259
      1.64499891              -0      5.63963676
       1.6300615              -0      5.77874206
      1.82957778              -1       4.4738865
      1.88753494              -4      5.12177206
      1.67780627              -0      5.95859767
      1.58048752              -1      3.54104399
       1.5892925              -7      3.22312691
      1.58466239              -1      3.61305613
      1.83028042              -5      1.67930341
      1.71464005              -0      6.02145726
      1.96170394              -1      1.88369609
      1.66236858              -1      5.58121607
      1.64801324              -7      3.98580771
      1.54507578              -2      1.05219865
      1.72315019              -7      4.21527556
      1.93606383              -0      4.83792144
      1.50569998              -9      1.23212952
      1.66749027              -0      5.93664005
      1.93546975              -6      4.93302608
      1.83952328              -2      1.68988253
        1.700332              -4       4.1531739
      1.62606174              -5      2.97434825
      1.78591172              -5      2.49400566
      1.83311723              -9      1.68252918
      1.58301845              -6      3.58932608
      1.69745976              -0      5.99442594
      1.93452833              -0      4.94254174
      1.89289813              -1      4.63887056
       1.8707006              -0      5.16108071
      1.59772545              -7      3.73712391
      1.62966167              -0      5.75691199
      1.69170124              -9      0.90211652
      1.71699909              -7      2.65742306
      1.75648103              -0      6.07707913
       3.0670485              -0      6.77335882
      2.02063332              -9     0.719515398
      1.63488857              -1      5.69057439
      1.79372417              -0       6.1188267
       1.6654523              -2      2.81316099
      1.87594272              -7      5.14930543
      1.59679542              -5      3.15416416
      1.83598136              -1       5.2323284
      1.80726835              -5      2.44885732
      1.73704408              -5      2.60614222
      1.72684536              -7      4.22494406
      1.73330267              -0      6.04772516
      1.58463338              -4      3.27945324
      1.77659536              -9     0.844950003
      1.56798794              -9      1.01927638
      1.56568452              -9      1.02228198
      1.59791471              -4      3.73850781
      1.72231818              -1       6.0325997
      1.87291306              -4      4.58239762
      1.89762936              -9      2.26552574
      1.95967161              -4      2.11281264
      1.66998776              -2      2.79758139
      1.64858561              -6      2.87565237
      1.58720366              -2      3.64392279
       1.7125358              -2      2.66940335
      1.85269218              -5       2.3567344
      1.62092731              -9     0.961245023
      1.97603792              -2      2.03934778
      1.77426055              -9     0.846387277
      1.61233007              -4      3.04793775
      1.71141079              -4       4.1838851
       1.8436177              -4      5.21741133
      1.97310778              -4      2.05768884
      1.94364168              -5       2.1598654
      1.85856622              -0      5.18711466
      1.51233389              -9      1.26266682
      1.81183948              -9      1.65872496
      1.91277417              -7      4.70518022
      1.64970124              -0      5.88955817
      1.67105855              -7      4.06522142
      1.61636778              -4      3.84959345
      1.68692871              -0      5.97603055
      1.70347596              -2      2.69444761
      1.91626614              -0      5.03758214
      2.04116756              -0       6.3171547
      1.60202263              -6      3.11449363
      1.83823252              -2      2.38573167
      1.77007934              -7      4.33262126
      1.73642069              -7      2.60768082
      1.57935506              -1      3.50738779
      1.90019789              -5      2.26013304
      2.15218929              -9     0.664811014
      1.63746697              -0      5.67488267
      1.63187108              -5      2.94675493
      1.68733186              -5      2.74183483
      1.73523721              -6        4.246571
      1.58754627              -2      3.64769956
       1.5514335              -9      1.35310939
      1.63951094              -2      2.91289716
      1.74675563              -0      6.06513947
      1.93490436              -7      4.82451181
      1.77006241              -0       5.3539423
       2.4662826              -0      6.54186304
      1.93723222              -4      4.85773741
      1.83613938              -0      5.23202286
       1.6480797              -1      2.87765391
      1.97595517              -0      6.27308192
      1.95003731              -1      2.14232428
      1.91776072              -0      4.72490882
      1.60582771              -7      3.79101382
      1.52291793              -2      1.29449211
      1.76717576              -9      1.61078244
      1.58791091              -4      3.23826785
      1.76854363              -7      4.32892359
       1.7166194              -1      2.65843354
      1.86606405              -9     0.794014147
       1.6683351              -9      1.50577746
      1.81659332              -7       4.4429685
      1.70809395              -9       1.5486474
      1.70025922              -5      2.70359168
      1.88157439              -4      4.60606518
       1.6296524              -0      5.75948622
      2.46576891              -5     0.553981181
      1.93016924              -1      4.78715602
      2.50974005              -0      6.56102335
      1.58298444              -4      3.30448384
      1.74266325              -5      4.26536643
      1.58106102              -4      3.55400411
      1.62159144              -4      3.87539167
      1.56288483              -9      1.37198755
      1.64115801              -0      5.65623935
      1.57330449              -9      1.38788402
      1.57872214              -1      3.42335388
      1.57865289              -1       3.4309637
      1.80245029              -1      2.45889817
      1.58524137              -9      1.40496299
       1.5808807              -6      3.55011221
      1.62432335              -1      3.88822408
      1.58642184              -4      3.25589944
      1.63112323              -4      5.79558873
      1.75455827              -9      1.59750369
      1.66748029              -0      5.56687058
        1.591898              -9     0.990851075
      1.59759663              -5      3.14773726
      1.69978058              -1      2.70496422
      1.70054134              -6      1.54062482
      1.63189309              -2      2.94665365
      1.72092303              -7      1.56219403
      1.97733233              -5      1.95240698
      1.96036066              -9       2.1105012
      1.96274222              -5      1.88679013
      1.58609435              -4      3.63112625
      1.78715339              -9      1.63198647
      1.60650109              -2      3.79508303
      1.69854675              -7      4.14811249
      2.57819722              -0      6.59024303
      1.71678346              -9     0.884039425
      1.58778864              -6      3.23966019
      1.57783498              -5      1.00700776
      1.60600219              -5      3.08727374
      2.01393171              -5     0.722484359
      1.61419513              -2      3.83830837
      1.51381074              -9      1.26785997
      1.78381352              -7      4.36544147
      1.61729323              -7      3.85429574
      1.57902086              -1      3.49272242
      1.80124658              -5      2.46141869
       1.6934093              -4      1.53300673
      1.50258322              -5      1.19763612
      1.97876797              -5       2.0122804
       1.6415043              -2      1.47551311
        1.666903              -7      2.80812733
      1.71663831              -0        5.454819
      1.67015158              -9      1.50777859
      1.78659987              -0      5.32392206
      1.64617384              -4      5.63495393
      1.59179542              -1      3.19800212
      1.51329815              -9      1.26609669
      1.94141851              -9       1.8353872
      1.59502888              -9      1.41825338
      1.68440717              -0      5.52424239
      1.60004245              -5      3.12892946
      2.14905745              -0       6.3826654
      1.94617673              -9       1.8452534
      1.58932797              -7       3.6662262
      1.81085314              -0      4.42938437
      1.50658881              -9      1.14849472
      1.96868265              -5      2.07903932
       1.8875777              -9     0.782772877
      1.63929746              -0      5.66521444
       1.5798149              -2      3.52294586
      1.58506249              -1      3.61830894
      1.63177333              -5      1.46413266
      1.57458144              -9      1.38976364
      2.00123123              -7      6.29064264
      1.59912491              -4       3.7471926
      1.69089253              -0      5.50931864
      1.65622621              -4      2.84637754
      1.93317636              -4       4.9540149
       1.9503327              -4      2.14148164
      1.69560502              -1      4.13969806
      1.67955435              -1      2.76613711
      1.60667068              -2      3.79609965
      1.68133283              -4      2.76048596
      1.62991738              -0       5.7750567
      1.79757448              -0      5.30397768
      1.76510337              -0      6.08726635
      1.89094575              -9      1.75391852
      1.70073294              -0      5.48772237
      1.81732938              -1      2.42811234
      1.59160933              -9     0.991168868
      1.64687718              -0      5.63222346
      1.58049714              -7      3.35378656
      1.93188467              -1       4.9634658
      2.85089592              -0      6.69707393
      1.57859392              -1      3.45331129
      1.64054756              -4      3.95725059
      1.96673121              -9     0.743990979
      1.57936923              -1      3.38796511
      1.93349912              -0      4.95145044
      1.69583647              -7      4.14036354
      1.85750198              -7      2.34710408
      1.80956485              -0      5.28202506
      1.93197049              -0      4.96287242
      1.59485776              -2      3.71519981
      1.77940851              -0      5.33696579
      1.68226261              -5      2.75755431
      1.79410626              -1      2.47647689
      1.92760328              -0      6.23750067
      1.58036797              -2      3.53810035
      3.00658556              -0      6.75263983
      1.67113446              -4      2.79371404
      1.96880705              -5      2.07850056
      1.79287502              -4      2.47909296
      2.63374292              -0      6.61316406
       1.9468075              -6      1.84661191
      1.72126352              -7      5.44560731
      1.72073238              -7      4.20889711
      1.82291878              -5      1.67101197
      1.59470448              -2      3.71397265
      1.88100334              -1      4.60447179
      1.69730796              -2      5.49511245
      1.59755231              -4      3.73585148
       1.9794859              -4      1.98984233
      1.57907058              -1      3.40091715
      1.76414029              -1      5.36473986
        2.177639              -9     0.654910041
      1.69685746              -9      1.53669552
      1.97651523              -5      2.03573254
      1.60873343              -7      3.80821327
      1.91862281              -7      5.02876753
      1.50388095              -9       1.2183048
      1.50362291              -9      1.16958949
      1.58273925              -4      3.30858103
      1.73861671              -2      2.60227538
       1.5841497              -4      3.28640068
      1.82281995              -2      4.45775321
      1.96787493              -5      1.90376745
      1.72704514              -7      4.22546414
      1.84239373              -2      4.50486157
      1.60324765              -4       3.7749069
      1.61549537              -7      3.02972491
      1.69637248              -7      4.14190238
      1.75790836              -5      2.55640102
      1.59966792              -6      3.13173569
      1.96759275              -4      2.08364732
      1.60155371              -1      3.76384123
      1.50737558              -9      1.14445105
      1.92911693              -1      4.78058962
      3.02294056              -0      6.75828861
      1.97899549              -9       1.9719715
      1.62907796              -4      3.90962701
      1.74723796              -7      4.27680348
      1.62965931              -0      5.75730048
      1.52321605              -5      1.29525565
      1.96989788              -5      1.91150601
      1.66829548              -4      4.05626949
      1.78914983              -4      1.63412294
       1.6648652              -9     0.922899951
      1.63500897              -0       5.6897685
      1.65286878              -9     0.932768403
      1.63221007              -9      1.46464899
      2.14570108              -0      6.38074128
      1.81467356              -2      4.43842155
      1.87613218              -7      5.14887285
      1.64183009              -0      5.65316682
      1.57953615              -1      3.51396411
      1.63030549              -6      3.91497832
      1.58017024              -1      3.36230149
      1.77328988              -5      2.52160332
      1.58137959              -7      3.56054114
       1.6587394              -0      5.59198794
      1.61666196              -6      3.85109474
      1.84166083              -2      4.50307311
      1.76997947              -0      6.09287623
      1.96388221              -5      1.89030173
      1.85125552              -5      2.35961098
      1.63364608              -6       5.6994801
      1.53293945              -9      1.31785019
      1.55549575              -9      1.03631315
      1.59594591              -9       1.4194704
      1.71371605              -5      2.66621338
      1.84625486              -4      4.51432521
      1.63007745              -0      5.77910621
      1.94801868              -5      2.14799998
      1.87551889              -9      1.73352238
      1.80584059              -6      4.41754285
      1.63464532              -0      5.82534015
      1.90172272              -6      4.66651641
      1.59194067              -7      3.69069338
      1.61671465              -1      3.02293237
      1.65612109              -0      5.60012476
      1.63332176              -9     0.949770186
      1.93262949              -5      2.18767676
      1.61450998              -7       3.0353025
      1.76590053              -4       5.3615259
      2.60568054              -0      6.60166771
      1.83710436              -4       4.4920051
      1.57905084              -4      3.40189902
      1.87574458              -1      5.14975729
      1.79685899              -7      2.47064931
      1.93429586              -1       4.9446664
      1.77737115              -1      2.51259354
      1.81392821              -5      1.66102541
      1.71176943              -1      4.18486056
      2.14972463              -9      0.66578038
      1.58478756              -6      3.61471825
      1.87686628              -5      2.30817111
      1.85728781              -7      2.34753297
      1.60380993              -6      3.10199446
       1.5147938              -9       1.1164176
       1.7535399              -4       2.5665531
      1.83310286              -4      2.39606395
      1.87151777              -4       4.5786753
      1.51030376              -9       1.2548673
      1.58008086              -2      3.53059017
      1.93033568              -0      4.78823269
      1.58735497              -7      3.24467417
      1.63858355              -1      2.91687534
      1.91131305              -7      4.69972082
      1.92108413              -7      4.73925414
      1.87503686              -2      2.31187091
      1.66383977              -0      5.92812796
      1.63330468              -2      2.94020472
      1.64961432              -0       5.6220505
      1.78113895              -2      2.50435044
      1.72399853              -9     0.879045983
      1.66583817              -2      2.81181734
      1.51823248              -5      1.28171541
      1.64284429              -0      5.64867588
      1.96951329              -5      1.90997472
      1.90830637              -6      5.06439597
      1.75042782              -1      5.38996643
      1.72949113              -1      5.42953113
      1.58931896              -2      3.22284669
      1.70871773              -0      6.01249518
      1.51701613              -9      1.27811307
       1.5794554              -4      3.38471206
      1.59100021              -1        3.682202
      1.65011195              -4       3.9935466
      1.74893198              -0      6.06785548
      1.50252986              -9      1.19268165
      1.72218347              -2      2.64378036
      1.64073035              -0      5.85683184
      1.61682245              -7       3.8519112
      1.59237719              -1      3.69452806
      1.68808594              -0      5.51570123
      1.69464348              -5       2.7198984
      1.70915422              -5      2.67863338
      1.93581436              -1      6.24374659
       1.6636545              -7      2.81946721
      2.02101657              -0      6.30395489
      1.70610157              -0      6.00842374
      1.68458801              -7      2.75028885
      1.67878356              -4      2.76860439
      1.96305204              -9       2.1011201
      1.50283451              -9      1.18039526
      1.57866223              -7      3.42975462
      1.93735023              -1        4.860706
      1.61871575              -9      1.44842228
      1.90057805              -6       4.6627989
      1.58962971              -9     0.993362775
      1.73381312              -0      6.04840697
      1.91098812              -1      5.05579178
      1.97925694              -4      2.00255757
      1.83721303              -4      2.38778252
      1.97947723              -1      1.99248814
       1.5249029              -2      1.09017234
      1.92556465              -7      4.99916044
      1.62654524              -1      3.89836506
      1.77671614              -0      6.10045997
      1.50450934              -9      1.16170356
      1.66096531              -1      4.03183496
      1.60772064              -4      3.07615807
       1.8438794              -7      4.50849445
      1.58370849              -6      3.29300401
      1.96377836              -9      0.74537323
      1.60259918              -1      3.77071977
      1.63334252              -5      2.94003312
      1.61071241              -1      3.81942819
      1.58571354              -9      1.40561765
      1.50584812              -9       1.2330525
      1.96743904              -9       1.9021928
      1.86751799              -5      1.72341002
      1.57292059              -9      1.01301931
      1.61962495              -2      3.86588553
      1.83621827              -7      4.48986214
      2.53833163              -9     0.531106435
      1.91944775              -6      4.73204919
      1.63247229              -0      5.70923696
      1.69572515              -1      4.14004354
       1.6923668              -0      5.50600875
      1.88458935              -1      5.12899232
      2.33665695              -0      6.48143423
      1.66046005              -0      5.91981252
      1.62324067              -9     0.959057498
      1.64575074              -0      5.63662211
      1.97204758              -1      2.06329813
      1.68656609              -5      2.74418157
      1.58643572              -4      3.63516298
      1.93138631              -0      4.96682878
      1.83970299              -1      4.49830698
      1.89781992              -2      2.26512678
      1.93608564              -9      1.82501817
      2.01041032              -9     0.724052466
      1.86814272              -4      2.32576294
      1.60707888              -7      3.79853338
      2.93874328              -0      6.72883912
      1.87667747              -5      2.30855326
      1.85257732              -0      4.52999238
      1.53105855              -9      1.07718261
      1.81623296              -1      5.26969219
      1.90589536              -4      5.07182742
      2.04879901              -9     0.707249113
      1.85585992              -7      4.53822342
      1.68556649              -7      4.11022915
      1.57974608              -2      3.52083381
      2.86813898              -0        6.703398
      1.61339154              -1      3.83404217
      1.78181407              -9     0.841760285
      1.89613099              -0      6.21267863
      1.65977232              -0      5.58886601
      1.75143568              -0      5.38809822
      1.60152696              -2       3.7636631
      1.78078858              -0      6.10495575
      1.61948727              -2      3.00790732
      1.95244643              -0      6.25613333
      1.93487707              -0      4.82423216
       1.8274708              -0      6.15250074
      1.50399315              -9       1.1660047
      2.11915525              -9     0.677965163
      1.85630302              -0      5.19181197
      1.88781169              -9      1.74966643
      2.01345848              -0      6.29891223
      1.78632088              -6      4.37139466
      1.93422304              -4      4.81787712
      1.52079765              -9      1.09989288
      1.87295231              -4      2.31607916
      1.66418219              -0      5.57602504
      1.62224058              -4      3.87847898
      1.60836052              -4      3.07210685
      1.50983299              -9       1.2529224
      1.97358329              -9      1.92816559
      1.52281787              -9      1.09498292
      1.77501487              -5      2.51778468
       1.6850249              -0      5.52279348
      1.69243568              -0       5.5058548
      1.91501079              -4      5.04208916
      1.60976313              -2      3.06338344
       1.7498047              -7      5.39112279
      1.62759516              -5      2.96689215
      1.65094846              -0      5.61732142
      1.94178253              -5      2.16474615
       1.5102582              -9       1.2546816
      1.90744424              -0      5.06708431
      2.03131957              -0      6.31074726
      1.64876903              -7      2.87492871
      1.93390363              -4      4.81498116
      1.78710079              -9      1.63193023
      2.01969186              -0      6.30307478
      1.81708008              -5      2.42862311
      1.58732377              -2      3.24503963
      1.65713349              -0      5.59693872
       1.5191277              -9      1.28428286
      1.82782751              -6      2.40672968
      1.81618589              -7      5.26977965
      1.59535545              -1      3.71914286
       1.5787324              -7        3.473953
      1.62456002              -2      3.88931647
      2.33964717              -9     0.595936807
      1.58117308              -2      3.55635004
      1.51460521              -9      1.11699763
      1.63453001              -1      5.82458863
      1.63828777              -0       5.8456514
      1.50673264              -9      1.23818745
      1.58662409              -4      3.25341228
      1.70462816              -7      2.69120557
      1.50457545              -9      1.16119596
      1.71138107              -7      4.18380422
      1.63140479              -0      5.72004496
      1.64765917              -4      5.62924664
      1.78425181              -2      2.49759156
      1.58159188              -6      3.56468718
      1.57937369              -4       3.5080985
      2.01110481              -0      6.29733126
      1.95394422              -9     0.750009978
       1.9675821              -5      2.08369143
      1.76246773              -9     0.853746829
      1.59313122              -6      3.70100482
      1.56760098              -9      1.01977743
      1.60399701              -4      3.10071299
      1.72389808              -5      1.56532462
      1.71590468              -5      2.66033997
      1.60881093              -7      3.80865967
      1.96638074              -9      1.89848672
      2.41447665              -0      6.51833763
      1.84649804              -0       4.5149237
