10 1
0.20615899
1 -1 1 1
         5.870911215 
   0.547098975458251 
0.11231101
1 -1 1 1
         3.955326363 
    1.09913175670136 
0.090817895
1 -1 1 1
          3.36845743 
    1.12144428274775 
0
1 -1 1 1
                   0 
                   0 
0.12057566
1 -1 1 1
         3.731146235 
    1.14124228619755 
0.1047129
1 -1 1 1
         2.359505374 
   0.713336739956478 
0.054464396
1 -1 1 1
         3.698785577 
    0.93782788458856 
0.1195595
1 -1 1 1
         3.782347082 
    1.13480970547852 
0
1 -1 1 1
                   0 
                   0 
0.19139965
1 -1 1 1
         1.127401569 
   0.427939967587756 
