 0.50614 0.00000e+00
 0.51841 0.00000e+00
 0.53068 0.00000e+00
 0.54295 0.00000e+00
 0.55522 0.00000e+00
 0.56750 2.57316e-03
 0.57977 4.87998e-03
 0.59204 0.00000e+00
 0.60431 0.00000e+00
 0.61658 1.08298e-02
 0.62885 2.12690e-03
 0.64113 2.01828e-03
 0.65340 0.00000e+00
 0.66567 3.76780e-03
 0.67794 0.00000e+00
 0.69021 1.77076e-03
 0.70249 1.72711e-03
 0.71476 5.02835e-03
 0.72703 4.82028e-03
 0.73930 1.58723e-03
 0.75157 3.01476e-03
 0.76385 2.95555e-03
 0.77612 0.00000e+00
 0.78839 0.00000e+00
 0.80066 4.11136e-03
 0.81293 1.31975e-03
 0.82520 1.30676e-03
 0.83748 2.55306e-03
 0.84975 2.47726e-03
 0.86202 1.22587e-03
 0.87429 1.19346e-03
 0.88656 2.34124e-03
 0.89884 0.00000e+00
 0.91111 4.46701e-03
 0.92338 3.31284e-03
 0.93565 1.07714e-03
 0.94792 2.11641e-03
 0.96020 0.00000e+00
 0.97247 2.05787e-03
 0.98474 2.02704e-03
 0.99701 1.99985e-03
 1.00928 5.91713e-03
 1.02155 0.00000e+00
 1.03383 0.00000e+00
 1.04610 2.85327e-03
 1.05837 1.87901e-03
 1.07064 1.86714e-03
 1.08291 3.68781e-03
 1.09519 9.12728e-04
 1.10746 9.04562e-04
 1.11973 0.00000e+00
 1.13200 2.67988e-03
 1.14427 1.77760e-03
 1.15655 8.86075e-04
 1.16882 2.63859e-03
 1.18109 1.75307e-03
 1.19336 3.48642e-03
 1.20563 8.70006e-04
 1.21790 1.73406e-03
 1.23018 2.59542e-03
 1.24245 8.64269e-04
 1.25472 0.00000e+00
 1.26699 8.63037e-04
 1.27926 3.45196e-03
 1.29154 3.45448e-03
 1.30381 1.72970e-03
 1.31608 1.73282e-03
 1.32835 8.67578e-04
 1.34062 8.69026e-04
 1.35290 8.73422e-04
 1.36517 8.74460e-04
 1.37744 1.75892e-03
 1.38971 5.29897e-03
 1.40198 8.87302e-04
 1.41425 8.91691e-04
 1.42653 8.97402e-04
 1.43880 8.98353e-04
 1.45107 9.06677e-04
 1.46334 0.00000e+00
 1.47561 1.83624e-03
 1.48789 9.21760e-04
 1.50016 4.65437e-03
 1.51243 1.87614e-03
 1.52470 0.00000e+00
 1.53697 0.00000e+00
 1.54925 2.86797e-03
 1.56152 9.65173e-04
 1.57379 9.74225e-04
 1.58606 2.94099e-03
 1.59833 9.88457e-04
 1.61060 3.97261e-03
 1.62288 1.00452e-03
 1.63515 3.02949e-03
 1.64742 0.00000e+00
 1.65969 0.00000e+00
 1.67196 2.06148e-03
 1.68424 1.04150e-03
 1.69651 5.23225e-03
 1.70878 1.05129e-03
 1.72105 1.05971e-03
 1.73332 1.06769e-03
 1.74560 3.22609e-03
 1.75787 2.15972e-03
 1.77014 3.26915e-03
 1.78241 1.09500e-03
 1.79468 2.19952e-03
 1.80695 0.00000e+00
 1.81923 0.00000e+00
 1.83150 0.00000e+00
 1.84377 0.00000e+00
 1.85604 0.00000e+00
 1.86831 1.12408e-03
 1.88059 2.25674e-03
 1.89286 1.13067e-03
 1.90513 2.26602e-03
 1.91740 2.27029e-03
 1.92967 2.27336e-03
 1.94195 2.27664e-03
 1.95422 2.27816e-03
 1.96649 2.27910e-03
 1.97876 2.27926e-03
 1.99103 1.13920e-03
 2.00330 1.13889e-03
 2.01558 1.13746e-03
 2.02785 4.54548e-03
 2.04012 3.40485e-03
 2.05239 2.26717e-03
 2.06466 0.00000e+00
 2.07694 4.51078e-03
 2.08921 2.25060e-03
 2.10148 3.36808e-03
 2.11375 0.00000e+00
 2.12602 1.11516e-03
 2.13830 1.11273e-03
 2.15057 1.10947e-03
 2.16284 3.31255e-03
 2.17511 0.00000e+00
 2.18738 2.19673e-03
 2.19965 1.09122e-03
 2.21193 2.17568e-03
 2.22420 1.08553e-03
 2.23647 1.07956e-03
 2.24874 4.30412e-03
 2.26101 1.06976e-03
 2.27329 4.26577e-03
 2.28556 1.06089e-03
 2.29783 1.05868e-03
 2.31010 0.00000e+00
 2.32237 1.04827e-03
 2.33465 1.04255e-03
 2.34692 1.03945e-03
 2.35919 0.00000e+00
 2.37146 3.09014e-03
 2.38373 2.05486e-03
 2.39600 0.00000e+00
 2.40828 2.03822e-03
 2.42055 5.06814e-03
 2.43282 2.02107e-03
 2.44509 5.02524e-03
 2.45736 2.00588e-03
 2.46964 2.99171e-03
 2.48191 9.95373e-04
 2.49418 3.96552e-03
 2.50645 9.86651e-04
 2.51872 9.84516e-04
 2.53100 3.92143e-03
 2.54327 9.77203e-04
 2.55554 9.72913e-04
 2.56781 1.93879e-03
 2.58008 1.93287e-03
 2.59235 1.92789e-03
 2.60463 1.92274e-03
 2.61690 9.59930e-04
 2.62917 9.55602e-04
 2.64144 3.81333e-03
 2.65371 3.80198e-03
 2.66599 9.48668e-04
 2.67826 9.44922e-04
 2.69053 2.82717e-03
 2.70280 9.41024e-04
 2.71507 4.69210e-03
 2.72735 9.36260e-04
 2.73962 0.00000e+00
 2.75189 2.79601e-03
 2.76416 0.00000e+00
 2.77643 4.64325e-03
 2.78870 9.25518e-04
 2.80098 0.00000e+00
 2.81325 0.00000e+00
 2.82552 1.84314e-03
 2.83779 9.19703e-04
 2.85006 1.83525e-03
 2.86234 9.16247e-04
 2.87461 9.14818e-04
 2.88688 1.82656e-03
 2.89915 2.73445e-03
 2.91142 3.63770e-03
 2.92370 4.54118e-03
 2.93597 2.72080e-03
 2.94824 9.05294e-04
 2.96051 3.61532e-03
 2.97278 1.80569e-03
 2.98505 9.01607e-04
 2.99733 2.69926e-03
 3.00960 3.59527e-03
 3.02187 4.48577e-03
 3.03414 4.47892e-03
 3.04641 2.68365e-03
 3.05869 8.93790e-04
 3.07096 1.78507e-03
 3.08323 4.45462e-03
 3.09550 8.89756e-04
 3.10777 3.55464e-03
 3.12005 2.66285e-03
 3.13232 8.87037e-04
 3.14459 1.77064e-03
 3.15686 8.84212e-04
 3.16913 8.83697e-04
 3.18140 2.64628e-03
 3.19368 3.52472e-03
 3.20595 1.76032e-03
 3.21822 0.00000e+00
 3.23049 0.00000e+00
 3.24276 1.75348e-03
 3.25504 2.62834e-03
 3.26731 3.49983e-03
 3.27958 2.62254e-03
 3.29185 0.00000e+00
 3.30412 1.74418e-03
 3.31640 1.74222e-03
 3.32867 1.74087e-03
 3.34094 1.73854e-03
 3.35321 0.00000e+00
 3.36548 1.73524e-03
 3.37775 8.66905e-04
 3.39003 1.73246e-03
 3.40230 1.73076e-03
 3.41457 8.64790e-04
 3.42684 0.00000e+00
 3.43911 8.63590e-04
 3.45139 1.72474e-03
 3.46366 1.72397e-03
 3.47593 3.44548e-03
 3.48820 8.60569e-04
 3.50047 1.72053e-03
 3.51275 1.71989e-03
 3.52502 2.57786e-03
 3.53729 8.58814e-04
 3.54956 8.58630e-04
 3.56183 4.29084e-03
 3.57410 1.71531e-03
 3.58638 1.71505e-03
 3.59865 2.57179e-03
 3.61092 8.57103e-04
 3.62319 2.57081e-03
 3.63546 2.57040e-03
 3.64774 8.56776e-04
 3.66001 2.57032e-03
 3.67228 1.71361e-03
 3.68455 2.57061e-03
 3.69682 3.42820e-03
 3.70910 0.00000e+00
 3.72137 2.57273e-03
 3.73364 1.71577e-03
 3.74591 4.29045e-03
 3.75818 1.71726e-03
 3.77045 2.57718e-03
 3.78273 2.57909e-03
 3.79500 2.58063e-03
 3.80727 6.02657e-03
 3.81954 4.30786e-03
 3.83181 3.44991e-03
 3.84409 2.58955e-03
 3.85636 1.72876e-03
 3.86863 8.65076e-04
 3.88090 8.65767e-04
 3.89317 1.73459e-03
 3.90545 2.60588e-03
 3.91772 1.74014e-03
 3.92999 0.00000e+00
 3.94226 2.61944e-03
 3.95453 8.73780e-04
 3.96680 8.75304e-04
 3.97908 1.75457e-03
 3.99135 0.00000e+00
 4.00362 8.79851e-04
 4.01589 4.41228e-03
 4.02816 1.76778e-03
 4.04044 1.77184e-03
 4.05271 1.77679e-03
 4.06498 1.77961e-03
 4.07725 2.67925e-03
 4.08952 0.00000e+00
 4.10180 8.97563e-04
 4.11407 1.79965e-03
 4.12634 9.01891e-04
 4.13861 1.80811e-03
 4.15088 1.81594e-03
 4.16315 9.10887e-04
 4.17543 9.14019e-04
 4.18770 4.57836e-03
 4.19997 1.83867e-03
 4.21224 1.84153e-03
 4.22451 5.54135e-03
 4.23679 0.00000e+00
 4.24906 3.72666e-03
 4.26133 0.00000e+00
 4.27360 2.81208e-03
 4.28587 3.76301e-03
 4.29815 1.88833e-03
 4.31042 2.84367e-03
 4.32269 3.80332e-03
 4.33496 1.90691e-03
 4.34723 9.58177e-04
 4.35950 0.00000e+00
 4.37178 1.92884e-03
 4.38405 3.87496e-03
 4.39632 1.94328e-03
 4.40859 3.90801e-03
 4.42086 2.94112e-03
 4.43314 5.89869e-03
 4.44541 5.92612e-03
 4.45768 2.97136e-03
 4.46995 3.97996e-03
 4.48222 1.99570e-03
 4.49450 1.00242e-03
 4.50677 2.01276e-03
 4.51904 0.00000e+00
 4.53131 2.02587e-03
 4.54358 2.03343e-03
 4.55585 1.01826e-03
 4.56813 1.02388e-03
 4.58040 2.05397e-03
 4.59267 0.00000e+00
 4.60494 3.10189e-03
 4.61721 1.03498e-03
 4.62949 2.07793e-03
 4.64176 2.08418e-03
 4.65403 2.08911e-03
 4.66630 3.14047e-03
 4.67857 1.05017e-03
 4.69085 4.20672e-03
 4.70312 3.16291e-03
 4.71539 3.16696e-03
 4.72766 2.11620e-03
 4.73993 1.05883e-03
 4.75220 1.06062e-03
 4.76448 3.18517e-03
 4.77675 1.06331e-03
 4.78902 1.06396e-03
 4.80129 0.00000e+00
 4.81356 0.00000e+00
 4.82584 1.06472e-03
 4.83811 2.12913e-03
 4.85038 2.12801e-03
 4.86265 2.12740e-03
 4.87492 2.12474e-03
 4.88720 2.12263e-03
 4.89947 2.12053e-03
 4.91174 3.17522e-03
 4.92401 1.05646e-03
 4.93628 2.10901e-03
 4.94855 4.20720e-03
 4.96083 0.00000e+00
 4.97310 1.04787e-03
 4.98537 2.08895e-03
 4.99764 1.03905e-03
 5.00991 2.07512e-03
 5.02219 3.09690e-03
 5.03446 4.11227e-03
 5.04673 4.09503e-03
 5.05900 2.04060e-03
 5.07127 0.00000e+00
 5.08355 2.01910e-03
 5.09582 1.00651e-03
 5.10809 4.99603e-03
 5.12036 3.97769e-03
 5.13263 1.97914e-03
 5.14490 1.96885e-03
 5.15718 2.93648e-03
 5.16945 1.94710e-03
 5.18172 1.93199e-03
 5.19399 9.59573e-04
 5.20626 2.86356e-03
 5.21854 1.89348e-03
 5.23081 9.38561e-04
 5.24308 1.87042e-03
 5.25535 3.72068e-03
 5.26762 2.76370e-03
 5.27990 2.74788e-03
 5.29217 9.11791e-04
 5.30444 4.52663e-03
 5.31671 1.79533e-03
 5.32898 8.91177e-04
 5.34125 2.65790e-03
 5.35353 1.75993e-03
 5.36580 3.49301e-03
 5.37807 3.47502e-03
 5.39034 1.72129e-03
 5.40261 1.71159e-03
 5.41489 0.00000e+00
 5.42716 4.22756e-03
 5.43943 0.00000e+00
 5.45170 2.50560e-03
 5.46397 8.31823e-04
 5.47625 1.65140e-03
 5.48852 3.28803e-03
 5.50079 2.45076e-03
 5.51306 1.62352e-03
 5.52533 3.23857e-03
 5.53760 1.61087e-03
 5.54988 5.60913e-03
 5.56215 3.19091e-03
 5.57442 1.58832e-03
 5.58669 4.74647e-03
 5.59896 0.00000e+00
 5.61124 7.86557e-04
 5.62351 7.83033e-04
 5.63578 7.80318e-04
 5.64805 0.00000e+00
 5.66032 3.10821e-03
 5.67260 7.75551e-04
 5.68487 7.74336e-04
 5.69714 7.73029e-04
 5.70941 3.08696e-03
 5.72168 1.54216e-03
 5.73395 1.54169e-03
 5.74623 7.70638e-04
 5.75850 2.31241e-03
 5.77077 4.62710e-03
 5.78304 2.31612e-03
 5.79531 1.54622e-03
 5.80759 3.09583e-03
 5.81986 1.55200e-03
 5.83213 7.76516e-04
 5.84440 4.67530e-03
 5.85667 7.82062e-04
 5.86895 1.56666e-03
 5.88122 7.87229e-04
 5.89349 3.15875e-03
 5.90576 3.17769e-03
 5.91803 2.39432e-03
 5.93030 2.40892e-03
 5.94258 2.42152e-03
 5.95485 3.25488e-03
 5.96712 0.00000e+00
 5.97939 0.00000e+00
 5.99166 1.65777e-03
 6.00394 8.39914e-04
 6.01621 8.42843e-04
 6.02848 8.53152e-04
 6.04075 8.62555e-04
 6.05302 3.47320e-03
 6.06530 3.50256e-03
 6.07757 4.42020e-03
 6.08984 1.79265e-03
 6.10211 2.70400e-03
 6.11438 0.00000e+00
 6.12665 9.23429e-04
 6.13893 3.75792e-03
 6.15120 2.84659e-03
 6.16347 1.92388e-03
 6.17574 1.95756e-03
 6.18801 9.98180e-04
 6.20029 2.01529e-03
 6.21256 2.03454e-03
 6.22483 3.11706e-03
 6.23710 0.00000e+00
 6.24937 0.00000e+00
 6.26165 4.36787e-03
 6.27392 1.11244e-03
 6.28619 1.14038e-03
 6.29846 2.28852e-03
 6.31073 2.34831e-03
 6.32300 1.18579e-03
 6.33528 2.43028e-03
 6.34755 2.49969e-03
 6.35982 2.54278e-03
 6.37209 1.30295e-03
 6.38436 0.00000e+00
 6.39664 4.10176e-03
 6.40891 2.76332e-03
 6.42118 1.43594e-03
 6.43345 1.46199e-03
 6.44572 1.47750e-03
 6.45800 1.54516e-03
 6.47027 3.12387e-03
 6.48254 0.00000e+00
 6.49481 1.66348e-03
 6.50708 1.69149e-03
 6.51935 1.72798e-03
 6.53163 1.80645e-03
 6.54390 3.66314e-03
 6.55617 1.89265e-03
 6.56844 0.00000e+00
 6.58071 0.00000e+00
 6.59299 0.00000e+00
 6.60526 6.38183e-03
 6.61753 2.18964e-03
 6.62980 0.00000e+00
 6.64207 2.34415e-03
 6.65435 2.40664e-03
 6.66662 0.00000e+00
 6.67889 2.56883e-03
 6.69116 0.00000e+00
 6.70343 2.74883e-03
 6.71570 2.88543e-03
 6.72798 8.89707e-03
 6.74025 6.06617e-03
 6.75252 0.00000e+00
 6.76479 0.00000e+00
 6.77706 0.00000e+00
