# npar = 1, n_ded = 0
#         weight            chi2        param[0]
#                                     alpha_topo
      1.70967669              -7       4.4472992
      1.60826551              -4      4.07685107
      1.62703872              -5      2.91244373
      1.84473768              -4      1.89036701
      1.82165997              -4       2.1626911
      1.59715717              -9      1.39094392
      1.58294884              -1       3.9220192
      1.78166146              -0      4.88677103
      1.94941725              -0      6.35205825
      1.59819068              -4      1.39380696
       1.7118506              -5      1.60449113
      1.84658641              -1      1.90069792
      1.76769711              -4      4.66458047
      1.57294218              -1       3.8188362
      1.77285172              -1      4.69267559
      1.56737131              -7      3.64130469
      1.67391122              -2      2.64154137
      1.56951396              -7      3.54392369
      1.78393344              -7      4.79324272
       1.6623138              -0      6.14259056
      1.60409599              -4      3.10797573
      1.65060379              -6      5.25117285
      1.72527078              -7      2.45198581
       1.7015185              -0      5.15260244
       1.6481837              -7      2.77196195
       1.5784872              -9      1.22349763
      1.60060501              -1      4.03723216
      1.83889269              -4      1.86400677
      1.81268777              -5      1.78668403
      1.82269625              -9     0.919656862
      2.46371471              -0      6.60081984
      1.56726057              -0      5.40322604
      1.59488542              -0      6.07196823
       2.1122829              -0      6.44137331
      1.82848877              -0      6.27503473
      1.71845604              -1      5.11569205
      1.65862088              -1      2.71468509
      1.65262072              -9      1.06860079
      1.58791521              -1      3.27302578
      1.61368014              -9      1.43175376
      1.46774963              -0      5.66909286
      1.64236676              -1       4.2205637
      1.67421655              -7      4.33175088
      1.58120871              -4      3.90745305
      1.70149559              -7      4.42073314
      1.62571302              -2      4.15526159
       1.4851908              -0      5.88741267
      1.77286232              -1       4.6927382
       1.5690025              -6      3.55837045
       2.2933378              -9     0.689462072
      1.46455822              -0      5.79846219
      1.74002684              -4      4.55010207
      1.60926343              -1       4.0817281
      1.46284584              -0      5.70937081
      1.96185813              -0      6.35938384
      1.69566251              -1      5.16470764
      1.60628111              -5      3.08747487
      2.04131285              -9     0.796991968
      1.58387368              -9      1.19865428
      1.74874171              -4      5.03785231
      1.83870123              -4      2.09584841
      1.84713048              -5      2.04914774
      1.78103739              -2      2.28713509
      2.03456834              -0      6.40041498
      1.66836745              -9      1.04997783
      1.59745925              -4      4.01962625
      1.73255025              -9       1.6377328
        1.590475              -7      3.24504239
      1.64794243              -4      2.77336967
      1.61590459              -4      3.00177027
      1.62343288              -0      5.30041786
      1.47232488              -0      5.84261564
      1.57699319              -1      3.86749193
      1.56757079              -4      3.61955224
      1.50315871              -0      5.93196834
      1.58427318              -7      3.31464988
      1.68509916              -4      4.36754249
       1.6788564              -9      1.55142556
      1.83631451              -9      2.10659404
      2.32373765              -0      6.54143347
      1.46282373              -0      5.78145102
      1.57255251              -4      3.81326828
      1.67499218              -2      1.54508347
      2.26838106              -9     0.699116248
      1.49884395              -0      5.55331782
      2.49656556              -9     0.616601614
       2.4241745              -5       0.6414951
      1.56771492              -7      3.69921001
      1.69581821              -5      1.57886103
      2.10349858              -9     0.768073835
      1.56863919              -6      3.73588957
      1.72797015              -7      4.50798513
      1.72348564              -6      5.10404229
      1.50850748              -1      5.52807824
      1.46618182              -0      5.67937741
      1.47031016              -0      5.65462234
      1.67431635              -7      4.33208229
      1.56986558              -7      3.76663918
      1.68648297              -9       1.5638292
      1.49090123              -0      5.90305195
      1.70201046              -5      1.01511614
      1.57522101              -9      1.29122693
      1.61473891              -9      1.43409702
      1.64689184              -4      5.25796605
      1.99937682              -9     0.817658889
      1.85615388              -0       6.2937084
       1.5722092              -6      3.80817642
      1.47184241              -0      5.84049721
      1.59151047              -6      3.98351045
      1.57091245              -4      5.39630525
      1.52310414              -0      5.49355365
      1.56887401              -1      3.56230845
      1.57296211              -1       3.4713196
      1.61296188              -4      3.02716984
      1.71436551              -5      1.60850882
      1.46497207              -7      5.80174311
      1.63715915              -4      5.27565662
      1.70537766              -2      5.14446068
      2.24391994              -9     0.708756543
      1.85329453              -0      6.29181089
      2.31329579              -0       6.5368118
      1.76259343              -9      1.68783679
      1.84048554              -4      2.08731258
      1.56759481              -1      3.69167101
      1.56311337              -0      6.03201949
      1.65860613              -5      2.71476136
      1.81545163              -7       2.1835214
      1.65376067              -9      1.06718916
       1.4620633              -0      5.72098512
      1.59222704              -0      6.06883311
       1.9255824              -9     0.856836955
      2.12815672              -9     0.757106151
      1.77587604              -0      4.93059472
      1.84859511              -6      2.03822171
      1.46230216              -0      5.77435884
      1.84325116              -4      2.07295078
      1.57463338              -2      1.26268814
      1.60348817              -2      3.11374591
      2.04676634              -0      6.40702685
      1.63190423              -0      5.28515405
      1.57372536              -7      3.82943437
      1.67316642              -4      4.32825913
       1.6219764              -0      5.30303897
      1.57176938              -1      3.49337677
        2.505882              -9     0.613472577
      1.53215769              -0      5.98609084
      1.47735041              -0      5.62277951
      1.58624114              -1      3.94738115
      1.58569282              -0      6.06098114
      1.56735059              -4      3.66416159
      1.59887243              -4      3.15854592
      1.57054136              -1      3.51894408
      1.62654295              -4      2.91618872
      1.69820416              -6      4.41007571
      1.57026742              -2      3.52520339
      1.58659425              -5      1.35734912
      1.74656259              -1      5.04425593
      2.47918446              -9     0.622483329
      1.69947021              -9      1.58471143
       1.5850813              -4      3.30520056
      1.70326596              -9      1.59078108
      1.46139396              -0      5.74199608
      1.47268697              -0      5.84417406
      1.74116419              -5      2.40297066
      1.56888294              -1      3.74293233
      1.71136947              -9      1.00631855
      1.59831316              -9      1.39414261
      1.60545015              -4      4.06276352
      1.74969643              -9       1.6659132
       1.7604381              -6      4.63039064
      1.46232799              -4      5.77475185
      1.76360212              -5      2.33719752
      1.52523822              -0      5.48877709
      1.62162714              -5      1.11228933
      1.67036539              -4      4.31890488
      1.81212762              -0      6.26364166
      1.59446547              -9      1.16632572
      1.79665029              -5      1.75143168
      1.63706297              -5      1.47911351
      1.89878749              -9     0.872132863
      1.69948431              -4      4.41422008
      1.75631366              -0      4.61272729
      1.56901874              -2      3.55788269
      1.58996087              -2      3.25059068
       1.6515664              -7      4.25408325
      1.58334009              -7      3.32573525
      1.73196284              -5      2.43101311
      1.59177198              -0      6.06829309
       1.6023612              -9      1.40484902
      1.63915354              -6      4.20848305
      1.58635242              -1      5.36756538
      1.71137422              -4      4.45283761
      1.79113705              -5      1.74032514
      1.57454573              -9      1.27488804
      1.78406277              -1      4.85210525
      1.76835912              -2      4.66796594
      1.87700083              -0      6.30733021
      1.61998692              -2      2.96775697
      1.63326257              -2      4.18573863
      1.69923557              -1      4.41341477
      1.75000411              -2      2.37671156
      2.35990889              -0      6.55722518
      1.72702556              -0      6.19927417
       1.4614698              -0      5.75489577
       1.6306137              -9      1.09836097
        1.749049              -7      5.03693493
      1.85145159              -5      1.94124818
      1.57846681              -2      3.38755626
      1.67651751              -5      2.63011623
       2.0315952              -0      6.39879233
      1.61211889              -7      3.03457914
      1.56746535              -1      3.68110323
      1.73953823              -0      6.20935845
      1.84993743              -5      2.02644128
      1.68270455              -5      2.60401349
      1.56811767              -4      3.58959524
      1.48269452              -0      5.87996259
      1.79506636              -2       2.2463376
      1.56735409              -4      3.66512008
      1.70555278              -0      6.18136685
      1.74421304              -4      5.05097365
      1.78619823              -2      2.27224115
      1.77789691              -4      4.91772617
      1.77194634              -9      1.70430808
      2.57385553              -0       6.6446277
      1.57185518              -6      3.80272175
      1.49145445              -0      5.90447961
      1.61196447              -4       3.0359428
      2.26888565              -0      6.51682244
      1.77894258              -9     0.950582956
      1.56752969              -6      3.62284221
      1.82877969              -9     0.915594416
      1.59736479              -7      4.01908332
      1.80558134              -5      2.21472481
      1.57175828              -1      3.80118934
      1.62149396              -4      4.13745324
      1.57325542              -4      3.46620394
      1.72446242              -2      2.45455717
      1.57681931              -9      1.23467766
      1.72010929              -0      6.19359252
      1.57452953              -9      1.27345996
      1.57459714              -6      3.84044556
      1.82043732              -5       2.1668885
      1.82580986              -7      2.14801836
      1.62396239              -9      1.45358936
      1.56763019              -6      3.69404938
      1.70155365              -4      2.53177815
      1.73499149              -2       2.4216901
      1.59392811              -2       3.9986914
      1.46864904              -0      5.66373964
      1.58629001              -2      3.94773919
      2.23084154              -0      6.49924366
       1.5003847              -6      5.92586147
      1.70888191              -7      4.44471009
      1.85249112              -5      1.96178738
      1.76529499              -2      4.98135118
      2.04366546              -0      6.40535288
        1.498654              -0      5.55383918
      1.66391866              -2      4.29711813
      1.62063773              -2      4.13376173
      1.49413203              -0      5.56660092
      1.68788056              -0      5.18038977
      1.48591743              -0      5.59191328
      1.77215912              -0       4.9508114
      1.84859946              -5      1.91399144
      1.47611022              -0      5.85778898
       1.6209506              -4      2.95993911
      1.46173212              -1      5.72799573
      1.75836409              -1      5.00708143
      1.80748017              -5      1.77466017
      1.57122619              -4       3.5042493
      1.58054269              -0      5.37829275
      1.60280648              -7      3.12025275
      1.62591264              -1      2.92098128
      1.58004444              -4      3.36669259
       1.5213891              -1      5.49743612
      1.67466185              -0       5.2061722
      1.57357644              -6      3.46072222
      1.73465751              -6      4.53104207
      1.60663307              -2      3.08420837
      1.61946444              -5      2.97202966
      1.52996207              -7      5.47840269
       1.5816794              -7      3.34598699
      1.71756258              -6      5.11772371
      1.58267628              -2       1.2033457
      1.75987842              -1      4.62793234
      1.56960808              -4      3.76098117
      1.56942404              -1      3.75672753
       1.6622968              -5      2.69604555
      1.58299302              -6      3.32990983
      1.76817984              -9      1.69760671
      1.60903789              -4      4.08063087
      1.77574369              -4      4.71079963
      1.46241579              -0      5.77604909
      1.66633522              -0      6.14637207
      1.56864806              -5      3.73615749
      1.58767556              -1      3.27569435
      2.66538118              -0      6.67938572
      1.59908467              -0      6.07685409
      1.58727054              -6      3.28022503
      1.72031987              -7      4.48228423
      1.96222424              -7      6.35959796
      1.73301951              -4      1.63849366
      1.74893436              -2      5.03727758
      1.62013075              -4      2.96658498
      1.84966419              -5      2.02902868
      1.67986077              -4      6.15881124
      1.57910515              -1      3.37899752
      1.71219751              -6      2.49474911
      1.70708589              -4      5.14081108
      1.64331092              -7      4.22407381
      1.77932644              -4      4.90738514
      1.57387143              -7      3.45578474
      1.67691684              -5      1.54824774
      1.77895261              -5      2.29312945
      1.56735242              -7      3.64558886
      2.20383785              -9     0.724960791
      1.61087688              -0      6.09016809
      1.63960873              -7      4.21020753
      1.51421626              -0      5.95441291
      1.57834186              -9      1.31881986
       1.9401705              -9      0.84876903
      1.60671887              -7      5.33051501
      2.47659875              -9     0.623363314
       1.8470317              -5      1.90341754
      1.84172238              -5      1.87586547
      1.52774638              -2       5.4832361
      1.68722179              -7      2.58577882
      1.47774299              -0       5.8637016
      1.58700438              -4       3.9529177
       1.6735396              -2      2.64319256
      1.58300014              -0      6.05768213
      1.77999618              -6      4.90205157
      1.72659824              -2      2.44778179
      1.63588217              -4      2.84924773
      1.61550442              -2      3.00518145
      1.74877156              -5       2.3803398
      1.65874777              -0       6.1392037
      1.85262426              -9      1.98133756
      1.63718682              -9      1.08890845
      1.70849255              -5      2.50738441
       1.5944977              -1      3.20271342
      1.66527869              -1      2.68144598
      1.85264231              -5      1.96955893
      1.71628817              -7      4.46894991
       1.6510861              -9      1.50452944
      1.57372004              -4       3.8293648
      1.69824041              -0      5.15941366
      1.61640847              -7      4.11510371
      1.59872074              -0      5.34498587
      1.85264932              -9      1.97920763
      1.60273141              -5      3.12097157
      2.82416241              -0      6.73667075
      1.59240987              -9       1.3769818
      1.57120904              -1      3.79214632
      1.69065228              -4      4.38560769
      1.57385029              -1      3.45613566
      1.46285301              -7      5.70928118
      1.46318916              -0      5.70529095
      1.84825555              -7      2.04089804
      1.70383267              -2      4.42830691
      1.65903172              -5      2.71256509
      1.46200821              -1      5.76941963
      1.97086276              -9     0.832333968
      1.70564795              -4      4.43419643
       1.6329008              -2      2.86979966
      1.46348222              -0      5.78873312
      1.49507949              -0      5.91351313
      1.67230214              -5      2.64873196
      2.19688422              -9     0.727826501
      1.56783606              -2      3.60294825
      1.72031273              -2      2.46789871
      1.58579673              -0      5.36858757
      1.57238065              -6      3.81074231
      1.82101162              -7      2.16492337
      1.64736071              -2      2.77678042
      1.47006604              -0      5.65590853
      1.78173896              -2      4.76069158
      1.64298273              -6      4.22285564
       1.7184451              -7      4.47606873
      1.49691133              -0      5.55867548
      1.81605455              -5      2.18154707
      1.67502359              -1       2.6366322
      1.69886986              -5      2.54149385
      1.58842676              -6      3.26735895
      1.60100398              -4        4.039403
      1.74055457              -5      2.40480391
      1.56912649              -7       3.7494109
       1.6422703              -0       6.1231177
      2.33045864              -0      6.54439307
      1.65699798              -0      6.13753002
      1.65970405              -4      4.28264722
      1.66233044              -4      4.29168801
        1.569728              -7      3.53834443
      1.68836191              -5      2.58127731
      1.59622379              -4      3.18507415
      1.63337934              -0      5.28249093
      1.68437875              -5      2.59717878
      1.61656866              -0      6.09639579
      1.82712484              -9     0.916694339
      1.57087141              -6      3.78624589
      1.56877536              -7      3.73990127
      1.76465038              -7      1.69141214
      2.80811892              -0      6.73103976
      1.98656238              -0      6.37365374
      1.64798678              -9      1.49904411
      2.48873399              -0      6.61097767
      1.56833374              -6      3.58086365
      1.61347759              -2      3.02266612
      1.62909147              -2      2.89716881
      1.56736082              -4      3.66674594
      1.67408606              -1      2.64076647
      1.60699691              -7      3.08084192
      1.77352071              -6        4.943813
      1.71382321              -0      5.12611339
       1.6560644              -7      4.26998149
      1.60206249              -5      3.12739692
      1.66183027              -1      4.28997228
       1.5001834              -0      5.54967207
      1.66735695              -0      5.22005288
      1.76868667              -7      4.96708866
      1.57407464              -0      6.04646176
      1.56775406              -4      3.70139306
      1.76062063              -1      2.34579685
      1.69773858              -1      4.40856848
      1.75238408              -7      2.36973173
      1.71059303              -0      5.13322325
       1.7043404              -7       4.4299535
      1.82874961              -5      2.13714918
      1.75565643              -0        4.610001
      1.62088728              -4       5.3049987
      1.46159862              -0      5.73176065
      1.59039959              -9      1.17732024
      1.62586628              -2      2.92133517
      2.18766593              -9     0.731651536
      1.54114204              -0       5.4547804
       1.7056185              -7      4.43410082
      1.83947664              -5      2.09219837
      1.62441176              -2      2.93253505
      1.65090978              -7      4.25173766
      1.57231539              -5      3.80977115
      1.75471823              -1      1.67435778
      1.77191506              -1      4.68723333
      1.62624812              -2      2.91842609
      1.60413883              -7      5.33517494
      1.64015119              -7      2.82110054
      1.59887422              -9      1.39567081
      1.57160383              -2       3.4966268
      1.60009577              -7      3.14650032
      1.66240616              -5      1.05681696
      1.56836327              -1      3.72702882
      1.58217145              -0      6.05665908
      1.57452982              -6      3.83962132
      1.69539009              -0      6.17260196
      1.61476654              -4      3.01150686
      1.59565999              -0      5.35054671
      1.71819975              -1      2.47478838
      1.57968886              -6      3.89391053
      1.55395519              -0      5.42897264
      1.58154891              -9      1.33631614
      1.50060557              -4      5.54853388
      1.72016587              -1      5.11177323
      1.48184129              -0       5.6058633
      1.61064276              -2      3.04769401
      1.63886037              -0      5.27257499
      1.64568397              -9      1.07743689
      1.60728013              -9      1.13783298
       1.6001583              -4      3.14588798
      1.51767451              -0      5.50598921
      1.57527407              -2      3.43342771
      1.57468186              -9       1.2806601
      1.75478109              -1       4.6064035
      1.46332451              -0      5.78710896
      1.64193464              -4      4.21895136
       1.5777914              -1      3.87568564
       1.5406866              -7      5.45572038
      1.78201885              -4      4.76390593
      1.56882213              -4      3.74123292
        1.590296              -6      3.24697026
      1.72711823              -5      2.44614113
      1.72956435              -9      1.63290177
      1.64205847              -1      4.21941377
      1.70221487              -9      1.01492038
      1.77886154              -1      4.91088838
      1.72147771              -9     0.997169312
      1.65407917              -0      5.24478387
       1.7808993              -1      4.89419438
      1.72644145              -9      1.62786614
      1.61217188              -6      3.03411166
      1.61065362              -5      3.04759686
      1.58743816              -7      3.27834683
      1.70359841              -4      4.42754736
      1.57420183              -2      3.83554533
      1.64180255              -7      4.21845773
      1.46171196              -0      5.76303701
      1.76023424              -7      5.00050361
      1.57929796              -0      5.38060357
      1.63822657              -5      2.83360736
      1.63424964              -4      4.18960773
      1.64812439              -4      2.77230761
      1.57026882              -4      3.77492097
      1.96126545              -9     0.837398357
      1.68604576              -7      2.59046368
       1.7552102              -0      6.22165741
      1.78742535              -5      1.73306761
      2.13643351              -2     0.753482527
       1.5885667              -2      3.26581555
      1.56745379              -1      3.67993415
      1.55332958              -0      5.43020696
       1.7799301              -9      1.71886948
      1.76656116              -0      6.23035093
      1.57542281              -5      1.29398722
      1.60253893              -0      6.08081447
      1.66271879              -1      2.69395195
      1.65050387              -6      1.50350398
      1.59527742              -5      3.19470935
      1.56816961              -5      3.72004187
       1.5970421              -9      1.39062168
      1.68236796              -7      2.60539885
      1.76354634              -1      4.64445672
      1.51741721              -0      5.96043833
      1.75881893              -0      6.22444016
      1.65010459              -5      1.50279943
      1.73572892              -9     0.984821882
      1.78078492              -0      4.75071298
      1.46164208              -1      5.76114284
      1.48926205              -0      5.58121964
      1.62472288              -1      2.93012367
      1.57103022              -5      3.50833056
      1.73812258              -4      4.54327719
      1.65181251              -9      1.50580574
      1.55095651              -7      6.01500499
      1.77445792              -1      4.70246436
      2.08375375              -0      6.42664894
      1.59313946              -9       1.1697707
      1.56738711              -4       3.6385399
      1.61557789              -1       3.0045541
      1.57664049              -4       1.3064337
      1.71303005              -1       2.4919441
       1.5674154              -2      3.67556671
      1.72131967              -0      5.10910509
      1.78388035              -4      4.85613794
      1.77468292              -1       4.7038879
      1.67011136              -4      2.65869802
      1.63338191              -4      4.18620772
      1.68630387              -7       4.3714699
      1.84870816              -1      2.03730784
      2.60016169              -0      6.65476105
      1.57333189              -1      3.82420204
       1.7455297              -4      4.57030376
       1.8066704              -7      2.21136953
      1.77875232              -0      4.73275226
      1.63129473              -1      2.88118529
      1.68962239              -1      4.38226392
      1.56752404              -1      3.62331975
      1.56514603              -0      5.40725936
      1.57981765              -1      3.36963403
      1.46177941              -0      5.76468398
      1.81965865              -9     0.921705159
      1.63438729              -7      4.19014536
      1.57818665              -4      3.39136739
      1.71897685              -2      2.47224665
      1.70261357              -1      4.42435518
      1.64959268              -6      5.25302625
       2.1570581              -0      6.46382312
      1.78171173              -0      4.76038689
      1.67589549              -0       5.2038048
      1.73155886              -0        5.084476
      1.64046024              -5      1.48542224
      1.66923497              -7      2.66274353
      1.58874764              -1      3.96515152
      1.59911128              -7       4.0289839
      1.75498019              -0       5.0184337
       1.7365939              -7      2.41679585
      1.57153727              -4      3.79762656
      1.68103642              -7      2.61091714
      2.12135802              -9     0.760104029
      1.78728106              -5      2.26910282
      1.56792207              -1      3.59855642
      1.63987149              -9      1.08519951
      1.58441136              -9       1.1966492
      1.69408248              -4      4.39672949
      1.48532896              -0      5.88781285
      1.78254452              -0      4.87682606
      1.57757217              -4      3.39985298
       1.5940637              -4      3.20719496
      1.71230067              -6      5.12947975
      1.46550103              -0      5.80566719
      1.57941554              -7      3.89138249
      1.71943982              -0      5.11344233
      1.61866994              -1      4.12517115
        1.625117              -5      2.92708121
      1.73499067              -9     0.985446883
      1.60616166              -1      3.08858576
      1.70265911              -4       2.5278237
      1.85200014              -5      1.94983067
      1.62072563              -2      2.96175691
      1.51178657              -0      5.51999967
       1.7320659              -1       6.2033658
      1.66114406              -5      2.70181223
       1.7837698              -6      4.85834538
      1.67043303              -0      6.15018533
      1.72934134              -5      2.43916464
      1.78121907              -0      4.89118351
      1.57285939              -7      3.81767092
      1.57290027              -4      3.81824739
       1.5474752              -0      6.00991097
      1.65852398              -0      5.23656645
      1.62797432              -1       2.9054357
      1.59652144              -9      1.38915454
       1.7137678              -5      2.48946859
      1.83796851              -5      2.09922161
      1.58053558              -6      3.90155828
      1.56882067              -7      3.74119175
      1.63114485              -5      2.88225922
      1.54370768              -1      5.44951677
      1.70937779              -6      4.44632521
      1.58569159              -5      1.19209141
      1.58631231              -2      3.94790239
       1.4732217              -0      5.84642909
      1.66276822              -4      2.69370732
      2.36814863              -9     0.661527314
      1.65061137              -7      2.75801879
      1.84182897              -1      2.08053312
      1.76277224              -7      4.64088331
      1.78232619              -2      4.87945745
      2.18392219              -9     0.733213568
      2.16764028              -0      6.46901865
       1.6792085              -7      4.34824909
      1.64209174              -0      5.26671023
       1.7690695              -5      2.32148349
      1.46463481              -0      5.79908513
      1.57521243              -9      1.29110145
      1.69007742              -2       4.3837416
      1.79597407              -5      1.75004652
      1.82101797              -9     0.920786888
      1.66982962              -4      4.31710848
      1.77164926              -1      4.68572048
      1.53085702              -1      5.47646595
      1.46449212              -0      5.69250427
      1.80811454              -9       1.7760909
      1.59004127              -6      3.24972083
      1.77682596              -6       4.7182409
      1.78444076              -2      4.84078512
      1.61018994              -4      3.05175273
      1.55330407              -7      5.43025735
       2.3422365              -9     0.671041096
      1.51710928              -0      5.95986668
      1.71550233              -0      5.12236813
      1.70570472              -9      1.01160372
      1.61691629              -0       6.0967722
      1.94046761              -0      6.34672788
      1.74752073              -1      4.57781753
      1.62859467              -7       4.1670898
       1.6056123              -9      1.14115952
      1.57263984              -7      3.47706895
       1.7432692              -5     0.978523623
      1.88292433              -9      0.88150606
      1.60610569              -7      3.08910661
      1.59456005              -9      1.38348581
      1.69034118              -2      2.57355385
      1.71864725              -9      1.61535669
      1.72860735              -2      4.51015502
      1.57251732              -2      3.47929244
      1.85151549              -5      1.94212873
      1.65128491              -7      2.75422018
      1.85009007              -6      1.92622357
      1.57429137              -1      3.83666818
      1.59790276              -2      4.02216383
      1.60512286              -7      3.09829424
      1.73448829              -2      2.42323237
      1.55370535              -0      5.42946527
      1.61147702              -7      3.04026005
       1.6723099              -1      2.64869703
      1.73671659              -4      2.41642215
      1.81761392              -7      1.79872415
       2.5011764              -9     0.615050975
      1.71038835              -6      4.44961963
      1.61439459              -0      5.31668207
      1.60787233              -2       3.0727853
      1.93168345              -9     0.853441572
      1.59828969              -2      3.16432901
      1.48724737              -0      5.58758883
      1.57527954              -1      3.84858042
        1.613538              -5      3.02214001
      1.46970361              -0      5.65785001
      1.48702286              -0      5.89262462
      1.58402669              -2      5.37184877
      1.71189793              -0      4.45454879
      1.59606327              -4       3.1867024
      1.57105855              -7      3.50773493
      2.49094465              -5     0.618497383
       1.6682645              -4      4.31184677
      1.65806042              -4      2.71759252
      1.58229545              -0      5.37504657
       1.4920063              -0      5.57285791
      2.81118954              -0      6.73212007
      1.51438265              -0      5.51374871
      1.51130522              -0       5.5211723
      1.75356441              -1      5.02299823
      1.56746366              -7      3.68093607
      1.46820302              -0      5.82255199
       1.5683799              -7      3.57911854
        1.506797              -0      5.93966424
      1.56773383              -7      3.60867216
      1.78457867              -5      2.27692547
      1.58280795              -2      5.37409907
       1.5787235              -0      6.05236218
      1.58991094              -9       1.1787363
      1.57666304              -4      3.41275764
      1.61303353              -1      3.02654287
      1.71200064              -9      1.00573695
       1.5877819              -9      1.36165905
      1.87599136              -9     0.885682888
      1.72434487              -1      4.49573108
      1.78936546              -5      2.26304509
      1.50506492              -0      5.53680411
      1.83537385              -9     0.911248849
      1.77807015              -9     0.951233798
      1.76559339              -4      4.98014893
      1.51442759              -0      5.95481654
      1.73856447              -0      6.20858236
      1.56738759              -1        3.638463
       2.1680713              -0      6.46922941
      1.85230158              -4      1.95621528
      1.46178351              -0      5.76477937
       1.6726753              -1      4.32662339
      1.69224045              -7      4.39075955
      1.57895571              -0      6.05265364
      1.55629269              -0       5.4243813
      1.75924632              -0      5.00400767
      1.57682625              -5      1.30797793
      2.47771444              -0      6.60651943
        1.838109              -9     0.909463528
      1.74921599              -6      2.37903043
      2.62243424              -9     0.575616604
      2.66706457              -9     0.561699357
      1.65754818              -4      2.72026546
      1.51237827              -0      5.51856416
      2.24753982              -0      6.50701321
      1.80922704              -5      2.20341667
         1.52008              -7      5.50042725
      1.60414202              -4      3.10753987
      2.60534375              -9     0.581026559
      1.78359608              -4      4.86154461
      1.77087883              -4      4.68140806
      1.80539741              -0      6.25887414
      1.63446218              -7      2.85894272
      1.47387751              -7      5.63742551
      1.77189292              -4      4.95213395
      1.71536365              -9      1.61010415
      1.65083001              -6      4.25145227
      1.70345524              -9      1.59108354
      1.76496358              -1      4.65113426
      1.70126858              -7      2.53280231
      1.65880163              -1      4.27952226
      1.68638086              -0      6.16466239
      1.65129291              -1       4.2531071
      2.03556077              -9     0.799766975
      1.46845443              -0      5.82393079
      1.77529145              -7      4.70781069
      1.62936019              -5      2.89519665
      1.79865974              -5      1.75558865
      1.57002413              -2      3.53098334
      1.57646289              -1      3.86184639
      1.62145731              -2      2.95586112
      1.75555341              -4      4.60957567
      1.48580604              -0      5.59228013
      1.76868171              -1      1.69849404
       1.6903312              -1      4.38456552
      1.59713212              -5      3.17590537
      1.74210874              -1      5.05684005
      1.57728904              -5      1.23119728
       1.7741301              -0      4.94054108
      1.58197434              -6      3.34233718
      2.83880835              -6      6.74178248
      1.84999825              -5      1.92537922
      1.61164161              -4      3.03880011
      1.63871126              -4      5.27284525
      1.57093597              -6      3.78739643
      1.60295456              -2      4.04983269
      1.77909708              -4      4.73556747
      1.60729557              -9      1.41704433
       1.7349129              -1      4.53193639
      1.47318329              -0      5.84626889
      1.60261465              -7      3.12209053
      1.57456379              -9      1.27603585
      1.84749905              -5        2.046538
      1.75221899              -5      2.37021483
      1.70823524              -1      4.44260514
      1.49678133              -0      5.55904021
      1.80400253              -5      2.21955751
      1.65702224              -9      1.51486376
      1.77685104              -1      4.92459881
      1.58152615              -4      3.91017996
      2.10172965              -0       6.4359664
      1.58941676              -7      5.36194193
      1.59969605              -1      5.34321692
      1.78455582              -0      4.83515266
      1.56800697              -6      3.59451504
      1.50176244              -0      5.54544056
      1.85225553              -9      1.99460684
      1.76701667              -4      4.66115643
      1.77806111              -2       4.7273268
      1.50116622              -0      5.54703015
       1.6293002              -6      2.89563639
      1.74441498              -4      5.05040342
      1.57873145              -9      1.32124827
      1.63202699              -7      4.18086006
      1.63388906              -1      4.18819718
      1.61355225              -1      5.31819851
       1.7942388              -1      2.24877768
      1.49594127              -0      5.56141081
      1.78464145              -1      4.82318803
      1.72556055              -4      2.45106618
      1.56832454              -7      3.72568995
      1.73285723              -2      2.42824971
      1.46667874              -0      5.81356664
      1.71476692              -9      1.00320448
      1.62243547              -4      2.94805285
      1.65664213              -9       1.0636683
      1.69447029              -1      2.55779549
      1.47771518              -0      5.86360349
      1.62066414              -0      6.10080256
       1.6088087              -9      1.13486158
       1.5798815              -9      1.32784884
      1.68678725              -0      5.18256018
      1.59533624              -6      3.19410803
       1.6385143              -4      4.20605371
      1.59716814              -1      4.01795015
      1.74959322              -2      4.58577387
      1.49231866              -0      5.90668269
      2.23556204              -9     0.712092597
        1.617141              -7      2.99131706
       2.8078096              -0      6.73093087
      1.60490746              -2      4.05998876
      1.60247837              -9      1.14767424
       1.6699093              -5      2.65962771
       2.5056701              -1      6.61778246
      2.23572616              -9     0.712026874
       1.5954509              -7      3.19293666
      1.69458715              -4      5.16690066
      1.84956299              -7       2.0299586
      1.64452909              -5      2.79372675
      1.70636963              -2      4.43653999
      1.59652888              -1      4.01423961
      1.63714175              -7       4.2008069
      1.77216117              -0      4.95080119
      1.91907095              -0      6.33376912
      1.62958716              -0      5.28933343
      1.57538223              -9      1.29345865
      1.63605033              -7      2.84811074
      2.78160344              -0      6.72165945
      1.91450502              -0      6.33096302
      1.49675701              -0      5.91752115
      1.65263698              -4      2.74668394
      1.62525529              -7      2.92601698
      1.58000608              -9      1.21529933
      1.84878523              -5      1.91537374
      1.76746799              -4      1.69635099
      1.75758861              -9      0.96696262
      1.75172304              -1      5.02878969
      1.62360345              -2       2.9388401
      1.57046381              -4      3.77870987
      1.62505585              -7      4.15252749
      1.84196763              -2      2.07981352
      1.81458415              -0      6.26536982
      1.71792478              -6      4.47434847
      1.49249414              -0       5.9071261
      1.72621224              -7      2.44900188
       1.6748076              -9      1.04284397
      1.62639527              -4      2.91730845
      1.61408336              -0      6.09369157
      1.66503252              -4       4.3009107
      1.61385895              -1      4.10348385
      1.72126503              -0      5.10923188
      1.57280753              -0      5.39273477
      1.68066372              -7      5.19458384
      1.89234331              -0      6.31712784
      1.66704191              -4      5.22064661
      1.67154205              -0      6.15121054
      1.58407486              -9      1.19789722
      1.60383573              -2      3.11044285
      1.50394559              -0      5.93366168
       1.8519887              -5      2.00026675
      1.84991486              -2      2.02665949
      1.70288855              -2      2.52700631
       1.4656205              -0      5.80651717
      1.57264289              -4      3.81457895
       1.5699056              -4      3.76749081
      1.84368637              -1      1.88503662
      1.65580995              -2      5.24159058
      1.47153228              -0      5.83910875
      1.71373789              -7      4.46057138
      1.59050262              -1       3.9769478
      1.52760835              -0      5.48353906
      1.81643159              -9      1.79576754
      1.79624176              -9     0.937970658
      1.63991574              -5      1.08513906
      1.76768814              -2      1.69673899
       1.7313115              -7      5.08509351
      1.60861444              -1      3.06600358
      1.59801319              -0      6.07561497
      1.58254531              -7      3.91872171
      1.71068813              -4      4.45059769
      1.62294555              -0      5.30129494
      1.65955491              -2      4.28213146
      1.57591391              -7      3.85581404
      1.53779603              -4      5.46172743
      1.57231792              -7      3.80980891
      1.56907349              -7      3.55625455
       1.8572233              -0      6.29441623
      1.57709452              -9      1.23259885
      1.48843428              -0      5.58381133
      1.48570599              -0      5.88889883
      1.88792737              -0      6.31432685
      1.63593953              -5       1.4770026
      1.71729311              -7      2.47776565
      1.64036261              -5      2.81974463
      1.65685713              -7      4.27275447
      1.65994622              -7      6.14034551
      1.76608413              -1      4.65654939
      1.83092591              -5      2.12879067
      1.56734163              -1      3.66101421
      1.71032072              -2      1.60204796
       1.5086193              -0      5.94339734
      1.49092034              -0      5.57612642
      1.84138249              -9      2.08282391
      1.51147509              -0      5.52075798
      1.78331664              -1      4.78164366
      1.59885705              -0      6.07659128
      1.79582356              -5      2.24409992
      1.56837393              -1      3.57934203
      1.75261513              -0      5.02600358
      1.71923366              -1      4.47867971
      1.58505212              -7      3.30553945
      1.59308375              -9      1.16991821
      1.61118296              -9      1.13038128
      1.64792651              -4      2.77346268
      1.58849945              -7      3.26655693
      1.70222207              -7      4.42308663
      1.46186991              -0      5.72479771
      1.60964621              -6      3.05664833
      1.73454356              -5      2.42306285
      1.80751721              -0        6.260381
      1.50170083              -0      5.54560435
      1.48876417              -6      5.58277439
      1.67217261              -9      1.04573248
      1.58361164              -4      3.32248879
      1.65606954              -5      2.72806663
      1.61517632              -2      3.00798839
      1.70182731              -0      5.15195598
      1.74645218              -0      5.04457582
      1.61634713              -1      4.11482763
       1.7419476              -2      5.05728379
      1.70632635              -5      2.51489321
      1.60422889              -4      4.05649073
      1.80795448              -5      1.77572908
      1.79886502              -9      1.75601687
      1.50605095              -0      5.53427746
      1.60097754              -9      1.15093004
      1.53635796              -0      5.99287259
      1.57606004              -9      1.24118409
      1.50773118              -0      5.94158758
      1.79848384              -5       2.2361969
       1.5890072              -4      3.26097578
      1.58681611              -0      6.06234621
       1.4689935              -7       5.8268048
      1.71409475              -1       2.4883745
      1.98948147              -9     0.822690892
      1.59245404              -0      5.35638866
      1.66837124              -6       4.3122063
      2.03433205              -9     0.800362114
      1.56890792              -7      3.56125493
        1.786975              -5      2.26999044
      1.65897348              -9      1.51821639
       1.7222354              -9     0.996497199
      1.67559874              -4      5.20437493
      1.77570745              -6      4.71055763
      1.85072692              -5      2.01817655
      1.72841551              -7      5.09223408
      2.73310642              -0      6.70425596
      2.03803119              -0      6.40229939
      1.59589664              -7      4.01052826
      1.66860364              -7      4.31298871
      1.79571277              -5      2.24442764
      1.59569088              -1      3.19048932
      1.57711709              -4      3.40625727
      1.71497712              -1      4.46463782
      1.65108308              -0      5.25029348
       1.4624119              -0      5.71527384
      1.61835419              -1      2.98118779
      1.69134975              -4      2.56966147
      1.61400825              -6        3.018055
      1.73889496              -2      4.54603617
      1.49741269              -0      5.91906065
      1.57130673              -2      3.79380224
      1.57268404              -4      3.47627202
       1.6231131              -0       5.3009934
      1.61584862              -5      3.00224658
