10 1
0.2235362
1 -1 1 1
          5.86162534 
   0.545056942201431 
0.11570989
1 -1 1 1
         4.048005101 
    1.09860972476728 
0.09011085
1 -1 1 1
         3.431886757 
    1.15643265065502 
0
1 -1 1 1
                   0 
                   0 
0.12235731
1 -1 1 1
         3.815616873 
    1.15803466245557 
0.11007368
1 -1 1 1
         2.283823282 
    0.63241061473898 
0.054224097
1 -1 1 1
         3.788889679 
   0.997115002210072 
0.12171511
1 -1 1 1
         3.868540358 
    1.14836567127207 
0
1 -1 1 1
                   0 
                   0 
0.16227286
1 -1 1 1
         1.171566258 
   0.432571334829163 
