 0.50614 0.00000e+00
 0.51841 0.00000e+00
 0.53068 2.19444e-03
 0.54295 2.14344e-03
 0.55522 0.00000e+00
 0.56750 0.00000e+00
 0.57977 7.69700e-03
 0.59204 0.00000e+00
 0.60431 1.79452e-03
 0.61658 1.74658e-03
 0.62885 5.10702e-03
 0.64113 3.29871e-03
 0.65340 3.23708e-03
 0.66567 0.00000e+00
 0.67794 1.50905e-03
 0.69021 1.47706e-03
 0.70249 4.27192e-03
 0.71476 1.40996e-03
 0.72703 1.37522e-03
 0.73930 1.34027e-03
 0.75157 2.57264e-03
 0.76385 0.00000e+00
 0.77612 1.24665e-03
 0.78839 3.61321e-03
 0.80066 1.18827e-03
 0.81293 2.31891e-03
 0.82520 5.65246e-03
 0.83748 0.00000e+00
 0.84975 3.24763e-03
 0.86202 1.05345e-03
 0.87429 1.04391e-03
 0.88656 2.05455e-03
 0.89884 2.00531e-03
 0.91111 3.96673e-03
 0.92338 9.72225e-04
 0.93565 0.00000e+00
 0.94792 9.52165e-04
 0.96020 1.86803e-03
 0.97247 0.00000e+00
 0.98474 3.63039e-03
 0.99701 8.94776e-04
 1.00928 0.00000e+00
 1.02155 0.00000e+00
 1.03383 3.46750e-03
 1.04610 1.71791e-03
 1.05837 2.55138e-03
 1.07064 1.68594e-03
 1.08291 5.02108e-03
 1.09519 3.31667e-03
 1.10746 2.47086e-03
 1.11973 1.63707e-03
 1.13200 1.62803e-03
 1.14427 8.10859e-04
 1.15655 8.07310e-04
 1.16882 8.02064e-04
 1.18109 8.01193e-04
 1.19336 1.59520e-03
 1.20563 7.96505e-04
 1.21790 1.58828e-03
 1.23018 2.37885e-03
 1.24245 1.58456e-03
 1.25472 7.91807e-04
 1.26699 3.16742e-03
 1.27926 3.96105e-03
 1.29154 1.58623e-03
 1.30381 1.58981e-03
 1.31608 2.38721e-03
 1.32835 3.19243e-03
 1.34062 2.40069e-03
 1.35290 1.60681e-03
 1.36517 1.61477e-03
 1.37744 2.42782e-03
 1.38971 1.62627e-03
 1.40198 2.45511e-03
 1.41425 8.22775e-04
 1.42653 2.47958e-03
 1.43880 4.98830e-03
 1.45107 1.67355e-03
 1.46334 0.00000e+00
 1.47561 0.00000e+00
 1.48789 8.57459e-04
 1.50016 1.72234e-03
 1.51243 3.48402e-03
 1.52470 3.50099e-03
 1.53697 8.86742e-04
 1.54925 2.67702e-03
 1.56152 1.79662e-03
 1.57379 4.54459e-03
 1.58606 5.48959e-03
 1.59833 1.85637e-03
 1.61060 9.33465e-04
 1.62288 9.45874e-04
 1.63515 9.56641e-04
 1.64742 9.62837e-04
 1.65969 1.94716e-03
 1.67196 1.95535e-03
 1.68424 9.87938e-04
 1.69651 1.00282e-03
 1.70878 2.01497e-03
 1.72105 0.00000e+00
 1.73332 2.06122e-03
 1.74560 3.12688e-03
 1.75787 3.15793e-03
 1.77014 2.12542e-03
 1.78241 3.21045e-03
 1.79468 2.16491e-03
 1.80695 0.00000e+00
 1.81923 2.20012e-03
 1.83150 2.21860e-03
 1.84377 3.35939e-03
 1.85604 0.00000e+00
 1.86831 1.14229e-03
 1.88059 0.00000e+00
 1.89286 2.30902e-03
 1.90513 4.66036e-03
 1.91740 1.16811e-03
 1.92967 2.35205e-03
 1.94195 0.00000e+00
 1.95422 1.19333e-03
 1.96649 0.00000e+00
 1.97876 2.40687e-03
 1.99103 3.62605e-03
 2.00330 0.00000e+00
 2.01558 0.00000e+00
 2.02785 2.44491e-03
 2.04012 1.22757e-03
 2.05239 3.68915e-03
 2.06466 1.23330e-03
 2.07694 3.70332e-03
 2.08921 4.94505e-03
 2.10148 0.00000e+00
 2.11375 0.00000e+00
 2.12602 4.95657e-03
 2.13830 1.23939e-03
 2.15057 1.23920e-03
 2.16284 4.95387e-03
 2.17511 1.23685e-03
 2.18738 1.23683e-03
 2.19965 1.23444e-03
 2.21193 3.69740e-03
 2.22420 0.00000e+00
 2.23647 6.13465e-03
 2.24874 2.44989e-03
 2.26101 1.22250e-03
 2.27329 0.00000e+00
 2.28556 0.00000e+00
 2.29783 0.00000e+00
 2.31010 1.20484e-03
 2.32237 1.20060e-03
 2.33465 2.39598e-03
 2.34692 1.19174e-03
 2.35919 0.00000e+00
 2.37146 7.10017e-03
 2.38373 2.35427e-03
 2.39600 2.34970e-03
 2.40828 1.16591e-03
 2.42055 1.16472e-03
 2.43282 3.46799e-03
 2.44509 1.15279e-03
 2.45736 1.14651e-03
 2.46964 5.70019e-03
 2.48191 0.00000e+00
 2.49418 4.51532e-03
 2.50645 2.25137e-03
 2.51872 1.12152e-03
 2.53100 1.11574e-03
 2.54327 3.32204e-03
 2.55554 1.10439e-03
 2.56781 2.19442e-03
 2.58008 5.46455e-03
 2.59235 1.08659e-03
 2.60463 1.08289e-03
 2.61690 1.07921e-03
 2.62917 3.21449e-03
 2.64144 2.13376e-03
 2.65371 1.06251e-03
 2.66599 1.05861e-03
 2.67826 5.25638e-03
 2.69053 1.04583e-03
 2.70280 1.04352e-03
 2.71507 2.07307e-03
 2.72735 2.06752e-03
 2.73962 2.05791e-03
 2.75189 2.04861e-03
 2.76416 3.06334e-03
 2.77643 2.03527e-03
 2.78870 5.05351e-03
 2.80098 1.00647e-03
 2.81325 3.01195e-03
 2.82552 9.98035e-04
 2.83779 6.96972e-03
 2.85006 1.98192e-03
 2.86234 3.95234e-03
 2.87461 2.95561e-03
 2.88688 1.96012e-03
 2.89915 1.95588e-03
 2.91142 9.75260e-04
 2.92370 9.70688e-04
 2.93597 2.90373e-03
 2.94824 2.89460e-03
 2.96051 2.88490e-03
 2.97278 9.57612e-04
 2.98505 2.86915e-03
 2.99733 1.90422e-03
 3.00960 2.85145e-03
 3.02187 0.00000e+00
 3.03414 3.77890e-03
 3.04641 9.42922e-04
 3.05869 1.87991e-03
 3.07096 2.81102e-03
 3.08323 2.80572e-03
 3.09550 1.86663e-03
 3.10777 9.30506e-04
 3.12005 1.85849e-03
 3.13232 1.85498e-03
 3.14459 2.77224e-03
 3.15686 1.84415e-03
 3.16913 0.00000e+00
 3.18140 2.75645e-03
 3.19368 5.50530e-03
 3.20595 4.57771e-03
 3.21822 2.74295e-03
 3.23049 4.56259e-03
 3.24276 9.10724e-04
 3.25504 1.82003e-03
 3.26731 2.72640e-03
 3.27958 1.81545e-03
 3.29185 2.71902e-03
 3.30412 2.71530e-03
 3.31640 4.52073e-03
 3.32867 9.03274e-04
 3.34094 1.80430e-03
 3.35321 5.40853e-03
 3.36548 2.70190e-03
 3.37775 1.79960e-03
 3.39003 4.49594e-03
 3.40230 4.49283e-03
 3.41457 1.79616e-03
 3.42684 1.79514e-03
 3.43911 1.79456e-03
 3.45139 8.96972e-04
 3.46366 8.96580e-04
 3.47593 0.00000e+00
 3.48820 0.00000e+00
 3.50047 8.96222e-04
 3.51275 5.37732e-03
 3.52502 2.68895e-03
 3.53729 1.79289e-03
 3.54956 1.79337e-03
 3.56183 8.96797e-04
 3.57410 2.69115e-03
 3.58638 8.97735e-04
 3.59865 3.59176e-03
 3.61092 2.69549e-03
 3.62319 2.69744e-03
 3.63546 8.99906e-04
 3.64774 2.70165e-03
 3.66001 0.00000e+00
 3.67228 9.01797e-04
 3.68455 1.80600e-03
 3.69682 2.71176e-03
 3.70910 1.80950e-03
 3.72137 0.00000e+00
 3.73364 2.72233e-03
 3.74591 9.08462e-04
 3.75818 1.81958e-03
 3.77045 2.73545e-03
 3.78273 2.73868e-03
 3.79500 2.74376e-03
 3.80727 4.57930e-03
 3.81954 9.17863e-04
 3.83181 2.75859e-03
 3.84409 9.21357e-04
 3.85636 2.76955e-03
 3.86863 0.00000e+00
 3.88090 1.85320e-03
 3.89317 9.29174e-04
 3.90545 2.79562e-03
 3.91772 9.32665e-04
 3.92999 0.00000e+00
 3.94226 1.87693e-03
 3.95453 9.41282e-04
 3.96680 9.43724e-04
 3.97908 2.83501e-03
 3.99135 2.84792e-03
 4.00362 1.90297e-03
 4.01589 0.00000e+00
 4.02816 2.87017e-03
 4.04044 9.60482e-04
 4.05271 2.88877e-03
 4.06498 1.93168e-03
 4.07725 2.90604e-03
 4.08952 1.94280e-03
 4.10180 1.95144e-03
 4.11407 2.93965e-03
 4.12634 2.94567e-03
 4.13861 1.97081e-03
 4.15088 9.90087e-04
 4.16315 2.97773e-03
 4.17543 9.96329e-04
 4.18770 2.00076e-03
 4.19997 2.00669e-03
 4.21224 2.01595e-03
 4.22451 1.01252e-03
 4.23679 1.01679e-03
 4.24906 2.03687e-03
 4.26133 2.04806e-03
 4.27360 5.13756e-03
 4.28587 0.00000e+00
 4.29815 2.07124e-03
 4.31042 3.12010e-03
 4.32269 2.08554e-03
 4.33496 1.04596e-03
 4.34723 1.05229e-03
 4.35950 1.05634e-03
 4.37178 4.23637e-03
 4.38405 1.06358e-03
 4.39632 0.00000e+00
 4.40859 5.36022e-03
 4.42086 1.07402e-03
 4.43314 2.16028e-03
 4.44541 1.08416e-03
 4.45768 1.08613e-03
 4.46995 1.08875e-03
 4.48222 1.09393e-03
 4.49450 1.09705e-03
 4.50677 3.30384e-03
 4.51904 0.00000e+00
 4.53131 0.00000e+00
 4.54358 2.22201e-03
 4.55585 1.11418e-03
 4.56813 2.23520e-03
 4.58040 0.00000e+00
 4.59267 4.49728e-03
 4.60494 4.50242e-03
 4.61721 2.25862e-03
 4.62949 0.00000e+00
 4.64176 2.26608e-03
 4.65403 0.00000e+00
 4.66630 0.00000e+00
 4.67857 1.13777e-03
 4.69085 1.13909e-03
 4.70312 1.13976e-03
 4.71539 0.00000e+00
 4.72766 4.56500e-03
 4.73993 3.42434e-03
 4.75220 1.14157e-03
 4.76448 1.14113e-03
 4.77675 0.00000e+00
 4.78902 0.00000e+00
 4.80129 2.27843e-03
 4.81356 0.00000e+00
 4.82584 5.68203e-03
 4.83811 1.13376e-03
 4.85038 1.13151e-03
 4.86265 5.65069e-03
 4.87492 2.25542e-03
 4.88720 2.24519e-03
 4.89947 4.48311e-03
 4.91174 1.11859e-03
 4.92401 2.22611e-03
 4.93628 3.32751e-03
 4.94855 2.20830e-03
 4.96083 1.10092e-03
 4.97310 1.09366e-03
 4.98537 2.17754e-03
 4.99764 2.16812e-03
 5.00991 3.23447e-03
 5.02219 2.14599e-03
 5.03446 1.06442e-03
 5.04673 2.11866e-03
 5.05900 4.21540e-03
 5.07127 2.09840e-03
 5.08355 1.03936e-03
 5.09582 4.12937e-03
 5.10809 2.05742e-03
 5.12036 1.01739e-03
 5.13263 5.06861e-03
 5.14490 1.00608e-03
 5.15718 0.00000e+00
 5.16945 0.00000e+00
 5.18172 2.94641e-03
 5.19399 2.92469e-03
 5.20626 2.90161e-03
 5.21854 1.91408e-03
 5.23081 0.00000e+00
 5.24308 2.82930e-03
 5.25535 9.39831e-04
 5.26762 4.64363e-03
 5.27990 4.61166e-03
 5.29217 3.65458e-03
 5.30444 9.09462e-04
 5.31671 1.79666e-03
 5.32898 1.77668e-03
 5.34125 1.77014e-03
 5.35353 1.75283e-03
 5.36580 8.69774e-04
 5.37807 0.00000e+00
 5.39034 2.56754e-03
 5.40261 1.69382e-03
 5.41489 2.53089e-03
 5.42716 3.35031e-03
 5.43943 0.00000e+00
 5.45170 8.26749e-04
 5.46397 1.63470e-03
 5.47625 2.43878e-03
 5.48852 2.41768e-03
 5.50079 8.03312e-04
 5.51306 1.58924e-03
 5.52533 7.89611e-04
 5.53760 7.86764e-04
 5.54988 3.12371e-03
 5.56215 7.78198e-04
 5.57442 7.71266e-04
 5.58669 7.70015e-04
 5.59896 1.52961e-03
 5.61124 7.60932e-04
 5.62351 0.00000e+00
 5.63578 2.26544e-03
 5.64805 7.53099e-04
 5.66032 7.50342e-04
 5.67260 2.23920e-03
 5.68487 1.48785e-03
 5.69714 7.41397e-04
 5.70941 2.95981e-03
 5.72168 2.95401e-03
 5.73395 0.00000e+00
 5.74623 3.68077e-03
 5.75850 5.88047e-03
 5.77077 7.34124e-04
 5.78304 7.33705e-04
 5.79531 2.20042e-03
 5.80759 2.93391e-03
 5.81986 2.20125e-03
 5.83213 1.46846e-03
 5.84440 1.47048e-03
 5.85667 5.88797e-03
 5.86895 0.00000e+00
 5.88122 2.21602e-03
 5.89349 1.48031e-03
 5.90576 2.22630e-03
 5.91803 2.98124e-03
 5.93030 2.99122e-03
 5.94258 3.00346e-03
 5.95485 0.00000e+00
 5.96712 3.03338e-03
 5.97939 2.28516e-03
 5.99166 7.64775e-04
 6.00394 0.00000e+00
 6.01621 2.32120e-03
 6.02848 3.12533e-03
 6.04075 7.84364e-04
 6.05302 7.94505e-04
 6.06530 8.00992e-04
 6.07757 0.00000e+00
 6.08984 1.62352e-03
 6.10211 1.63861e-03
 6.11438 8.30355e-04
 6.12665 1.66384e-03
 6.13893 1.68750e-03
 6.15120 8.48447e-04
 6.16347 2.58167e-03
 6.17574 2.62166e-03
 6.18801 3.53492e-03
 6.20029 2.66909e-03
 6.21256 0.00000e+00
 6.22483 1.83128e-03
 6.23710 1.85002e-03
 6.24937 3.76236e-03
 6.26165 9.59755e-04
 6.27392 1.92748e-03
 6.28619 9.83454e-04
 6.29846 0.00000e+00
 6.31073 2.03897e-03
 6.32300 1.02914e-03
 6.33528 4.20459e-03
 6.34755 2.13574e-03
 6.35982 1.09814e-03
 6.37209 0.00000e+00
 6.38436 1.12961e-03
 6.39664 1.15042e-03
 6.40891 1.18358e-03
 6.42118 2.39634e-03
 6.43345 0.00000e+00
 6.44572 0.00000e+00
 6.45800 0.00000e+00
 6.47027 1.28984e-03
 6.48254 2.67590e-03
 6.49481 5.44863e-03
 6.50708 1.40036e-03
 6.51935 2.85579e-03
 6.53163 1.46605e-03
 6.54390 1.49264e-03
 6.55617 1.54609e-03
 6.56844 4.72696e-03
 6.58071 1.60899e-03
 6.59299 0.00000e+00
 6.60526 1.72063e-03
 6.61753 3.46529e-03
 6.62980 3.57256e-03
 6.64207 1.83923e-03
 6.65435 0.00000e+00
 6.66662 3.87618e-03
 6.67889 4.03199e-03
 6.69116 0.00000e+00
 6.70343 0.00000e+00
 6.71570 0.00000e+00
 6.72798 2.23430e-03
 6.74025 2.33446e-03
 6.75252 2.39739e-03
 6.76479 2.49842e-03
 6.77706 2.54920e-03
