# npar = 1, n_ded = 0
#         weight            chi2        param[0]
#                                     alpha_topo
      2.02833769              -7       2.3344108
      1.54648032              -7      5.71504972
      1.75957907              -6      3.80048894
      1.91531054              -9      1.77880449
      1.76945394              -1      3.14763159
      1.87655233              -7      4.27903018
      1.90614696              -1      5.04853721
      2.69614327              -0      6.74020759
      1.74335178              -1      3.64543248
      1.76319724              -1      3.18667937
      1.57112771              -0      5.96776162
      1.81554054              -6      2.93664454
      1.76453621              -2      3.83339658
      2.04807022              -2      2.02300578
      1.89695878              -0      6.33388542
      1.81895184              -9      1.65852116
      1.76918605              -7      3.86151147
      1.98037765              -7       4.7701305
      1.75360955              -4      1.57605285
      1.74645362              -7      3.68595056
      1.96566952              -7      4.59774146
      1.91703851              -7      5.02555004
      2.05351764              -9      2.23453904
      1.71420512              -9      1.52154803
      1.79112822              -6      3.03659029
       1.5765143              -0      5.98064537
      1.73930786              -6      3.55446862
      1.72513194              -4      5.34111795
      1.83895528              -6      2.85475017
      1.76012824              -7      5.28872634
      2.05805794              -6      2.07060081
       1.9107889              -1      5.03893377
      1.87252197              -6      4.26621594
      1.55436842              -0      5.91837384
      1.97850327              -7      2.47392296
      1.91694279              -4      4.40809533
      1.60283336              -1      5.54879837
      1.92585958              -7      5.00560656
      1.77683259              -0      5.26377052
      1.96978157              -0      4.86463467
      1.95907292              -1      4.56527186
      1.54119946              -0      5.85102442
      1.72758955              -0      6.19229303
      1.93615521              -7      2.58149207
      2.10287898              -0       6.4643823
      1.75738361              -6      3.22774168
      1.79044046              -6      3.96919151
      2.02085693              -9     0.795698045
      1.74215523              -4      3.62610352
       1.7439956              -1      3.36012044
      2.25984396              -9      0.67974426
      1.63427807              -9      1.36968705
      1.54189423              -0      5.74473043
      1.96395222              -6       4.8917416
      1.96681499              -1      4.60393209
      1.75654218              -5       3.2341885
      1.72297661              -0      6.18764892
      1.78442584              -2      3.94131611
      2.02967706              -2      2.33005585
      1.96165219              -4      4.90107495
      1.54091733              -0      5.84850072
      1.77153026              -4      3.87488187
      1.59872811              -4      6.02572615
      2.06090968              -5      2.18133124
      1.75969565              -0      5.28937171
      1.93818514              -5      2.57633005
      1.74184722              -7      3.39476335
      1.55466424              -0       5.6781642
      1.86564801              -4      4.24423404
      1.91000698              -7      4.38545112
       1.7608167              -2      3.20283176
      1.77085558              -0       5.2727117
      1.74289754              -5      3.63843542
      1.63431472              -9      1.15347486
      1.69639683              -6      6.15962452
      1.73879489              -6      3.50299225
      1.60335508              -0      6.03395735
      1.76909837              -6      3.14973759
      1.75975979              -5      3.21028072
      1.81294047              -1       4.0622454
      1.96812372              -9     0.825783388
      1.78528241              -1      3.94538713
      1.96781088              -2      2.50127738
      1.78163298              -6      3.08168651
      2.06092626              -5      2.18114854
      1.96834956              -1      2.49990667
      1.97100736              -7      4.85804692
      1.75928055              -2      3.79838854
      1.75930765              -4      3.21352428
      2.76402146              -0      6.76659191
      1.66159349              -9      1.43384096
      2.01652888              -7      2.37069808
      1.54221269              -0      5.85917009
      1.74135811              -4      3.40423835
      1.81415875              -1      5.20714892
      1.85878428              -2      5.13549236
      1.53840354              -0      5.80707708
      1.70976978              -9      1.51500109
      1.86910956              -5      2.76169207
      1.82190953              -4      5.19511183
      1.75673759              -1      3.23267805
      1.74803463              -2      3.70336942
      1.79217581              -1       3.9769486
      2.05072363              -2      2.24886228
      1.89001247              -9      1.74625296
      1.82492577              -9      1.66585103
      1.74727927              -4      3.69525143
      1.70239316              -5      1.03858735
      2.16092198              -0      6.49649128
      2.78414287              -0      6.77427338
      2.23841488              -9     0.689116102
      1.74285424              -1      3.37738658
      1.66245954              -0      6.11998307
      1.96345246              -7      4.89382233
      1.77245632              -0      5.27031884
       1.8690059              -2      2.76199427
      1.75045218              -7      3.28629641
      1.68289481              -7      5.40625455
      1.62779497              -9      1.17273702
      1.65692065              -9      1.10487816
      1.54095713              -0      5.75288696
       1.7775284              -6      3.90710704
      1.73963109              -7      3.44866555
      1.73908151              -4      3.54290874
      1.97023378              -0      6.38392139
      1.61688033              -9      1.22487542
        1.652489              -9      1.11305934
      1.96892688              -5      2.49843695
      1.89755898              -1      2.68212579
      1.97858241              -2      4.80051703
      1.73146489              -9      1.54613004
      1.59758821              -0      5.56000518
      1.77951031              -9      1.60947575
      2.34489592              -9     0.644037175
      1.76456194              -0      5.28211061
      1.66006027              -9       1.4307908
      1.84420179              -4      2.83771348
      1.99454142              -9     0.810440103
      1.75128801              -7      3.73501377
      1.91732507              -4      4.40935569
      1.89971846              -9      1.75859541
      2.00084492              -5      2.41496028
      2.01144287              -2      2.38543458
      2.18509422              -0       6.5094083
      1.54069087              -0      5.84637083
      1.68150539              -0      5.40846316
      2.06038064              -7      2.08841043
      1.53836539              -0        5.801402
       2.0153898              -9      2.37403699
       1.8142728              -4      4.06733775
      1.80287988              -7      4.02245508
      2.50971811              -0      6.66348949
      1.88317806              -1       2.7215686
       1.8900713              -1      4.32182894
      2.03906053              -5      1.99348176
      1.74076369              -2      3.59852509
      1.72554721              -0      6.19024426
      1.58195164              -0      5.59618162
      1.63693563              -9      1.37725402
      1.85373757              -1      2.80773464
      1.96569992              -6      4.59790317
      1.69418634              -0      5.38849384
      1.53844418              -0      5.79288474
      1.77810462              -1      3.91007124
      1.94395075              -5      4.50263001
      1.55905166              -0      5.93413272
      1.74176671              -7       3.3962683
       1.6727844              -9      1.07877032
      1.56129279              -0      5.94101953
      1.78784962              -2      3.95738131
      1.94746738              -0       4.9490813
      1.79762456              -4      3.00805961
      1.77481332              -4      3.11724957
      1.74191142              -1      3.39357745
      1.75389691              -2      3.25551298
      1.58701685              -0      5.58393387
      1.76004413              -4      3.80373136
      1.68401476              -1      6.14572958
      1.83074657              -1      5.18121494
       1.8766137              -5      2.74007861
      2.21327955              -9     0.700322335
      1.64676471              -9      1.12440622
      1.75423766              -6      3.25266727
      1.96653205              -7      4.60238381
      1.93106558              -0      4.99313751
      1.54258072              -0      5.86185224
      1.76805187              -0       5.2769003
      2.32478401              -9     0.652279642
       1.8511798              -5      1.69802087
      1.84192091              -9     0.909063567
       1.7772235              -2      5.26318507
       1.7382603              -0       5.3213881
      1.79734429              -5      3.00925707
      1.95648508              -1      4.55363462
      2.19527143              -9     0.708500625
      2.00066697              -9      1.90726577
      1.96993657              -9     0.824711827
      2.13613537              -4      6.48297607
      1.75655714              -1      3.23407256
      1.85797528              -5      2.79478052
      1.92587036              -1      4.43795829
      1.84051007              -1      4.16139052
      1.75667447              -7      3.77936198
      1.76118119              -2      3.81151348
       1.7729996              -2      3.12726215
      1.96569803              -7      2.50664801
      2.33496552              -9     0.648092236
       1.7977683              -2      3.00744659
      1.66557455              -0       6.1238405
      1.54797801              -0      5.70728707
      2.32397001              -0      6.57925657
      1.94451104              -0      4.95769344
      2.02988048              -9     0.790757744
      1.74920965              -9      1.57022458
      1.93216317              -4      4.99043167
       2.1919262              -5     0.710034161
      1.77514897              -2      3.11542439
      1.61214659              -0      5.52976966
      1.97312423              -9     0.822834505
      1.84958616              -1      4.19187762
       1.5446847              -1      5.87530089
      1.75606641              -7      3.77472693
      1.71605526              -1      6.18056586
      1.77121797              -0      6.23358214
      1.70069693              -0      6.16431641
       2.4962558              -9      0.58539959
      1.92914851              -9     0.849553408
      1.83622689              -5      1.67969492
      2.43309772              -9     0.609189778
      1.75183528              -4      3.27345627
      1.95260892              -7       4.9331496
       1.8831754              -1      5.09277075
      1.69093319              -0      5.39357841
      1.64084435              -0      6.09169778
      1.57850452              -0      5.60487349
      2.21053768              -7      6.52274032
      1.82526111              -0      5.18986453
      1.74795302              -5      3.31158791
      1.65632437              -9      1.42316482
      1.97661448              -4      4.82021535
      1.74708842              -6      3.32112313
      1.73879902              -4      3.51452645
      1.83815488              -6       2.8573861
      1.88416912              -6      2.71880365
      1.64104021              -9       1.1368661
      1.56839377              -7      5.63249728
      2.38344393              -9     0.628557179
      1.92887892              -9     0.849723009
      1.93338954              -1      4.46399962
      1.91775166              -4      4.41076382
      1.82791973              -6      4.11756253
      1.82444546              -1      4.10508045
      1.91888965              -0      4.41452936
      1.57243055              -0      5.97097262
      1.67204462              -9      1.45359314
      1.97068699              -1       4.8598079
      1.84229493              -4      2.84385814
      1.74849504              -4      3.70815462
      1.61489842              -9      1.26196032
      1.71543508              -0      5.35580365
      1.96290249              -9      1.84514514
      1.88335795              -4      4.30059211
      1.77471744              -0      5.26693676
       1.6852825              -9      1.06074409
      1.74138688              -6        3.611793
      1.96581302              -0      4.59850602
      1.97918416              -0      4.70098536
      1.98064762              -4      4.73478655
      1.90043335              -5     0.868065298
       1.9075584              -2      4.37754254
      1.75837745              -7      3.79193971
      1.69001798              -9      1.05435482
      1.74456215              -7      3.35225272
      2.03683298              -5      1.98710991
      1.89933159              -4      4.35120593
      1.89317369              -7      2.69400687
      1.66464631              -9      1.43978887
      1.83535317              -5      2.86669365
      1.75792165              -5      3.22369509
      1.76343947              -1      3.18508061
      2.03133646              -0      6.42236985
      1.80397331              -1       4.0269047
      1.54673691              -1      5.71367369
      1.74145353              -6      3.40232382
      2.24890872              -0      6.54236734
      1.66319086              -9      1.43697326
      1.93788755              -7      2.57708635
      1.96304493              -5       2.5133809
      1.90043283              -7      1.75951033
       1.5567482              -0      5.92664085
      1.96875257              -2      4.86987849
      1.93098662              -0      4.45556984
      1.87601193              -9     0.884587774
      1.84422883              -9     0.907348485
      1.81972526              -1      4.08780416
      1.98068315              -1       4.7368169
      1.87586106              -4      4.27683535
      2.05734167              -4      2.21137667
      1.90151473              -1      5.05786735
      1.53974861              -0      5.83610711
      1.54543878              -1      5.87954563
      1.69458035              -9      1.49168109
      1.92916884              -7       4.4492632
      1.54732965              -0      5.88926731
      1.73990201              -4      3.43976901
      1.89999321              -4      2.67558085
      1.76748433              -2      5.27774785
      1.62084049              -9      1.20018355
      1.84789511              -2      4.18625583
      1.91963643              -0      6.34989455
      1.75565974              -9      1.57875148
      1.79110942              -0      6.25106067
      1.76439144              -9      1.59013324
       1.7600852              -0      6.22345915
      1.85032522              -4       4.1943269
      1.79043073              -0      5.24333631
      1.74472031              -4      3.35012564
      1.74426526              -6      3.35632526
      1.94463318              -1      4.50523538
      1.70098781              -9      1.04031675
      1.61946726              -9      1.31213204
      1.76966207              -6      3.14640443
      1.74212035              -2      3.38979995
      1.67069302              -0      5.42585079
      1.60853528              -0      5.53702773
         2.00175              -9      1.90926235
      1.73071414              -1      5.33271094
      1.54241967              -1      5.74062146
      1.91976736              -1      4.41744298
      1.66628239              -9       1.0889554
      1.73943671              -6      3.55990826
      1.79271571              -9      1.62607409
      1.66304114              -9      1.09428329
      1.86501615              -4      4.24220343
       1.8169364              -4      4.07740844
      1.96834744              -7       4.8718795
      1.62464723              -9      1.33693132
      1.69746246              -0      6.16079338
      1.93979208              -4      2.57224862
      1.55825934              -0      5.93160661
      2.06248904              -9      2.15821378
      1.53986092              -1      5.76459217
      2.06230203              -2      2.16202443
      1.78558011              -0      6.24627623
       1.6441301              -9      1.12998317
      1.92567777              -9      1.79256755
      2.04925897              -5      2.25580207
      1.73890435              -6      3.52994295
      1.76282056              -2      3.18918128
      1.54129975              -0      5.85189056
      1.97554736              -6       4.8288553
      1.53892346              -0      5.82343948
      1.97147629              -5      2.49193727
      1.75313339              -1      3.26200737
      1.53837812              -0      5.79789464
      1.90824635              -5      1.76958314
      1.63218214              -0      5.49173944
      1.55480231              -0      5.91992601
      1.88785641              -1      4.31482161
      1.98848974              -0      6.39568771
      1.75361894              -9     0.983301069
      1.66310577              -0      6.12078743
      1.74865643              -7      3.30415559
      1.75254883              -7     0.984334242
       1.7592672              -9      1.58347496
      1.74535192              -2      3.34189966
      2.15273771              -0      6.49205973
       1.6149248              -9      1.25433484
      2.19678816              -9      0.70780682
      1.63485184              -9      1.37135962
      1.96042917              -1      4.90580561
      1.61543996              -9      1.27745706
      2.45771079              -0      6.64079364
      2.01497842              -5      2.37523709
      1.74360713              -7      3.36576377
      1.70904682              -0      6.17324554
      1.54153603              -0      5.85387362
      1.77948697              -7      3.09255143
      1.94740753              -1      4.94925929
      2.09293662              -9     0.757686987
      1.83839984              -1      4.15418132
      1.73974212              -4        3.570944
      1.88676474              -1      4.31136862
      1.63952745              -9      1.38423713
      1.80728453              -0      6.26475216
      1.58018786              -0      5.98889764
      1.87168891              -1      4.26356133
      1.88932289              -9      1.74538186
      1.76645437              -1      3.84527515
       1.8786333              -0      5.10100007
       1.6455986              -5      1.39938429
      1.94881969              -2      2.54937823
       1.9187373              -4      4.41402444
      1.60547958              -0      6.03763456
      1.55305743              -0      5.68454468
      1.82019425              -9     0.925677004
       1.7613154              -2      3.19937868
      1.89002492              -9      1.74626869
      1.64892229              -0      6.10260224
       1.5611111              -0      5.94047451
      1.87613098              -4      4.27769251
      2.04211162              -9     0.784149401
      1.80833164              -7      2.96426589
      1.54074668              -0      5.75490962
      1.60079915              -0      6.02944958
      1.74943204              -2      3.29625924
      2.40161181              -0      6.61557338
      1.95787587              -4      2.52647311
      1.73888451              -6       3.5279725
      1.84411079              -7      2.83800552
      1.67706908              -0      5.41555284
      1.99420065              -5         2.43286
       1.6794868              -0       6.1404953
      1.63870144              -9      1.14236021
      1.85548781              -9      1.70331327
      1.90096445              -0      6.33675057
      1.86575528              -5      2.77152463
      1.59139731              -0      6.01198263
      1.89918669              -5      2.67774553
      1.64330868              -0      5.47191299
      1.99299276              -2      2.43607441
       1.7396888              -5      3.56916183
      1.65913398              -9      1.10095975
      1.96498214              -1      4.59412029
      2.01152864              -9      1.92808901
      1.97882136              -7      4.79757585
      1.98139627              -9      1.87401685
      1.84769903              -9     0.904786529
      1.99807574              -9     0.808429987
      1.65328902              -9      1.41674483
      2.06269915              -5      2.12066528
      1.80438635              -0      5.22215755
      1.78184696              -7      3.08061822
      2.42344541              -0      6.62548475
      1.92950496              -2      1.79772677
       1.6207981              -9      1.31943607
      2.30438992              -0      6.56981346
      1.66827114              -9        1.446653
      1.61539109              -9      1.27662982
      2.29137073              -0      6.56346642
      1.87620405              -9      1.72893297
       1.7479427              -4      3.31169904
      1.80504952              -7      2.97731029
      2.01779495              -5      2.36695859
      1.73718013              -9      0.99966207
      1.74542061              -7      3.34102926
      1.73150958              -0      6.19619337
       1.7854156              -1      3.06317707
      1.77794339              -9     0.960850362
      2.51041233              -0      6.66378825
      1.64920359              -0      6.10297434
      2.03100425              -9      0.79014641
      1.83043745              -1      4.12649446
      1.89329293              -1      4.33202994
      1.85431476              -9     0.899956915
      1.78075186              -2      3.08611387
      1.54468072              -0      5.72535921
      1.87341265              -7      4.26905172
      1.92503453              -7      4.43511968
      1.73945798              -9      1.55711011
      1.94983941              -2      2.54679888
       2.3943991              -0      6.61227136
      1.84468439              -1      4.17551114
      1.60354231              -0      6.03428391
      2.16498284              -0      6.49867903
      1.97550562              -9     0.821437681
      1.64905426              -9      1.40740021
      1.62258959              -9      1.32810419
      1.54914327              -1      5.70164188
      1.95042851              -9      1.82685415
      1.75657498              -9      1.57995281
      1.89523746              -0       6.3326491
      1.85307094              -1      4.20338761
      1.74055991              -1      3.59373887
      1.63885326              -0      5.47975958
      1.88822521              -5      4.31598821
      1.94369153              -4      1.81728705
       1.8091446              -6      4.04752222
      1.82875914              -4      2.88912546
      1.61687751              -9      1.29395012
      1.76734311              -2      3.16031921
      1.63203382              -0      5.49200917
      1.64157145              -0      5.47495862
      1.75010214              -9     0.986712327
      2.06222868              -5      2.16337522
      1.81033769              -4      2.95644294
       1.5384093              -4      5.80749959
      1.81861173              -6      2.92526749
      1.80452085              -4       5.2219521
      1.96638358              -4      4.60157652
      1.90168402              -6      5.05753054
      1.65918448              -9      1.10087154
      1.79683613              -4      3.99722545
      1.91613927              -5      1.77989414
      1.89133551              -9     0.874131092
      1.69693467              -9      1.49539774
      1.77865315              -6      3.91287356
      1.54989037              -0      5.90088542
      1.56206555              -0      5.94331304
      1.93789424              -0      4.97580575
      1.61503253              -9      1.26857309
      1.97743158              -4       4.6794521
       1.6224046              -9      1.19297335
      1.74402225              -2      5.31276695
       1.5628599              -0      5.94563081
      1.93140708              -7      2.59359834
      1.88064232              -0      5.09737779
      2.38480757              -9     0.628016917
      1.97375293              -7      4.64758094
      1.81109962              -0      6.26791851
      1.92799432              -5      2.60233259
      1.90723782              -7      4.37650987
      1.74099371              -1       3.6036383
      2.06282731              -4      2.14863863
      1.54254979              -0      5.86163154
      2.49687845              -9     0.585169438
      2.05319354              -2      2.23628763
      1.82331059              -4      2.90826867
      1.87719753              -6      2.73841799
      2.02511344              -4      1.95734849
      2.54172433              -0       6.6771539
      2.00374897              -2      1.91299048
      1.56113571              -0      5.65504129
      1.88696725              -7      5.08578665
       1.7393134              -2      3.55471555
      1.85442775              -0      5.14279427
      1.72816105              -9      1.54152304
      1.61808066              -9      1.21583942
      1.76959885              -0      6.23212579
       1.7491522              -5      3.29907424
      1.77921202              -2       3.0939639
      2.02697717              -0      6.41971134
      1.76863456              -4      3.85829328
      1.73879477              -1      3.51298239
      1.80904476              -5      2.96147232
      1.61799337              -0      5.51830653
      1.67238379              -0       5.4231069
      1.76800079              -1      5.27697659
      1.99415594              -5      1.89557984
      1.55411225              -0      5.91744727
      1.75143914              -9      1.57318429
      1.74270292              -1      3.37984839
      1.54759787              -0      5.89055785
      2.05916023              -5      2.07833992
      1.85578554              -1      4.21228937
      1.78746002              -1      3.05348474
      2.16697355              -9      0.72162057
      1.53838632              -0      5.80557069
      1.77481236              -4      1.60350907
      1.84073725              -2      4.16216368
      1.63346088              -0      5.48942029
      1.79094216              -2      3.03743273
      1.86402993              -0      5.12658321
      1.70085489              -5      1.50149823
      1.92499398              -9      0.85217557
      1.76047626              -4      3.80671268
      1.53882215              -0      5.82133252
      1.91558087              -5      2.63440334
       1.8718631              -7      2.75370169
      1.81679525              -0      5.20306882
      1.74181864              -5      3.62006147
      1.89687778              -4      2.68396361
       1.8659294              -2      2.77101145
      1.76476347              -7      3.83482629
      1.83041061              -1      4.12639971
      1.79868807              -2      4.00507643
      1.90317565              -4      4.36347322
      2.03470864              -4      2.31311178
      1.55701086              -0      5.66935512
      1.95375038              -5      1.83164744
      1.89821117              -4      2.68036885
      1.96280483              -4      4.89647369
      2.43352591              -0      6.63001907
      1.75018203              -4      3.28889114
      2.14285716              -0      6.48666917
      1.61631515              -9      1.23010921
      1.81408776              -4      5.20725858
      1.79974478              -7      2.99909135
      1.81141479              -1      4.05636684
      1.93465423              -1      4.98418122
      1.54121621              -0      5.85117011
      2.15102077              -0      6.49112623
      2.03295907              -5      1.97664796
      1.53910736              -0      5.82681987
      1.81308097              -4      2.94591856
      2.02377308              -4      2.34884572
      1.62891527              -4       1.3527615
      1.73510523              -5      1.55115869
      1.71555009              -0       6.1800433
      1.57080921              -4      5.96696666
      1.97390429              -2      4.84053819
      1.81118034              -1      4.05545892
      1.59179631              -4      6.01275515
      1.80409627              -2      2.98115864
       1.8055127              -7      4.03311404
       1.7527844              -6      3.26503289
      2.00988195              -4      2.38987479
      1.76253305              -4      3.19110406
        1.824211              -5      1.66497464
      1.82768291              -4      2.89286109
      1.67264542              -1      5.42268317
       1.8587272              -1       2.7925039
      1.98508359              -5      2.45687705
      1.86565199              -0      6.31089536
      1.89095976              -5      2.70005171
      1.94592021              -7      4.51019291
      1.75126074              -1      3.27870379
      1.60092552              -2      5.55282988
      2.35258419              -9     0.640917013
      1.73879382              -1      3.51256968
      1.97117078              -4      4.85713723
      1.70740363              -9      1.03253655
      1.75717719              -0      5.29312877
      1.75797903              -9      1.58179182
      1.62542023              -9      1.34001253
       1.7462049              -6      3.68305092
      1.78322439              -0      6.24422095
       1.5751505              -0      5.61365154
      1.71259016              -9       1.5191764
      1.73890831              -7        3.530316
      1.66957657              -4       1.0837165
      1.96942197              -1      2.49717598
      1.84639511              -9      2.83070995
      2.05178921              -9      2.24358682
      1.56579242              -7      5.64025667
      1.61505327              -5      1.26921541
      1.61495776              -9      1.26576055
      1.74235254              -1      3.38573727
      1.54154252              -0      5.74765037
      1.73900051              -4      3.53769379
      1.82912716              -7      5.18377677
      1.81625862              -5      2.93396468
       2.0583103              -5      2.07228661
      1.98040591              -2      4.72543346
      1.81310948              -4      2.94581019
      1.74781409              -4      3.31308893
      1.65810837              -2       5.4466075
      1.74048185              -7      3.59183249
      1.59230699              -0      6.01373953
      1.74445686              -4      3.35368473
      1.73879064              -7      3.51074999
      1.76444444              -6      3.17852979
      1.74052268              -6        3.592835
      1.84262328              -2      2.84279631
      2.00241691              -9      1.91049985
      1.98058357              -1      4.73176782
      1.95624869              -7      4.92097423
      1.77317686              -5      3.12627206
      1.83167753              -4      6.28461328
      1.77778264              -7      3.90841753
      1.88336886              -2      4.30062663
      1.87995177              -2      2.73062241
      1.78852156              -0      6.24882828
      1.64911097              -2      1.40752864
      1.60008562              -0      5.55462056
      1.95469528              -0      4.92627423
      1.74461356              -2      3.35155817
      1.75235964              -5      3.74450472
      1.96207028              -5      1.84389879
      1.75987195              -7      3.80253505
      1.86080262              -7      4.22861021
      1.76220549              -7      3.19330881
      1.94247285              -4      2.56544818
      1.92336174              -4      5.01139381
      1.66375811              -9      1.43807489
      2.05697348              -2      2.21386785
      1.75518182              -0      5.29610554
      1.61533717              -9      1.27566968
      2.14123215              -9     0.733859776
      1.61626863              -7      1.28811511
      2.31321343              -7      6.57408389
      2.19855666              -0       6.5164952
      1.54025759              -0      5.75998078
      1.81551229              -4      4.07204193
      1.74663271              -4      3.32634784
      1.82664661              -9      1.66796041
      1.55434951              -0       5.9183057
       1.7890252              -0      5.24545612
      1.74486343              -7      3.34822496
      1.79934481              -9     0.942506647
      1.74814463              -7      3.30953602
      1.98049106              -7      4.72821322
      1.86966353              -0      6.31390316
      1.66337695              -5      1.43733527
      1.96699761              -1      4.60493844
      2.05782145              -5      2.20801532
      1.89730243              -1      5.06615353
      2.05554515              -1       2.0557901
      1.55065606              -0      5.90409571
       1.7522818              -1      3.26945678
      1.61935315              -9      1.31146032
      2.61077463              -4     0.544369534
      1.90899953              -5      2.65164647
      1.61887806              -9      1.30856932
      2.55716356              -0       6.6836671
      1.61521597              -9      1.27327733
      1.82600175              -7      2.89874069
      1.62293989              -9      1.32968058
      1.83341793              -2      2.87319838
       1.6384367              -9      1.38134169
      1.91011709              -4       1.7720139
      1.90531908              -1      2.66137657
      1.80430968              -5      2.98029465
      1.97604138              -4      4.82498097
      1.85615336              -2      1.70413169
      1.90585311              -0      5.04913629
      1.81049106              -9      1.64811258
      1.73878903              -5      3.50889592
      1.61894798              -0       5.5164662
      1.76265537              -7      3.82131605
      2.65229093              -0        6.722752
       1.6571234              -9      1.42482023
      1.91685951              -1      2.63107453
       1.9719152              -2      4.85288887
      1.75419564              -4      3.75993023
      1.69163527              -9      1.05222101
      2.05215705              -2      2.24171564
      1.62645774              -0      6.07110489
      1.87554922              -7      4.27584488
      1.92162105              -4      5.01535866
      1.78959025              -4      3.04359932
      1.75344006              -7      3.75370011
      1.92708355              -4      5.00272638
      1.90190257              -1      5.05709523
      1.54972827              -0      5.90019189
      1.54541948              -0      5.72097471
      1.74004618              -7      3.43547581
      1.93813866              -7      4.48101686
      1.90405011              -4      4.36627256
      2.05211133              -4      2.24194968
      1.85682971              -1      4.21569954
      1.99054842              -2      2.44254669
       1.8353595              -2      2.86667249
      1.97277733              -0      4.64054998
      1.97859595              -4      4.69286918
      1.57414647              -1      5.97510626
      1.62318986              -9      1.33078539
       1.8216414              -0      5.19553046
        1.539285              -0      5.77254711
      1.80289109              -5       2.9860642
      1.82803823              -6      4.11798503
      1.81896648              -7      4.08499022
      1.92058979              -4      5.01768249
      1.91981116              -7       2.6234142
      1.96993197              -1      4.62197456
       1.8383219              -9     0.911756355
      1.54240512              -7      5.74073161
      1.79856841              -7      4.00457248
      1.75089148              -6      3.73139893
      1.64639664              -0      5.46654106
      1.80403531              -9      1.64014025
      1.76078006              -7      3.80879106
      2.05897575              -6      2.19927606
      1.98221437              -5      2.46433441
      1.96163152              -0      4.90115613
      1.91352282              -2      2.63977525
      1.67830802              -0      5.41356695
      2.06294698              -5      2.13121451
      1.74391251              -6      3.65360281
      1.61548738              -9      1.24027912
      1.74718781              -4      3.32000269
      1.85480767              -5      2.80444328
      1.78225015              -9     0.957062245
       1.6469476              -0      5.46558803
      1.95086631              -7      4.93869967
      1.62202076              -9      1.19466576
      1.74357691              -6      3.64877029
      1.61555427              -9      1.23926063
      1.86354501              -0      5.12741244
      1.55203249              -0      5.68878802
      1.85879892              -1      2.79228711
      1.98046528              -1      4.72733202
      1.54625955              -0      5.88391089
        1.617652              -9      1.21882849
      2.05494257              -5      2.05264386
       1.6159028              -9      1.23463536
      1.56837012              -0      5.63256641
      1.61877775              -1      1.30793784
      1.75912093              -6      3.21487415
      1.85059855              -5      2.81747139
      1.61578791              -9       1.2825231
      1.73878916              -1      3.50916745
      1.79150012              -6      3.97394231
      1.58863998              -0      5.58012648
      1.97634981              -2      4.82245566
      1.75437484              -9      1.57706142
      1.90424437              -1      4.36689492
        1.759886              -2      3.20938157
      2.01826268              -7       2.3655692
       1.9600156              -4      4.56964218
       1.6226747              -9       1.3284903
      1.68384309              -9      1.06273027
      2.06297939              -4      2.13707053
      1.83454453              -4      2.86940398
      1.62670811              -9      1.17640355
      1.91703175              -5      1.78106955
      1.76747794              -7      3.85144754
      1.63877196              -0      6.08882869
      2.05494578              -2      2.05266029
      2.00186116              -5      2.41218605
       2.0608974              -9      2.09340869
      1.83113727              -0      5.18059579
      1.84602124              -1      2.83189902
      1.86122043              -1      2.78500053
       1.6700178              -9      1.08302738
       1.8414903              -4      4.16472265
      1.94376236              -2      1.81738661
      1.60050814              -0       5.5537185
      1.54097711              -0      5.75269917
      1.96405585              -4      4.89130624
      1.63001346              -9      1.35644668
      1.85831038              -5      2.79376514
      1.77272267              -2      3.88150319
      2.06278694              -5      2.12339723
      1.95244521              -7      4.93367815
      2.01736709              -2      2.36822577
      1.72920601              -0      5.33497933
       1.7406985              -7      3.41857884
      1.70691547              -9      1.03311842
      1.55592956              -7      5.67334553
      2.72274199              -1      6.75063555
      1.76258064              -4      3.19078498
      2.03779004              -1       1.9898126
      1.79170682              -7      3.97486381
      1.67293003              -9      1.07854919
      1.89547799              -2      5.06968829
      1.77286273              -9      1.60102201
      1.83554928              -9       0.9138463
      1.73919463              -6      3.46683963
      1.80804205              -4      4.04318286
      1.71841825              -9      1.52767296
      1.83234338              -7      4.13319647
      1.75968424              -5      1.58401904
      1.95232334              -5      2.54051712
      1.54756872              -7      5.70934698
      1.57789854              -0      5.98380132
      1.74013931              -4      3.43283224
      1.73677976              -9       1.5534559
      1.54197294              -0      5.74409668
      1.97000426              -6      4.62241779
      1.53857596              -0      5.81490359
      1.99980272              -1      1.90568386
      2.06193104              -4      2.16828704
      1.74719062              -7      3.69427521
      1.73229646              -1      6.19697131
      2.10730377              -9     0.750473765
      1.70528535              -9      1.03507327
      1.53871368              -0      5.78362385
      1.82311861              -2      4.10026253
      1.78314113              -7      3.07421264
      1.55693594              -0      5.92726894
      1.78630662              -7      5.24955064
      1.73066036              -0      6.19535195
      1.70998581              -5      1.51532244
      1.86559838              -7      5.12389283
      1.97974526              -5      2.47072055
      1.68005289              -5      1.06806589
      1.71745283              -0      5.35273805
      1.90838772              -0      6.34201719
      1.76242673              -6      3.19181802
      1.75345985              -4       5.2986747
      1.63453623              -5      1.37044239
      1.70954326              -9      1.51466385
      1.69297707              -4      5.39038102
      1.93812494              -5      2.57648304
      1.66875254              -4      5.42901218
       1.7421817              -7       3.6265656
      1.74045093              -1      3.42459018
      1.87831016              -7      5.10158016
      1.86761232              -4      4.25053508
      1.65353863              -5      1.11107831
      1.54056868              -7      5.75668995
      1.89813827              -7      5.06452346
      1.91267765              -4      2.64198645
      1.79282336              -2      3.02898295
      1.64947928              -9      1.11890421
      1.74226675              -4      3.38722265
      1.67958648              -0      5.41152259
      1.74141267              -7       3.6123055
      1.72741368              -0      5.33767791
      1.95275391              -7      4.53764257
      1.87708613              -0      6.31941908
       2.5065002              -9     0.581623333
       1.9708585              -1       4.8588688
      1.74935948              -9     0.987438606
      1.56480329              -0      5.64329444
      1.97795218              -7      2.47534194
      1.74499569              -4      3.66819998
      2.63429081              -9     0.536244077
       1.8526706              -6      2.81103035
      1.88082125              -9      1.73469741
       1.5409737              -0      5.75273116
      1.75761559              -7      3.78638323
      1.79629038              -4       3.9948903
      1.84335093              -2      2.84044876
      1.86965098              -6      2.76011529
      1.79110351              -1      3.03670211
      1.75626974              -2      3.77628584
      1.78282619              -2      3.07576277
       1.9356751              -5      2.58271406
      1.66987584              -2      1.08324877
       1.7410384              -7      3.41092612
       1.5384121              -0      5.80769521
      1.87453221              -9     0.885614264
      1.77633492              -4      3.10904197
      1.89884292              -9      1.75747536
      1.78392524              -6      3.07037698
      1.75153786              -2      3.73726199
      1.89980682              -1      6.33592424
        2.053406              -4      2.23514427
      2.00947211              -2      1.92399955
      2.01144959              -5      2.38541536
      1.64347416              -9      1.39425346
      1.94197638              -0      6.36518968
      1.95449659              -2      4.54500762
      2.05946678              -5      2.08069158
      2.06881956              -9     0.770052092
      1.76410998              -6      3.83069831
      1.78987571              -0      5.24417363
      2.23093628              -0      6.53324356
      1.54011366              -0      5.76159323
      2.51187173              -9     0.579652083
      1.98991546              -5      1.88823381
      1.75684711              -7      3.23183501
      1.77490271              -2      3.89332222
      2.05340133              -9      2.04511135
      1.71171781              -9      1.51788958
      1.97661105              -0      4.82024484
      1.67501148              -9       1.0754197
      2.03412302              -5      1.97971627
      1.82940915              -2      4.12285751
      1.76037998              -0      6.22373056
      1.57261118              -4      5.97141277
      1.76945081              -0      5.27481072
      1.75738709              -7      3.78469492
      1.67744296              -0      6.13810397
      1.54629636              -1      5.71604915
      1.74121555              -4      3.40716613
       1.7557965              -7      3.77264346
      1.66275087              -9      1.09476939
      1.79883325              -5       3.0029277
      2.05996134              -9      2.08472009
      1.89041716              -4      4.32292349
      1.99278312              -7      2.43663118
      1.94098655              -2      4.49148573
      1.96836671              -9      0.82563959
      2.05037254              -6      2.03194856
      1.61832663              -0      6.05868403
      1.72291686              -0      6.18758838
      1.62644617              -9      1.34393983
      2.37280553              -9     0.632788924
      1.95954939              -9      1.84014743
      1.81543713              -2      2.93703149
      1.79589168              -1      3.99317801
      1.70884068              -0        5.365864
      2.01690804              -0      6.41352354
      1.98064902              -0      4.73486053
      2.40602422              -9     0.619673083
      2.03118367              -4      2.32508393
      1.87627998              -7      5.10520909
       1.7595784              -1      3.21157779
      1.74124135              -4      3.40662998
      1.71523001              -9      1.52304614
      1.54452485              -1      5.72631552
      1.75882575              -4      1.58289859
      1.75484683              -1      3.24765655
      1.82815837              -1      4.11841311
      1.83960391              -5      2.85262139
      1.88432116              -5      2.71838012
      1.87289192              -7      2.75073427
      1.98076897              -4      4.74789601
      1.66561337              -9       1.4416403
      1.74351099              -7      3.36719506
       1.9245957              -7      2.61106252
      1.74757245              -1      3.69844383
       1.8116034              -1      2.95156283
      1.54206413              -0       5.8580506
      1.97869313              -7      2.47343382
       1.8366318              -4      2.86243013
      1.86061048              -1      5.13240581
      1.74119381              -7       3.6078725
        1.811757              -0      6.26846178
      2.28408862              -0       6.5598919
       1.8455802              -4      2.83330419
      2.06269172              -5      2.12045529
        1.817169              -4      4.07828115
      2.39105138              -0      6.61073396
       1.8629731              -1      5.12838893
      1.76056907              -5       3.2045608
      1.74278453              -1      1.56161629
      1.83239921              -5      2.87664821
      1.73972847              -2      3.57049288
      1.83497855              -1      4.14238315
      1.62934953              -0      5.49691771
      1.76712265              -5      3.16167088
      1.87705549              -7      5.10382602
      1.82611224              -5      2.89835259
      2.00912644              -7      2.39201134
      1.94765189              -6      2.55233275
      2.06058112              -7      2.09028311
