10 1
0.24848576
1 -1 1 1
         5.896789702 
   0.567784430527175 
0.10727077
1 -1 1 1
         4.033691512 
    1.20364317245905 
0.085473056
1 -1 1 1
         3.371189797 
    1.18639469644788 
0
1 -1 1 1
                   0 
                   0 
0.11449502
1 -1 1 1
         3.783291949 
    1.23733049723075 
0.092173261
1 -1 1 1
         2.352221207 
   0.814412694727536 
0.051759866
1 -1 1 1
         3.698613245 
   0.896282511803032 
0.11368669
1 -1 1 1
         3.842170627 
     1.2331414588584 
0
1 -1 1 1
                   0 
                   0 
0.18665558
1 -1 1 1
         1.177194663 
   0.464064639796842 
